0 0.255640625 0.567125 0.08246875000000001 0.19906944444444447
0 0.17838281250000002 0.44598611111111114 0.0651015625 0.17901388888888886
0 0.247828125 0.39737500000000003 0.0460078125 0.16820833333333332
0 0.26953125 0.32716666666666666 0.06684375000000001 0.1512361111111111
0 0.29296875 0.28394444444444444 0.0651015625 0.17283333333333334
0 0.40494531250000004 0.5231527777777778 0.0633671875 0.17593055555555556
0 0.41666406250000004 0.36727777777777776 0.0520859375 0.14505555555555555
2 0.1631953125 0.30093055555555553 0.017359375 0.1388888888888889
2 0.14453125 0.3441388888888889 0.01996875 0.1327222222222222
2 0.12630468749999998 0.3935138888888889 0.01996875 0.14197222222222222
2 0.10416406250000002 0.442125 0.024304687499999998 0.14043055555555556
2 0.0811640625 0.49227777777777776 0.01996875 0.14197222222222222
2 0.0538203125 0.5370416666666666 0.026039062499999998 0.14505555555555555
2 0.02734375 0.5972222222222222 0.0234375 0.15740277777777778
2 0.009984375 0.6419722222222223 0.013023437500000002 0.1605