0 0.2606015625 0.5426527777777778 0.0747734375 0.2043611111111111
0 0.2511171875 0.41468055555555555 0.0691953125 0.16269444444444445
0 0.322546875 0.3928611111111111 0.053570312499999995 0.18651388888888887
0 0.390140625 0.5091111111111111 0.0686640625 0.188375
0 0.49047656249999994 0.39865277777777774 0.054898437499999994 0.18934722222222225
0 0.40112500000000006 0.34049999999999997 0.0353359375 0.16504166666666667
0 0.4375 0.30456944444444445 0.0379453125 0.172625
2 0.1517890625 0.2876944444444444 0.0401796875 0.12698611111111113
2 0.1143984375 0.3194444444444444 0.0346015625 0.12301388888888888
2 0.068640625 0.35515277777777776 0.0435234375 0.12698611111111113
2 0.025109375 0.3928611111111111 0.041296875 0.1388888888888889
2 0.41294531250000005 0.6994027777777778 0.0357109375 0.1527777777777778
2 0.450890625 0.6438472222222222 0.0357109375 0.14484722222222224
2 0.48939843749999995 0.6051527777777778 0.036828125 0.1388888888888889
2 0.5301328125 0.5674583333333333 0.0379453125 0.1388888888888889
2 0.5691953125 0.5208333333333334 0.033484375 0.140875
2 0.6026796875 0.48412499999999997 0.03125 0.1388888888888889
2 0.63671875 0.44543055555555555 0.0346015625 0.13293055555555555
2 0.6707578125 0.39781944444444445 0.029015625 0.140875