0 0.1631953125 0.7160555555555554 0.048609374999999996 0.24383333333333335
0 0.2491328125 0.7199027777777778 0.05903125 0.22068055555555555
0 0.32725781249999997 0.7129583333333334 0.0399296875 0.2376527777777778
0 0.42100781249999997 0.692125 0.0677109375 0.22068055555555555
0 0.51953125 0.6890416666666667 0.056421874999999996 0.20525
0 0.602 0.6836388888888889 0.0633671875 0.21605555555555556
0 0.703125 0.6797777777777778 0.048609374999999996 0.2237638888888889
0 0.7964375 0.6635833333333333 0.0633671875 0.21605555555555556
2 0.36805468750000003 0.8549444444444444 0.095484375 0.17593055555555556
2 0.46353906250000004 0.8510833333333333 0.09028125000000001 0.1743888888888889
2 0.5564218750000001 0.8441388888888889 0.09375 0.17283333333333334
2 0.6506093749999999 0.8387361111111111 0.0928828125 0.1743888888888889
2 0.7452265625 0.8325555555555556 0.08940624999999999 0.16820833333333332
2 0.8368046874999999 0.8279305555555556 0.092015625 0.17747222222222223
2 0.9309921875 0.8240694444444445 0.0928828125 0.17593055555555556
2 0.9895859375 0.8202222222222222 0.020835937500000002 0.1743888888888889
2 0.7339375 0.973 0.1015625 0.05401388888888889
2 0.8368046874999999 0.9668194444444445 0.0989609375 0.0663611111111111