0 0.154515625 0.6589444444444444 0.079859375 0.2314861111111111
0 0.247828125 0.6759305555555556 0.05815625 0.15740277777777778
0 0.34461718750000003 0.6689861111111112 0.0538203125 0.17129166666666668
0 0.43663281249999997 0.6720694444444444 0.076390625 0.16820833333333332
0 0.5247421875 0.6612638888888889 0.0651015625 0.165125
0 0.6158828125 0.6628055555555556 0.05815625 0.1466111111111111
0 0.7022578125 0.6358055555555555 0.08159374999999999 0.1605
0 0.7990468749999999 0.6273194444444444 0.084203125 0.17129166666666668
2 0.6397578125 0.9212916666666667 0.1024296875 0.15740277777777778
2 0.7434921875 0.9189861111111111 0.103296875 0.16204166666666667
2 0.8424453125 0.915888888888889 0.09809375000000001 0.16820833333333332
2 0.9474843749999999 0.915125 0.10503124999999999 0.16975