0 0.1475703125 0.7114166666666667 0.0729140625 0.1388888888888889
0 0.2413203125 0.7067916666666666 0.0625 0.1327222222222222
0 0.34071093750000003 0.6983055555555555 0.0651015625 0.14043055555555556
0 0.431859375 0.6929027777777778 0.0651015625 0.12654166666666666
0 0.5186640625 0.6975277777777779 0.0651015625 0.129625
0 0.609375 0.6851805555555556 0.0555546875 0.11727777777777777
0 0.6931406250000001 0.6805555555555556 0.07378124999999999 0.12654166666666666
0 0.78515625 0.6774722222222221 0.068578125 0.11727777777777777
2 0.6393203125 0.9220694444444444 0.0963515625 0.15586111111111112
2 0.7443593749999999 0.9205277777777777 0.099828125 0.15894444444444444
2 0.8446171874999999 0.915888888888889 0.0989609375 0.16820833333333332
2 0.9483515625000001 0.9135833333333333 0.103296875 0.17283333333333334