0 0.193140625 0.6134305555555556 0.0460078125 0.17747222222222223
0 0.227 0.7029305555555556 0.0477421875 0.19906944444444447
0 0.28559375 0.7137361111111111 0.0694453125 0.20525
0 0.444875 0.6959861111111111 0.0442734375 0.2283888888888889
0 0.5143203125 0.6844166666666667 0.052953125000000004 0.22684722222222223
0 0.5915781250000001 0.6712916666666666 0.0494765625 0.21605555555555556
0 0.6193593749999999 0.6273194444444444 0.0338515625 0.165125
0 0.6723125 0.620375 0.0546875 0.19136111111111112
2 0.1180546875 0.4683611111111112 0.060765625000000004 0.12191666666666667
2 0.05815625 0.48225 0.0625 0.1342638888888889
2 0.01128125 0.4861111111111111 0.022570312500000002 0.13580555555555557
2 0.0620625 0.6597222222222222 0.0703125 0.1342638888888889
2 0.0104140625 0.6666666666666666 0.020835937500000002 0.14505555555555555
2 0.13325 0.6466111111111111 0.06684375000000001 0.14815277777777777
2 0.201390625 0.6334861111111111 0.06596874999999999 0.1342638888888889
2 0.267796875 0.6219166666666667 0.0651015625 0.1327222222222222
2 0.3307265625 0.6118888888888889 0.0625 0.13116666666666665
2 0.39366406249999997 0.5987638888888889 0.0633671875 0.129625
2 0.458765625 0.5895 0.0598984375 0.1388888888888889
2 0.3736953125 0.8263888888888888 0.072046875 0.15586111111111112
2 0.44444531249999997 0.8101805555555556 0.0677109375 0.1512361111111111
2 0.5134531250000001 0.7939861111111111 0.068578125 0.1527777777777778
2 0.58159375 0.7839444444444446 0.06596874999999999 0.15431944444444445
2 0.6484375 0.771611111111111 0.06596874999999999 0.14815277777777777
2 0.71484375 0.7569444444444444 0.06684375000000001 0.1466111111111111
2 0.7808125 0.7438333333333332 0.0633671875 0.14197222222222222
2 0.8441875 0.7337916666666667 0.0651015625 0.14969444444444444
2 0.82465625 0.9699027777777778 0.079859375 0.06018055555555556