0 0.1202265625 0.3919722222222223 0.04253125 0.2222222222222222
0 0.2252578125 0.3919722222222223 0.0651015625 0.2314861111111111
0 0.3190078125 0.3842638888888889 0.0546875 0.21295833333333336
0 0.349828125 0.3626527777777778 0.04340625 0.2345694444444444
0 0.4296875 0.3449027777777778 0.05034375 0.21141666666666667
0 0.5966796875 0.3385416666666667 0.0492265625 0.19129166666666667
0 0.5610390625 0.35655555555555557 0.04428125 0.2064861111111111
0 0.6626015625 0.3118472222222222 0.0535859375 0.1867361111111111
2 0.228296875 0.10108333333333333 0.064234375 0.1342638888888889
2 0.16146093749999998 0.11265277777777778 0.06596874999999999 0.1327222222222222
2 0.09375 0.1211388888888889 0.0677109375 0.1342638888888889
2 0.0499140625 0.20216666666666666 0.0928828125 0.052472222222222226
2 0.0381953125 0.4027777777777778 0.0677109375 0.0895
2 0.095921875 0.35338888888888886 0.0772578125 0.14505555555555555
2 0.173609375 0.3441388888888889 0.07465625000000001 0.14505555555555555
2 0.25 0.33411111111111114 0.07465625000000001 0.14351388888888889
2 0.32508593750000003 0.31790277777777776 0.07378124999999999 0.1388888888888889
2 0.396703125 0.30093055555555553 0.0677109375 0.14815277777777777
2 0.46571093750000003 0.2955277777777778 0.06684375000000001 0.14351388888888889
2 0.5377578125 0.2824027777777778 0.0703125 0.14505555555555555
2 0.3567734375 0.6018472222222222 0.0729140625 0.1605
2 0.435765625 0.5810138888888888 0.0833359375 0.15894444444444444
2 0.515625 0.5655833333333333 0.076390625 0.16204166666666667
2 0.5928828125 0.553236111111111 0.07465625000000001 0.15894444444444444
2 0.6705703125 0.5308611111111111 0.0772578125 0.14815277777777777
2 0.7473984375 0.522375 0.07465625000000001 0.15586111111111112
2 0.8233515625000001 0.5100277777777779 0.0755234375 0.1527777777777778
2 0.90190625 0.4891944444444445 0.07465625000000001 0.14197222222222222
2 0.7578125 0.8734583333333333 0.078125 0.17283333333333334
2 0.8459218749999999 0.8549444444444444 0.0928828125 0.16975
2 0.9322890625 0.8418194444444445 0.08159374999999999 0.18363888888888888
2 0.9861093750000001 0.8256111111111112 0.02778125 0.16666666666666666