0 0.17447656250000002 0.6990694444444444 0.08159374999999999 0.20370833333333332
0 0.267796875 0.7006111111111111 0.05121875 0.20370833333333332
0 0.3489609375 0.692125 0.0520859375 0.20833333333333334
0 0.45008593750000003 0.682875 0.05815625 0.22684722222222223
0 0.5338515625 0.6898194444444444 0.06596874999999999 0.21605555555555556
0 0.6280390625 0.6712916666666666 0.0546875 0.19136111111111112
0 0.72265625 0.6697500000000001 0.07378124999999999 0.19444444444444445
0 0.8155390625000001 0.6643472222222222 0.0703125 0.2145
2 0.5651015625 0.9174444444444444 0.09721874999999999 0.165125
2 0.6662343749999999 0.9128055555555556 0.0963515625 0.1743888888888889
2 0.7686640625 0.9097222222222222 0.0963515625 0.18055555555555555
2 0.8680546874999999 0.9081805555555555 0.0989609375 0.18363888888888888
2 0.9609375 0.9050972222222222 0.078125 0.18981944444444443