0 0.2083359375 0.6033888888888889 0.0555546875 0.19136111111111112
0 0.32335156249999997 0.6882777777777778 0.0703125 0.1605
0 0.39930468750000003 0.6574027777777778 0.079859375 0.08333333333333333
0 0.5520859375 0.6658888888888889 0.0538203125 0.14351388888888889
0 0.5993906250000001 0.6327222222222222 0.0616328125 0.09876388888888889
0 0.67925 0.6365694444444444 0.0598984375 0.1466111111111111
0 0.67621875 0.5709861111111111 0.0625 0.10494444444444445
0 0.7326406249999999 0.5586388888888889 0.064234375 0.12345833333333334
2 0.0234375 0.41820833333333335 0.045140625000000004 0.12654166666666666
2 0.37153125 0.5262361111111111 0.048609374999999996 0.12345833333333334
2 0.31727343750000003 0.5432083333333334 0.056421874999999996 0.12345833333333334
2 0.26085156249999997 0.5586388888888889 0.052953125000000004 0.12345833333333334
2 0.2026875 0.5702222222222222 0.0598984375 0.12808333333333333
2 0.140625 0.5879583333333334 0.060765625000000004 0.129625
2 0.07768749999999999 0.5995416666666666 0.0633671875 0.13734722222222223
2 0.022132812499999998 0.6165138888888889 0.0442734375 0.14043055555555556
2 0.3567734375 0.7870416666666666 0.0625 0.14815277777777777
2 0.42057031250000004 0.7662083333333333 0.0633671875 0.14351388888888889
2 0.482640625 0.7484583333333333 0.060765625000000004 0.14815277777777777
2 0.5447031250000001 0.7268472222222223 0.0616328125 0.13580555555555557
2 0.77690625 0.6689861111111112 0.05034375 0.13734722222222223
2 0.72309375 0.6820972222222222 0.0555546875 0.13580555555555557
2 0.6076406249999999 0.7137361111111111 0.0555546875 0.13734722222222223
2 0.6657968750000001 0.6975277777777779 0.0555546875 0.13580555555555557
2 0.8411484375 0.9498472222222222 0.06596874999999999 0.10030555555555555