0 0.150609375 0.7091111111111111 0.07378124999999999 0.14043055555555556
0 0.244359375 0.7037083333333334 0.056421874999999996 0.129625
0 0.338109375 0.6975277777777779 0.0616328125 0.1327222222222222
0 0.431421875 0.6944444444444444 0.06596874999999999 0.12345833333333334
0 0.51909375 0.6929027777777778 0.05903125 0.120375
0 0.61284375 0.6844166666666667 0.060765625000000004 0.11883333333333333
0 0.6940078125 0.678236111111111 0.0772578125 0.125
0 0.7864609375 0.6728333333333333 0.07465625000000001 0.12345833333333334
2 0.6393203125 0.9189861111111111 0.099828125 0.16204166666666667
2 0.7408828125 0.9166666666666666 0.09809375000000001 0.16666666666666666
2 0.8441875 0.9166666666666666 0.1015625 0.16666666666666666
2 0.9500859374999999 0.9143472222222223 0.099828125 0.17129166666666668