0 0.134984375 0.6458333333333334 0.068578125 0.20216666666666666
0 0.35503125 0.7878055555555556 0.046875 0.23302777777777778
0 0.4066875 0.7824027777777778 0.052953125000000004 0.2006111111111111
0 0.57421875 0.7592638888888888 0.0477421875 0.2222222222222222
0 0.61675 0.728388888888889 0.040796874999999996 0.19752777777777777
0 0.6510390625 0.6929027777777778 0.0381953125 0.20370833333333332
0 0.6649296875 0.6288611111111111 0.0399296875 0.21141666666666667
0 0.6228281250000001 0.6049444444444444 0.0338515625 0.10802777777777778
2 0.119359375 0.5216111111111111 0.0477421875 0.120375
2 0.0546875 0.6172777777777778 0.092015625 0.04629166666666666
2 0.18099218749999998 0.7847222222222222 0.0546875 0.1466111111111111
2 0.27039843750000003 0.7870416666666666 0.084203125 0.07716666666666668
2 0.29296875 0.7322500000000001 0.052953125000000004 0.13734722222222223
2 0.34809375 0.7067916666666666 0.0572890625 0.13580555555555557
2 0.400609375 0.6983055555555555 0.0477421875 0.14043055555555556
2 0.44575 0.6736111111111112 0.0460078125 0.14043055555555556
2 0.493921875 0.6558611111111111 0.048609374999999996 0.1327222222222222
2 0.5477421875 0.6435138888888888 0.05903125 0.1388888888888889
2 0.6983515625 0.9382777777777777 0.0494765625 0.12345833333333334
2 0.7504375 0.9174444444444444 0.052953125000000004 0.1527777777777778
2 0.8020859375 0.8958333333333334 0.046875 0.15586111111111112
2 0.8515625 0.8734583333333333 0.048609374999999996 0.15431944444444445
2 0.90278125 0.8109583333333333 0.0520859375 0.06944444444444445
2 0.9513906249999999 0.8263888888888888 0.046875 0.1466111111111111
2 0.98784375 0.8109583333333333 0.024304687499999998 0.15894444444444444