0 0.13802343749999998 0.4251527777777778 0.0520859375 0.21141666666666667
0 0.27039843750000003 0.43672222222222223 0.0616328125 0.24073611111111112
0 0.36632031249999997 0.3564861111111111 0.0694453125 0.16358333333333333
0 0.365453125 0.4205277777777777 0.0520859375 0.20216666666666666
0 0.44311718750000006 0.3537361111111111 0.0665859375 0.20443055555555556
0 0.587890625 0.37087499999999995 0.061429687499999996 0.20084722222222223
0 0.6806640625 0.3181388888888889 0.04025 0.17622222222222222
0 0.6197890625 0.3541666666666667 0.03125 0.18981944444444443
2 0.16536718749999998 0.08179166666666667 0.0616328125 0.12654166666666666
2 0.10025781250000002 0.09644444444444444 0.0651015625 0.1342638888888889
2 0.03515625 0.10879166666666666 0.0651015625 0.13116666666666665
2 0.02778125 0.3912083333333334 0.0520859375 0.12808333333333333
2 0.0716171875 0.36188888888888887 0.0772578125 0.1466111111111111
2 0.148 0.3425972222222222 0.07378124999999999 0.1512361111111111
2 0.2196171875 0.33025 0.0694453125 0.14815277777777777
2 0.2903671875 0.3094166666666667 0.072046875 0.14043055555555556
2 0.3598125 0.2962916666666667 0.06684375000000001 0.14197222222222222
2 0.424046875 0.27855555555555556 0.0633671875 0.14043055555555556
2 0.5138906249999999 0.33411111111111114 0.1024296875 0.0663611111111111
2 0.37065625 0.6134305555555556 0.0729140625 0.15894444444444444
2 0.44444531249999997 0.5918194444444445 0.0729140625 0.14969444444444444
2 0.5173593750000001 0.5725277777777779 0.0711796875 0.14815277777777777
2 0.5915781250000001 0.5555555555555556 0.0755234375 0.14815277777777777
2 0.6640625 0.5324027777777778 0.0694453125 0.15431944444444445
2 0.7326406249999999 0.5131111111111111 0.06596874999999999 0.1527777777777778
2 0.8033828125 0.495375 0.068578125 0.1388888888888889
2 0.8758671874999999 0.4753055555555556 0.0677109375 0.14197222222222222
2 0.96875 0.853388888888889 0.0625 0.16666666666666666