0 0.1688359375 0.7013888888888888 0.072046875 0.22068055555555555
0 0.2669296875 0.7052499999999999 0.056421874999999996 0.19752777777777777
0 0.349828125 0.6913611111111111 0.0572890625 0.19444444444444445
0 0.45008593750000003 0.6805555555555556 0.0633671875 0.21295833333333336
0 0.5308125 0.6805555555555556 0.0616328125 0.1882777777777778
0 0.6158828125 0.6736111111111112 0.056421874999999996 0.20525
0 0.71484375 0.6543194444444445 0.06684375000000001 0.20370833333333332
0 0.80903125 0.6628055555555556 0.076390625 0.21141666666666667
2 0.5577265625 0.915125 0.09809375000000001 0.16975
2 0.6588515625 0.915125 0.0989609375 0.16975
2 0.7586796875 0.9089444444444446 0.09721874999999999 0.18209722222222224
2 0.859375 0.9105 0.0989609375 0.17901388888888886
2 0.9539921874999999 0.9043194444444445 0.092015625 0.18209722222222224