0 0.0931953125 0.6379027777777778 0.0703125 0.20040277777777776
0 0.44810156250000005 0.7648750000000001 0.0814765625 0.1686527777777778
0 0.47991406249999996 0.7103194444444445 0.044640625 0.1071388888888889
0 0.62890625 0.7132916666666668 0.0859375 0.18848611111111113
0 0.6646171875 0.6795694444444444 0.0457578125 0.1686527777777778
0 0.6255546875 0.6001944444444445 0.041296875 0.08929166666666667
0 0.59375 0.5704305555555556 0.0870546875 0.08134722222222222
0 0.587609375 0.514875 0.061382812499999995 0.077375
2 0.174109375 0.5396805555555555 0.029015625 0.11904166666666666
2 0.138953125 0.5625 0.0323671875 0.125
2 0.1004453125 0.5843194444444444 0.0357109375 0.12102777777777778
2 0.059710937500000005 0.6061527777777778 0.0390625 0.1289722222222222
2 0.021203125 0.6309583333333334 0.033484375 0.12698611111111113
2 0.40513281250000005 0.8154722222222222 0.0267890625 0.1388888888888889
2 0.5714296875 0.6775833333333333 0.029015625 0.13690277777777776
2 0.5083671875 0.7281805555555555 0.0301328125 0.13491666666666666
2 0.5675234375 0.7073472222222222 0.0457578125 0.08531944444444445
2 0.47767968749999995 0.7678611111111111 0.0267890625 0.14681944444444445
2 0.6065859375 0.6498055555555555 0.0323671875 0.140875