0 0.0703125 0.49206944444444445 0.0625 0.2063472222222222
0 0.3236640625 0.5257916666666667 0.064734375 0.21031944444444445
0 0.455359375 0.5257916666666667 0.044640625 0.21031944444444445
0 0.446984375 0.37301388888888887 0.068078125 0.11508333333333333
0 0.3828125 0.41468055555555555 0.075890625 0.1428611111111111
0 0.6060234375 0.43948611111111113 0.046875 0.2162638888888889
0 0.564734375 0.3720277777777778 0.046875 0.1845277777777778
0 0.6127265625 0.297625 0.053570312499999995 0.0952361111111111
2 0.1439765625 0.171625 0.049109375 0.11706944444444445
2 0.11383593750000001 0.25793055555555555 0.091515625 0.06348611111111112
2 0.037390625 0.2222222222222222 0.0479921875 0.12698611111111113
2 0.1690859375 0.5674583333333333 0.0502265625 0.14681944444444445
2 0.2488828125 0.5505972222222222 0.0736640625 0.10119444444444445
2 0.2918515625 0.4970277777777778 0.0457578125 0.13293055555555555
2 0.40178906249999996 0.4365138888888889 0.0580390625 0.1428611111111111
2 0.45591406250000005 0.4047638888888889 0.0457578125 0.13095833333333334
2 0.5223203125 0.38987499999999997 0.0625 0.09722222222222222
2 0.564171875 0.35615277777777776 0.0435234375 0.12102777777777778
2 0.6785703125 0.8263888888888888 0.0513359375 0.18055555555555555
2 0.7338203125 0.7807499999999999 0.0546875 0.1527777777777778
2 0.7885078125 0.7470277777777778 0.052453125 0.14880555555555555
2 0.8443046875 0.7103194444444445 0.056921875 0.14681944444444445
2 0.9006718749999999 0.671625 0.0513359375 0.1527777777777778
2 0.9542421875 0.6428611111111111 0.0513359375 0.1388888888888889
2 0.9899531250000001 0.6111111111111112 0.0200859375 0.14681944444444445