0 0.2583671875 0.5049583333333333 0.1104921875 0.1289722222222222
0 0.243859375 0.42262500000000003 0.056921875 0.16666666666666666
0 0.310828125 0.39384722222222224 0.0546875 0.1845277777777778
0 0.39453125 0.5019861111111111 0.083703125 0.15873611111111113
0 0.474890625 0.36904166666666666 0.083703125 0.12698611111111113
0 0.3761171875 0.33431944444444445 0.0513359375 0.1686527777777778
0 0.41685156250000005 0.2797638888888889 0.0435234375 0.14681944444444445
2 0.0731015625 0.27579166666666666 0.088171875 0.07936111111111112
2 0.015625 0.25198611111111113 0.03125 0.13095833333333334
2 0.267859375 0.6507916666666667 0.0379453125 0.15079166666666666
2 0.306921875 0.6001944444444445 0.0379453125 0.14880555555555555
2 0.3471015625 0.5565416666666666 0.0379453125 0.13293055555555555
2 0.515625 0.35912499999999997 0.0267890625 0.1388888888888889
2 0.384484375 0.5456388888888889 0.036828125 0.07143055555555555
2 0.420203125 0.4751944444444444 0.0278984375 0.125
2 0.453125 0.43551388888888887 0.03125 0.12102777777777778
2 0.48716406250000005 0.3958333333333333 0.0323671875 0.13293055555555555
2 0.8922968750000001 0.7629027777777777 0.0323671875 0.077375
2 0.9229921875 0.7321388888888889 0.0267890625 0.13491666666666666
2 0.9525703125 0.6904722222222222 0.025671875 0.1428611111111111
2 0.9832578125 0.6379027777777778 0.0267890625 0.1527777777777778