0 0.14583593749999998 0.7129583333333334 0.076390625 0.1327222222222222
0 0.242625 0.7114166666666667 0.06684375000000001 0.1327222222222222
0 0.3411484375 0.7006111111111111 0.0625 0.1327222222222222
0 0.43228906250000004 0.7006111111111111 0.078125 0.12654166666666666
0 0.5173593750000001 0.6936666666666667 0.06596874999999999 0.11883333333333333
0 0.6106796875 0.6844166666666667 0.0598984375 0.125
0 0.6970468750000001 0.6790138888888889 0.07465625000000001 0.12345833333333334
0 0.7842890625 0.6790138888888889 0.0755234375 0.1388888888888889
2 0.6410625 0.9228333333333334 0.09809375000000001 0.15431944444444445
2 0.7413203125 0.9197500000000001 0.1006953125 0.1605
2 0.8428828125000001 0.9174444444444444 0.0989609375 0.165125
2 0.9466171875 0.9128055555555556 0.099828125 0.1743888888888889