0 0.150609375 0.7121944444444444 0.0772578125 0.13116666666666665
0 0.242625 0.7052499999999999 0.05815625 0.12654166666666666
0 0.338109375 0.7013888888888888 0.0633671875 0.13734722222222223
0 0.43099218749999996 0.6975277777777779 0.072046875 0.12654166666666666
0 0.5173593750000001 0.6952222222222222 0.0711796875 0.12191666666666667
0 0.609375 0.6836388888888889 0.05903125 0.129625
0 0.6966171875 0.6820972222222222 0.07378124999999999 0.129625
0 0.78471875 0.6766944444444445 0.078125 0.125
2 0.640625 0.9220694444444444 0.1006953125 0.15586111111111112
2 0.74175 0.9182083333333334 0.09809375000000001 0.16358333333333333
2 0.8441875 0.915888888888889 0.10503124999999999 0.16820833333333332
2 0.9483515625000001 0.9135833333333333 0.103296875 0.17283333333333334