0 0.1723125 0.6674444444444444 0.05121875 0.2484583333333333
0 0.2591171875 0.6728333333333333 0.037328125000000004 0.21295833333333336
0 0.2313359375 0.5995416666666666 0.040796874999999996 0.1743888888888889
0 0.415796875 0.6466111111111111 0.05903125 0.21913888888888888
0 0.48046875 0.6442916666666666 0.04253125 0.21141666666666667
0 0.5568593749999999 0.6242222222222222 0.0494765625 0.2237638888888889
0 0.61371875 0.5987638888888889 0.05034375 0.2006111111111111
0 0.6740468749999999 0.5956805555555555 0.0442734375 0.22530555555555556
2 0.17317968749999998 0.4467638888888889 0.0633671875 0.125
2 0.03559375 0.4606527777777778 0.06596874999999999 0.13116666666666665
2 0.13021093749999998 0.5185138888888888 0.0989609375 0.043208333333333335
2 0.0147578125 0.634263888888889 0.02778125 0.1605
2 0.09028125000000001 0.6736111111111112 0.092015625 0.04475
2 0.1475703125 0.6172777777777778 0.0729140625 0.14815277777777777
2 0.216578125 0.6049444444444444 0.0598984375 0.1388888888888889
2 0.3619765625 0.5871944444444444 0.0694453125 0.13734722222222223
2 0.31336718750000003 0.652 0.078125 0.03240277777777777
2 0.4296875 0.5802499999999999 0.06596874999999999 0.1388888888888889
2 0.494359375 0.5702222222222222 0.06684375000000001 0.13116666666666665
2 0.3567734375 0.7955277777777777 0.078125 0.15894444444444444
2 0.435328125 0.7800972222222222 0.0755234375 0.1527777777777778
2 0.5099843749999999 0.7685138888888889 0.0703125 0.15740277777777778
2 0.5833359375 0.7592638888888888 0.076390625 0.15740277777777778
2 0.6579843750000001 0.7461388888888889 0.0711796875 0.14969444444444444
2 0.73090625 0.7384305555555555 0.0694453125 0.1527777777777778
2 0.8025156250000001 0.7237638888888889 0.0703125 0.1512361111111111
2 0.8728281250000001 0.7175972222222222 0.06684375000000001 0.1512361111111111
2 0.7816875 0.9529305555555556 0.0807265625 0.0941388888888889
2 0.9943593749999999 0.9344166666666667 0.01128125 0.13116666666666665