0 0.14583593749999998 0.7145 0.076390625 0.14505555555555555
0 0.2430546875 0.7060138888888888 0.0572890625 0.12191666666666667
0 0.336375 0.696763888888889 0.068578125 0.14043055555555556
0 0.43272656249999997 0.6975277777777779 0.06684375000000001 0.12345833333333334
0 0.5147578125 0.6913611111111111 0.064234375 0.12654166666666666
0 0.6089375 0.6844166666666667 0.056421874999999996 0.12191666666666667
0 0.69921875 0.682875 0.0755234375 0.1342638888888889
0 0.7873281249999999 0.6728333333333333 0.078125 0.120375
2 0.640625 0.9220694444444444 0.1006953125 0.15586111111111112
2 0.7430546875 0.9182083333333334 0.0989609375 0.16358333333333333
2 0.8446171874999999 0.915125 0.1024296875 0.16975
2 0.94878125 0.9143472222222223 0.1024296875 0.17129166666666668