0 0.14583593749999998 0.45987500000000003 0.07465625000000001 0.19752777777777777
0 0.29340625 0.47376388888888893 0.0850703125 0.2006111111111111
0 0.39409375 0.48225 0.0885390625 0.22068055555555555
0 0.36632031249999997 0.3649722222222222 0.079859375 0.125
0 0.44835156249999997 0.33179166666666665 0.0807265625 0.10184722222222221
0 0.5763906249999999 0.4004583333333333 0.060765625000000004 0.20216666666666666
0 0.58940625 0.31404166666666666 0.0833359375 0.07870833333333334
0 0.6423593750000001 0.2916666666666667 0.076390625 0.120375
2 0.267796875 0.24691666666666667 0.10503124999999999 0.05555555555555555
2 0.19096875 0.2600277777777778 0.09721874999999999 0.06327777777777778
2 0.10807031250000002 0.2091111111111111 0.0598984375 0.14043055555555556
2 0.0455703125 0.22916666666666666 0.0633671875 0.14351388888888889
2 0.177953125 0.5416666666666666 0.06596874999999999 0.15740277777777778
2 0.244359375 0.5115694444444444 0.068578125 0.14351388888888889
2 0.31163281249999997 0.4876527777777778 0.064234375 0.1512361111111111
2 0.37803906249999997 0.45987500000000003 0.06684375000000001 0.14197222222222222
2 0.439234375 0.43672222222222223 0.064234375 0.14197222222222222
2 0.5 0.41126388888888893 0.064234375 0.1466111111111111
2 0.5724843749999999 0.39275 0.056421874999999996 0.1342638888888889
2 0.6302109375 0.37422222222222223 0.0555546875 0.12808333333333333
2 0.6432265625 0.8140416666666667 0.064234375 0.16204166666666667
2 0.7109375 0.7808611111111111 0.06596874999999999 0.1605
2 0.7790781250000001 0.7469166666666667 0.06684375000000001 0.16358333333333333
2 0.8446171874999999 0.7175972222222222 0.06596874999999999 0.16358333333333333
2 0.9131953125000001 0.6898194444444444 0.06596874999999999 0.16666666666666666
2 0.9735234374999999 0.6612638888888889 0.052953125000000004 0.15894444444444444