0 0.1484375 0.7114166666666667 0.0711796875 0.14197222222222222
0 0.2434921875 0.7060138888888888 0.0598984375 0.13734722222222223
0 0.33680468750000003 0.6975277777777779 0.0677109375 0.14197222222222222
0 0.42882031249999997 0.6959861111111111 0.08159374999999999 0.1388888888888889
0 0.5160625 0.6875 0.068578125 0.1342638888888889
0 0.6111093750000001 0.6805555555555556 0.0625 0.13580555555555557
0 0.694875 0.6751527777777778 0.0755234375 0.1342638888888889
0 0.78471875 0.6712916666666666 0.079859375 0.1327222222222222
2 0.6393203125 0.9220694444444444 0.099828125 0.15586111111111112
2 0.7413203125 0.9189861111111111 0.1024296875 0.16204166666666667
2 0.8454843750000001 0.915888888888889 0.1024296875 0.16820833333333332
2 0.9483515625000001 0.9112638888888889 0.103296875 0.17747222222222223