0 0.075953125 0.6049444444444444 0.0460078125 0.19444444444444445
0 0.38367968750000003 0.7608055555555555 0.045140625000000004 0.21295833333333336
0 0.419703125 0.7453749999999999 0.0338515625 0.21295833333333336
0 0.5763906249999999 0.7121944444444444 0.0399296875 0.2145
0 0.6184921875 0.6813333333333333 0.037328125000000004 0.21141666666666667
0 0.5837656250000001 0.6311666666666667 0.06684375000000001 0.17593055555555556
0 0.55815625 0.5841111111111111 0.060765625000000004 0.1466111111111111
0 0.5876718750000001 0.5524722222222221 0.046875 0.1512361111111111
2 0.37846875 0.5617222222222222 0.03471875 0.120375
2 0.3411484375 0.5864166666666667 0.0364609375 0.12654166666666666
2 0.30425 0.6103333333333333 0.03559375 0.12808333333333333
2 0.273875 0.6350277777777779 0.056421874999999996 0.11883333333333333
2 0.22265625 0.6566388888888889 0.0390625 0.12808333333333333
2 0.180125 0.6790138888888889 0.0442734375 0.12654166666666666
2 0.17447656250000002 0.7739166666666667 0.107640625 0.05401388888888889
2 0.08549999999999999 0.7361111111111112 0.0390625 0.14197222222222222
2 0.6219609375 0.8711388888888889 0.0321171875 0.1466111111111111
2 0.6588515625 0.8364166666666667 0.03471875 0.15740277777777778
2 0.694875 0.8040138888888889 0.03559375 0.14505555555555555
2 0.73003125 0.7762361111111111 0.03125 0.14815277777777777
2 0.7647578125 0.7515416666666667 0.0364609375 0.14505555555555555
2 0.7990468749999999 0.7191388888888889 0.030382812500000002 0.1388888888888889
2 0.8311640625000001 0.7006111111111111 0.0321171875 0.14197222222222222
2 0.8619765625 0.6759305555555556 0.02778125 0.13580555555555557