0 0.148 0.7106527777777778 0.0789921875 0.14351388888888889
0 0.244359375 0.7067916666666666 0.056421874999999996 0.1388888888888889
0 0.3385390625 0.6990694444444444 0.0625 0.1327222222222222
0 0.51996875 0.6944444444444444 0.06596874999999999 0.12654166666666666
0 0.43139843750000006 0.6979166666666666 0.078921875 0.12229166666666666
0 0.784671875 0.67925 0.0731796875 0.11837500000000001
0 0.6938515625 0.6805555555555556 0.07080468749999999 0.11881944444444444
0 0.6098125 0.6836388888888889 0.05815625 0.1327222222222222
2 0.6414921875 0.9220694444444444 0.1024296875 0.15586111111111112
2 0.7421875 0.915125 0.0989609375 0.16975
2 0.8446171874999999 0.9166666666666666 0.1006953125 0.16666666666666666
2 0.94878125 0.9128055555555556 0.1006953125 0.1743888888888889