0 0.1183046875 0.6884861111111111 0.0424140625 0.1745972222222222
0 0.521765625 0.8045694444444444 0.0926328125 0.06151388888888889
0 0.5948671875 0.7886944444444445 0.060265625 0.16070833333333331
0 0.5518984375 0.5902777777777778 0.0479921875 0.1527777777777778
0 0.599890625 0.6170694444444444 0.0457578125 0.15079166666666666
0 0.657921875 0.6418611111111111 0.052453125 0.13690277777777776
0 0.7181953125 0.7291666666666666 0.0546875 0.15675
0 0.7310234375 0.6904722222222222 0.053570312499999995 0.16269444444444445
2 0.3939765625 0.6051527777777778 0.017859375 0.11508333333333333
2 0.376671875 0.6349166666666667 0.0167421875 0.1111111111111111
2 0.3604921875 0.6626944444444445 0.011164062499999999 0.11904166666666666
2 0.3426328125 0.6825416666666667 0.015625 0.11508333333333333
2 0.3270078125 0.7073472222222222 0.017859375 0.11309722222222224
2 0.310828125 0.7361111111111112 0.0145078125 0.12698611111111113
2 0.2667421875 0.8005972222222222 0.0223203125 0.11309722222222224