0 0.1493046875 0.7175972222222222 0.07465625000000001 0.14197222222222222
0 0.24609375 0.7091111111111111 0.0616328125 0.1342638888888889
0 0.338109375 0.7006111111111111 0.0633671875 0.14197222222222222
0 0.515625 0.6944444444444444 0.0677109375 0.120375
0 0.431640625 0.6983472222222222 0.0803828125 0.12229166666666666
0 0.784671875 0.67925 0.0739765625 0.11859722222222223
0 0.693359375 0.6805555555555556 0.0739765625 0.11968055555555555
0 0.61084375 0.6835972222222222 0.059664062500000004 0.11859722222222223
2 0.6401875 0.9228333333333334 0.1015625 0.15431944444444445
2 0.74175 0.9189861111111111 0.09809375000000001 0.16204166666666667
2 0.8454843750000001 0.9166666666666666 0.1024296875 0.16666666666666666
2 0.94878125 0.9143472222222223 0.1006953125 0.17129166666666668