0 0.1015625 0.6388888888888888 0.053570312499999995 0.19841666666666669
0 0.43638281250000005 0.7261944444444445 0.075890625 0.09126388888888888
0 0.48492968750000004 0.7123055555555555 0.0502265625 0.1111111111111111
0 0.623328125 0.7152777777777778 0.0502265625 0.20040277777777776
0 0.6651796875 0.6845277777777778 0.053570312499999995 0.16666666666666666
0 0.6261171875 0.6150833333333333 0.049109375 0.12301388888888888
0 0.583703125 0.5694444444444444 0.0669609375 0.10318055555555557
0 0.5943046875 0.5119027777777778 0.061382812499999995 0.07540277777777778
2 0.193640625 0.5406805555555556 0.0278984375 0.12102777777777778
2 0.1551328125 0.5615138888888889 0.0401796875 0.12301388888888888
2 0.1143984375 0.5863055555555555 0.036828125 0.125
2 0.0770078125 0.609125 0.033484375 0.12698611111111113
2 0.0390625 0.6299583333333333 0.0379453125 0.1289722222222222
2 0.0089296875 0.6468194444444444 0.017859375 0.12301388888888888
2 0.42578125 0.8154722222222222 0.0323671875 0.15873611111111113
2 0.466515625 0.7857083333333333 0.033484375 0.1428611111111111
2 0.4921875 0.7559583333333333 0.033484375 0.12698611111111113
2 0.5262265625 0.7271805555555556 0.0323671875 0.1289722222222222
2 0.5909609375 0.6745972222222222 0.025671875 0.1388888888888889
2 0.6294609375 0.6170694444444444 0.0401796875 0.13095833333333334
2 0.5792421875 0.7321388888888889 0.060265625 0.07540277777777778