0 0.148875 0.7083333333333334 0.0789921875 0.13580555555555557
0 0.2421875 0.7060138888888888 0.05903125 0.12191666666666667
0 0.3355 0.6983055555555555 0.0651015625 0.1342638888888889
0 0.430125 0.7013888888888888 0.068578125 0.125
0 0.5131875 0.6909722222222222 0.07080468749999999 0.11990277777777777
0 0.7841796875 0.6753472222222222 0.070921875 0.11686111111111111
0 0.693359375 0.6779583333333333 0.0755625 0.11947222222222222
0 0.6083984375 0.6818611111111111 0.0640859375 0.11968055555555555
2 0.640625 0.9205277777777777 0.0989609375 0.15894444444444444
2 0.7404531249999999 0.9166666666666666 0.1006953125 0.16666666666666666
2 0.8433125 0.9166666666666666 0.10503124999999999 0.16666666666666666