0 0.150609375 0.4266944444444445 0.05815625 0.22994444444444445
0 0.28471875 0.3919722222222223 0.0850703125 0.1111111111111111
0 0.3736953125 0.39661111111111114 0.0911484375 0.120375
0 0.3671875 0.32406944444444447 0.0538203125 0.10184722222222221
0 0.44227343750000003 0.33795833333333336 0.0616328125 0.16358333333333333
0 0.5802968749999999 0.34105555555555556 0.0755234375 0.1111111111111111
0 0.62065625 0.3086388888888889 0.078125 0.08641666666666667
0 0.6814218750000001 0.2847222222222222 0.0850703125 0.10648611111111111
2 0.37022656249999997 0.2623472222222222 0.099828125 0.052472222222222226
2 0.27690625 0.21219444444444444 0.0625 0.1342638888888889
2 0.2135390625 0.22530555555555556 0.0625 0.1388888888888889
2 0.148 0.2422777777777778 0.0633671875 0.1388888888888889
2 0.0772578125 0.25848611111111114 0.0711796875 0.14043055555555556
2 0.020835937500000002 0.27469444444444446 0.0399296875 0.14815277777777777
2 0.2235234375 0.5316388888888889 0.0703125 0.15586111111111112
2 0.29774218750000003 0.5084861111111111 0.0729140625 0.15586111111111112
2 0.368921875 0.4891944444444445 0.0694453125 0.1512361111111111
2 0.44053906249999997 0.4675972222222222 0.072046875 0.14815277777777777
2 0.5108515625 0.45061111111111113 0.06684375000000001 0.14197222222222222
2 0.5776875 0.43209722222222224 0.0651015625 0.1388888888888889
2 0.6453984375 0.4128055555555556 0.06684375000000001 0.13734722222222223
2 0.7096328125 0.39275 0.0633671875 0.14351388888888889
2 0.6475703125 0.8032361111111112 0.0677109375 0.165125
2 0.72221875 0.7777777777777778 0.076390625 0.1605
2 0.7994765625 0.7492222222222223 0.0729140625 0.165125
2 0.8728281250000001 0.7299444444444444 0.072046875 0.1605
2 0.94575 0.6990694444444444 0.0703125 0.15740277777777778
2 0.99175 0.6851805555555556 0.016492187499999998 0.15740277777777778