0 0.194875 0.6404305555555556 0.0633671875 0.21295833333333336
0 0.25825 0.7222222222222222 0.0598984375 0.19752777777777777
0 0.325953125 0.7268472222222223 0.052953125000000004 0.20370833333333332
0 0.486109375 0.7052499999999999 0.076390625 0.21295833333333336
0 0.5477421875 0.696763888888889 0.0538203125 0.2175972222222222
0 0.6145859375 0.6797777777777778 0.0572890625 0.20833333333333334
0 0.6423593750000001 0.6049444444444444 0.0520859375 0.11727777777777777
0 0.69096875 0.6064861111111112 0.064234375 0.15740277777777778
2 0.2955703125 0.5416666666666666 0.056421874999999996 0.12654166666666666
2 0.2356796875 0.5516944444444445 0.0598984375 0.13116666666666665
2 0.173609375 0.5648194444444444 0.05903125 0.129625
2 0.1102421875 0.5763888888888888 0.06596874999999999 0.13116666666666665
2 0.044703124999999996 0.5864166666666667 0.0633671875 0.13580555555555557
2 0.21528125 0.7677499999999999 0.0694453125 0.14043055555555556
2 0.283421875 0.7492222222222223 0.06684375000000001 0.14043055555555556
2 0.351125 0.7376527777777778 0.0651015625 0.14815277777777777
2 0.41492968750000003 0.723 0.064234375 0.14043055555555556
2 0.48046875 0.7060138888888888 0.0633671875 0.14043055555555556
2 0.5442734375 0.6944444444444444 0.0572890625 0.1388888888888889
2 0.6046015625 0.6820972222222222 0.0651015625 0.1327222222222222
2 0.6671015625 0.6682083333333334 0.0546875 0.13580555555555557
2 0.6484375 0.9344166666666667 0.0694453125 0.13116666666666665
2 0.7196171875 0.9189861111111111 0.064234375 0.15586111111111112
2 0.7864609375 0.9089444444444446 0.06596874999999999 0.15740277777777778
2 0.8532968750000001 0.8958333333333334 0.05903125 0.16204166666666667
2 0.9231796875 0.8217638888888888 0.068578125 0.05401388888888889
2 0.98046875 0.8703749999999999 0.0390625 0.14505555555555555