0 0.1436640625 0.45216666666666666 0.072046875 0.19136111111111112
0 0.29340625 0.4930555555555556 0.0711796875 0.2361111111111111
0 0.3658828125 0.370375 0.0598984375 0.13580555555555557
0 0.39575 0.469625 0.0719609375 0.21268055555555554
0 0.58203125 0.3925833333333334 0.061765625000000005 0.19336111111111112
0 0.6298828125 0.31380555555555556 0.07434375 0.1462638888888889
0 0.43871874999999994 0.34331944444444445 0.0699453125 0.10622222222222223
0 0.5828984375 0.31018055555555557 0.072046875 0.07716666666666668
2 0.2491328125 0.23302777777777778 0.09375 0.058638888888888886
2 0.17578125 0.2484583333333333 0.0946171875 0.058638888888888886
2 0.0946171875 0.2029305555555556 0.05903125 0.14043055555555556
2 0.03125 0.22454166666666664 0.0555546875 0.13734722222222223
2 0.16275781250000002 0.5293194444444445 0.0651015625 0.1512361111111111
2 0.228734375 0.5038611111111111 0.06684375000000001 0.1527777777777778
2 0.296875 0.47994444444444445 0.06596874999999999 0.14815277777777777
2 0.35850781249999997 0.45216666666666666 0.0625 0.1388888888888889
2 0.486109375 0.4058611111111112 0.0572890625 0.15431944444444445
2 0.42274218750000003 0.42977777777777776 0.0625 0.14043055555555556
2 0.555125 0.3888888888888889 0.0651015625 0.12654166666666666
2 0.6267343750000001 0.8024722222222221 0.060765625000000004 0.16666666666666666
2 0.6927109375 0.771611111111111 0.06596874999999999 0.17593055555555556
2 0.7604140625 0.7361111111111112 0.0677109375 0.16358333333333333
2 0.8289921874999999 0.7106527777777778 0.064234375 0.165125
2 0.8932265625 0.682875 0.064234375 0.165125
2 0.9596328125 0.6442916666666666 0.0616328125 0.16204166666666667