0 0.099890625 0.6696388888888889 0.0591484375 0.19643055555555555
0 0.506140625 0.7995972222222223 0.072546875 0.202375
0 0.50390625 0.7123055555555555 0.036828125 0.08730555555555555
0 0.6646171875 0.7281805555555555 0.0591484375 0.1904722222222222
0 0.6981015625 0.6845277777777778 0.0323671875 0.15079166666666666
0 0.6316953125 0.6478194444444445 0.0625 0.14880555555555555
0 0.5971015625 0.6319444444444444 0.0424140625 0.17658333333333334
0 0.572546875 0.5823472222222222 0.064734375 0.14484722222222224
2 0.3755546875 0.5922638888888889 0.025671875 0.1289722222222222
2 0.3197578125 0.6438472222222222 0.025671875 0.125
2 0.260046875 0.6974166666666667 0.0267890625 0.125
2 0.22991406250000002 0.7261944444444445 0.029015625 0.12698611111111113
2 0.1635078125 0.7926527777777779 0.0278984375 0.14484722222222224
2 0.2354921875 0.814486111111111 0.0892890625 0.057541666666666665
2 0.330359375 0.7261944444444445 0.080359375 0.047625
2 0.384484375 0.671625 0.0703125 0.04563888888888889
2 0.7064765625 0.8839305555555554 0.0245546875 0.14484722222222224
2 0.7293515625 0.8412638888888889 0.021203125 0.1428611111111111
2 0.7511171875 0.8174583333333334 0.0223203125 0.13491666666666666
2 0.771765625 0.7867083333333332 0.0189765625 0.13690277777777776
2 0.7924140625 0.7589305555555554 0.0200859375 0.13293055555555555
2 0.8141718750000001 0.7301527777777779 0.0189765625 0.12698611111111113
2 0.8342656249999999 0.6934583333333334 0.0189765625 0.1289722222222222
2 0.8515625 0.6646805555555555 0.015625 0.11904166666666666