0 0.08984375 0.6498055555555555 0.052453125 0.18055555555555555
0 0.45790625 0.7854444444444444 0.0790546875 0.20522222222222222
0 0.4879921875 0.7506250000000001 0.0384765625 0.16541666666666666
0 0.6324687499999999 0.7319722222222222 0.0895546875 0.19030555555555556
0 0.6691953125000001 0.700875 0.039875 0.18780555555555556
0 0.6132265625 0.6579583333333333 0.052468749999999995 0.1691527777777778
0 0.5810390625 0.6268750000000001 0.0580703125 0.1716388888888889
0 0.57859375 0.550375 0.034984375 0.09079166666666667
2 0.0880078125 0.5401805555555556 0.0293359375 0.11920833333333333
2 0.05134375 0.5634583333333333 0.03771875 0.11734722222222221
2 0.01571875 0.5876805555555555 0.0293359375 0.13225
2 0.32218749999999996 0.8149166666666667 0.034578125 0.14715277777777777
2 0.385046875 0.8056111111111111 0.0806796875 0.076375
2 0.389765625 0.7487916666666666 0.0314296875 0.1303888888888889
2 0.419625 0.719 0.0261953125 0.13411111111111113
2 0.4803984375 0.6724305555555555 0.0241015625 0.12666666666666668
2 0.5422109374999999 0.6165416666666667 0.0261953125 0.12293055555555556
2 0.5411640625 0.66125 0.05134375 0.0745138888888889
2 0.9665546875000001 0.8335416666666666 0.0241015625 0.15459722222222222
2 0.989609375 0.8009583333333334 0.01990625 0.14529166666666665
2 0.9372187500000001 0.8158472222222222 0.0282890625 0.04843055555555555