0 0.1478828125 0.4305555555555556 0.0792421875 0.18254166666666669
0 0.25390625 0.43154166666666666 0.0747734375 0.172625
0 0.3426328125 0.42262500000000003 0.080359375 0.1706388888888889
0 0.44311718750000006 0.4244861111111111 0.0633515625 0.15787500000000002
0 0.54053125 0.41709722222222223 0.0680546875 0.1564722222222222
0 0.62646875 0.4129722222222222 0.06646875 0.15104166666666666
0 0.718265625 0.40776388888888887 0.0700703125 0.148875
0 0.8037109375 0.4010416666666667 0.0673203125 0.14540277777777777
2 0.6065859375 0.7896805555555556 0.0971015625 0.1904722222222222
2 0.7142890625 0.7817500000000001 0.0982109375 0.1904722222222222
2 0.8203125 0.7728194444444444 0.1004453125 0.18055555555555555
2 0.921875 0.7629027777777777 0.1026796875 0.18055555555555555
2 0.9877265625 0.7559583333333333 0.0245546875 0.19444444444444445
2 0.9581484375 0.9801527777777779 0.083703125 0.03968055555555556