0 0.25477343750000003 0.5262361111111111 0.0859375 0.17593055555555556
0 0.23784375 0.4128055555555556 0.064234375 0.15586111111111112
0 0.3177109375 0.39429166666666665 0.0555546875 0.19598611111111114
0 0.39409375 0.4768472222222222 0.10416406250000002 0.10494444444444445
0 0.3852578125 0.3315972222222222 0.043609375 0.16416666666666668
0 0.41796875 0.2992638888888889 0.0375390625 0.1733888888888889
0 0.46655468750000006 0.35959722222222223 0.07666406249999999 0.10720833333333334
2 0.118921875 0.27855555555555556 0.0868046875 0.04783333333333333
2 0.0473125 0.2600277777777778 0.040796874999999996 0.1342638888888889
2 0.013023437500000002 0.2855 0.024304687499999998 0.129625
2 0.310328125 0.6550972222222222 0.0321171875 0.16204166666666667
2 0.34721875 0.615736111111111 0.0399296875 0.14815277777777777
2 0.3880234375 0.571763888888889 0.0399296875 0.14351388888888889
2 0.42664843750000003 0.5262361111111111 0.03559375 0.13580555555555557
2 0.4605 0.4837916666666666 0.0321171875 0.13116666666666665
2 0.49565625 0.45061111111111113 0.032984374999999996 0.1327222222222222
2 0.52778125 0.40818055555555555 0.029515625 0.12808333333333333
2 0.5568593749999999 0.37654166666666666 0.02690625 0.13580555555555557
2 0.9405390625000001 0.8101805555555556 0.02690625 0.14197222222222222
2 0.97221875 0.7654305555555556 0.029515625 0.14815277777777777
2 0.9934921875 0.7214444444444446 0.013023437500000002 0.16204166666666667