0 0.1880546875 0.5724166666666667 0.061382812499999995 0.11706944444444445
0 0.3286796875 0.7509861111111111 0.0770078125 0.2202361111111111
0 0.3861640625 0.7311527777777778 0.049109375 0.1845277777777778
0 0.5496640625 0.7113055555555555 0.0747734375 0.21230555555555558
0 0.595984375 0.6934583333333334 0.055804687500000005 0.2043611111111111
0 0.640625 0.6180555555555556 0.0424140625 0.16070833333333331
0 0.6551328125 0.6736111111111112 0.060265625 0.2043611111111111
0 0.693640625 0.6081388888888889 0.0591484375 0.20833333333333334
2 0.11495312499999999 0.4751944444444444 0.049109375 0.1289722222222222
2 0.059710937500000005 0.49602777777777773 0.056921875 0.13095833333333334
2 0.0161796875 0.5079305555555556 0.0278984375 0.13095833333333334
2 0.1015625 0.7222222222222222 0.0580390625 0.14681944444444445
2 0.1646171875 0.702375 0.0636171875 0.14681944444444445
2 0.22711718749999998 0.6855138888888889 0.0591484375 0.14880555555555555
2 0.2823671875 0.6636944444444445 0.046875 0.140875
2 0.5027890625 0.6001944444444445 0.0435234375 0.1289722222222222
2 0.5658515625 0.8928611111111111 0.0580390625 0.16269444444444445
2 0.6244453125 0.8660694444444446 0.056921875 0.15675
2 0.68359375 0.8412638888888889 0.061382812499999995 0.16269444444444445
2 0.740515625 0.8244027777777778 0.0546875 0.15675
2 0.7957578125 0.8045694444444444 0.053570312499999995 0.15675
2 0.8504453125 0.7857083333333333 0.055804687500000005 0.14681944444444445
2 0.90625 0.7609166666666667 0.055804687500000005 0.14484722222222224
2 0.9587031250000001 0.748013888888889 0.049109375 0.15079166666666666