0 0.1827265625 0.5817916666666666 0.05815625 0.11419444444444445
0 0.3372421875 0.7476805555555556 0.040796874999999996 0.2145
0 0.39453125 0.7445972222222222 0.052953125000000004 0.20216666666666666
0 0.5481796875 0.7237638888888889 0.0477421875 0.21913888888888888
0 0.59375 0.7037083333333334 0.05903125 0.22530555555555556
0 0.6558125 0.6875 0.072046875 0.2145
0 0.6475703125 0.6419722222222223 0.04340625 0.19752777777777777
0 0.6879375 0.6149722222222221 0.0390625 0.19598611111111114
2 0.0672734375 0.4629583333333333 0.05121875 0.120375
2 0.020398437499999998 0.4760833333333333 0.040796874999999996 0.125
2 0.0499140625 0.709875 0.0633671875 0.13580555555555557
2 0.115015625 0.6913611111111111 0.0616328125 0.1388888888888889
2 0.17708593749999998 0.6705277777777777 0.060765625000000004 0.14043055555555556
2 0.2335078125 0.6496944444444444 0.0520859375 0.1388888888888889
2 0.314671875 0.6504583333333334 0.0807265625 0.0941388888888889
2 0.451390625 0.5817916666666666 0.048609374999999996 0.129625
2 0.427953125 0.6211388888888889 0.0677109375 0.0663611111111111
2 0.5130234375 0.8672777777777778 0.0572890625 0.1512361111111111
2 0.57421875 0.8441388888888889 0.05815625 0.15431944444444445
2 0.63325 0.8225277777777779 0.052953125000000004 0.14815277777777777
2 0.6875 0.8009305555555555 0.0538203125 0.14505555555555555
2 0.742625 0.7824027777777778 0.052953125000000004 0.14815277777777777
2 0.7960078125 0.7631111111111112 0.048609374999999996 0.15586111111111112
2 0.8489609375 0.7469166666666667 0.0538203125 0.14505555555555555
2 0.9014765625000001 0.7291666666666666 0.0460078125 0.14351388888888889