0 0.19661718749999998 0.6226805555555556 0.0477421875 0.21141666666666667
0 0.3129375 0.7384305555555555 0.06684375000000001 0.22994444444444445
0 0.38975781249999997 0.7145 0.0625 0.18518055555555557
0 0.5447031250000001 0.7152777777777778 0.040796874999999996 0.2237638888888889
0 0.6028671875 0.6959861111111111 0.0477421875 0.20679166666666665
0 0.66840625 0.6766944444444445 0.048609374999999996 0.20833333333333334
0 0.6514765625 0.5871944444444444 0.052953125000000004 0.10030555555555555
0 0.70659375 0.6134305555555556 0.05903125 0.21141666666666667
2 0.25390625 0.509263888888889 0.0494765625 0.11727777777777777
2 0.2005234375 0.5262361111111111 0.0555546875 0.12654166666666666
2 0.14192968749999998 0.5393472222222222 0.05815625 0.12808333333333333
2 0.08159374999999999 0.553236111111111 0.060765625000000004 0.12808333333333333
2 0.025171875 0.5663611111111111 0.05034375 0.129625
2 0.23871875 0.7600277777777779 0.0625 0.14351388888888889
2 0.3046875 0.7361111111111112 0.060765625000000004 0.1327222222222222
2 0.36675 0.7206805555555555 0.05815625 0.1327222222222222
2 0.42317968749999996 0.7013888888888888 0.052953125000000004 0.13734722222222223
2 0.4995625 0.7067916666666666 0.0789921875 0.10184722222222221
2 0.7131093749999999 0.9251527777777778 0.05815625 0.14969444444444444
2 0.7760390625 0.9105 0.0625 0.1512361111111111
2 0.83984375 0.8904305555555556 0.0633671875 0.15431944444444445
2 0.898875 0.8209861111111111 0.0546875 0.04938888888888889
2 0.9578984374999999 0.8541666666666666 0.0546875 0.1527777777777778
2 0.6232656249999999 0.647375 0.0520859375 0.11573611111111111
2 0.5555546875 0.696763888888889 0.076390625 0.08179166666666667