0 0.1484375 0.7121944444444444 0.0833359375 0.14351388888888889
0 0.240015625 0.7037083333333334 0.056421874999999996 0.129625
0 0.338109375 0.6983055555555555 0.056421874999999996 0.1342638888888889
0 0.4301796875 0.6966111111111111 0.0796484375 0.12055555555555555
0 0.7876015625 0.6731805555555556 0.0712265625 0.11773611111111111
0 0.615234375 0.6827222222222222 0.0648828125 0.11794444444444445
0 0.6923828125 0.680125 0.072265625 0.11947222222222222
0 0.5151875 0.6890416666666667 0.0616328125 0.12191666666666667
2 0.6419296875 0.9205277777777777 0.09809375000000001 0.15894444444444444
2 0.7443593749999999 0.9189861111111111 0.09809375000000001 0.16204166666666667
2 0.84721875 0.9174444444444444 0.1006953125 0.165125
2 0.94921875 0.9143472222222223 0.1015625 0.17129166666666668