0 0.07421875 0.6095694444444444 0.052953125000000004 0.17901388888888886
0 0.39409375 0.7600277777777779 0.07465625000000001 0.21141666666666667
0 0.44184375 0.7345694444444444 0.048609374999999996 0.18518055555555557
0 0.5846328125 0.7067916666666666 0.05121875 0.19444444444444445
0 0.6306406250000001 0.665125 0.040796874999999996 0.17593055555555556
0 0.5690078125 0.602625 0.0494765625 0.16820833333333332
0 0.6067734375 0.5918194444444445 0.02778125 0.0941388888888889
0 0.586375 0.509263888888889 0.0338515625 0.07406944444444444
2 0.349390625 0.557875 0.0321171875 0.12191666666666667
2 0.314234375 0.5802499999999999 0.0364609375 0.12654166666666666
2 0.275609375 0.602625 0.037328125000000004 0.13116666666666665
2 0.2374140625 0.6304027777777778 0.0460078125 0.11573611111111111
2 0.194875 0.647375 0.040796874999999996 0.13116666666666665
2 0.15278125 0.6697500000000001 0.045140625000000004 0.129625
2 0.1484375 0.7662083333333333 0.1006953125 0.05709722222222222
2 0.056859375000000004 0.7314861111111111 0.04253125 0.13580555555555557
2 0.58984375 0.8572500000000001 0.03559375 0.1466111111111111
2 0.6263046875 0.8240694444444445 0.0338515625 0.14815277777777777
2 0.6623281249999999 0.7955277777777777 0.03471875 0.15894444444444444
2 0.6970468750000001 0.7677499999999999 0.0364609375 0.14969444444444444
2 0.7330703125 0.7399722222222221 0.0321171875 0.13734722222222223
2 0.7651875 0.7129583333333334 0.030382812500000002 0.1388888888888889
2 0.7964375 0.6929027777777778 0.030382812500000002 0.1388888888888889
2 0.8255234375 0.6628055555555556 0.02778125 0.13116666666666665