0 0.2291640625 0.5771666666666667 0.0677109375 0.1111111111111111
0 0.2994765625 0.7160555555555554 0.0729140625 0.21295833333333336
0 0.361109375 0.7237638888888889 0.046875 0.21295833333333336
0 0.5138906249999999 0.6952222222222222 0.0677109375 0.20525
0 0.5768203125 0.6836388888888889 0.0477421875 0.21295833333333336
0 0.6484375 0.6620416666666666 0.045140625000000004 0.20679166666666665
0 0.6740468749999999 0.625 0.0442734375 0.18518055555555557
0 0.7131093749999999 0.6064861111111112 0.0616328125 0.19752777777777777
2 0.177515625 0.4699027777777778 0.056421874999999996 0.11883333333333333
2 0.1171875 0.48070833333333335 0.05903125 0.12191666666666667
2 0.0546875 0.49383333333333335 0.0625 0.129625
2 0.0125859375 0.5038611111111111 0.025171875 0.12808333333333333
2 0.09721874999999999 0.6952222222222222 0.0677109375 0.1466111111111111
2 0.1649296875 0.6774722222222221 0.064234375 0.14197222222222222
2 0.2313359375 0.6612638888888889 0.0616328125 0.13734722222222223
2 0.29600781249999997 0.6435138888888888 0.06596874999999999 0.14197222222222222
2 0.35850781249999997 0.6327222222222222 0.0572890625 0.13580555555555557
2 0.41666406250000004 0.6180555555555556 0.060765625000000004 0.13116666666666665
2 0.47916406250000004 0.6072500000000001 0.0572890625 0.13116666666666665
2 0.5360234375 0.5925972222222222 0.0546875 0.1327222222222222
2 0.5186640625 0.8572500000000001 0.0633671875 0.14969444444444444
2 0.58203125 0.8410555555555554 0.0633671875 0.15740277777777778
2 0.648875 0.8263888888888888 0.068578125 0.165125
2 0.7157109375 0.8055555555555556 0.0633671875 0.15740277777777778
2 0.77778125 0.7916666666666666 0.060765625000000004 0.14815277777777777
2 0.8389765625000001 0.7777777777777778 0.0616328125 0.14815277777777777
2 0.898 0.7608055555555555 0.05815625 0.1512361111111111
2 0.9605 0.7438333333333332 0.0616328125 0.14815277777777777