0 0.06684375000000001 0.6103333333333333 0.078125 0.20216666666666666
0 0.365453125 0.7554027777777778 0.078125 0.19906944444444447
0 0.415796875 0.7415138888888889 0.05034375 0.19290277777777776
0 0.5703125 0.7106527777777778 0.078125 0.20216666666666666
0 0.6106796875 0.6751527777777778 0.03559375 0.18363888888888888
0 0.59375 0.5887361111111111 0.02778125 0.08795833333333333
0 0.5520859375 0.6064861111111112 0.05034375 0.19444444444444445
0 0.5811640625 0.5300972222222222 0.025171875 0.11573611111111111
2 0.4223125 0.5756111111111111 0.03559375 0.12654166666666666
2 0.38715625 0.598 0.03471875 0.12808333333333333
2 0.349828125 0.6226805555555556 0.0364609375 0.13116666666666665
2 0.32508593750000003 0.6512361111111111 0.0633671875 0.1111111111111111
2 0.26996875 0.6674444444444444 0.045140625000000004 0.13116666666666665
2 0.228296875 0.6898194444444444 0.0416640625 0.12654166666666666
2 0.2191875 0.7808611111111111 0.1015625 0.052472222222222226
2 0.13021093749999998 0.7469166666666667 0.04340625 0.14197222222222222
2 0.671875 0.8896666666666666 0.03471875 0.15894444444444444
2 0.7087656250000001 0.852625 0.03559375 0.14969444444444444
2 0.74609375 0.8202222222222222 0.03559375 0.1527777777777778
2 0.7821171875 0.7947500000000001 0.0381953125 0.1512361111111111
2 0.8190078125 0.7654305555555556 0.0321171875 0.1512361111111111
2 0.851125 0.7438333333333332 0.0321171875 0.14815277777777777
2 0.88671875 0.7160555555555554 0.0321171875 0.12654166666666666
2 0.9197031250000001 0.6882777777777778 0.030382812500000002 0.129625