0 0.14583593749999998 0.7075555555555556 0.07465625000000001 0.1466111111111111
0 0.23784375 0.696763888888889 0.06596874999999999 0.13116666666666665
0 0.334203125 0.6929027777777778 0.0694453125 0.1512361111111111
0 0.42621875 0.6867222222222222 0.076390625 0.14197222222222222
0 0.51171875 0.6820972222222222 0.0651015625 0.1512361111111111
0 0.61328125 0.6728333333333333 0.0598984375 0.14197222222222222
0 0.6927109375 0.6682083333333334 0.0694453125 0.14505555555555555
0 0.7868906250000001 0.665125 0.0772578125 0.14815277777777777
2 0.6397578125 0.9220694444444444 0.0989609375 0.15586111111111112
2 0.74175 0.9197500000000001 0.099828125 0.1605
2 0.8441875 0.9166666666666666 0.1015625 0.16666666666666666
2 0.9483515625000001 0.9143472222222223 0.103296875 0.17129166666666668