0 0.150171875 0.709875 0.0711796875 0.14197222222222222
0 0.244359375 0.7067916666666666 0.0546875 0.1327222222222222
0 0.3385390625 0.696763888888889 0.064234375 0.1342638888888889
0 0.43188281249999994 0.6974861111111111 0.082703125 0.12033333333333333
0 0.7890625 0.6731805555555556 0.07146875 0.11686111111111111
0 0.693359375 0.680125 0.0712265625 0.11794444444444445
0 0.6162109375 0.6831666666666667 0.0646328125 0.11751388888888889
0 0.5169296875 0.6898194444444444 0.0598984375 0.129625
2 0.640625 0.9212916666666667 0.1006953125 0.15740277777777778
2 0.742625 0.9182083333333334 0.099828125 0.16358333333333333
2 0.8441875 0.9174444444444444 0.10503124999999999 0.165125
2 0.9479140625 0.915125 0.1024296875 0.16975