0 0.2862734375 0.5396805555555555 0.0747734375 0.2222222222222222
0 0.3136171875 0.44345833333333334 0.055804687500000005 0.19245833333333331
0 0.3856015625 0.3879027777777778 0.056921875 0.16468055555555555
0 0.419640625 0.5218194444444444 0.046875 0.2063472222222222
0 0.489953125 0.36606944444444445 0.0401796875 0.18055555555555555
0 0.560265625 0.4245972222222222 0.046875 0.19841666666666669
0 0.5340390625 0.32540277777777776 0.0390625 0.16666666666666666
2 0.30078125 0.27181944444444445 0.0457578125 0.12698611111111113
2 0.2042421875 0.33134722222222224 0.049109375 0.12698611111111113
2 0.2801328125 0.34920833333333334 0.0825859375 0.047625
2 0.1534609375 0.3571388888888889 0.0457578125 0.13491666666666666
2 0.0424140625 0.4156805555555556 0.049109375 0.125
2 0.02734375 0.5208333333333334 0.0546875 0.08531944444444445
2 0.41852343750000004 0.7083333333333334 0.044640625 0.1547638888888889
2 0.46930468750000004 0.6636944444444445 0.0479921875 0.14880555555555555
2 0.521765625 0.6279722222222222 0.0479921875 0.15675
2 0.57421875 0.5952361111111111 0.0457578125 0.14681944444444445
2 0.6238828125 0.5625 0.044640625 0.14484722222222224
2 0.6713203125 0.5248055555555555 0.0435234375 0.1289722222222222
2 0.71875 0.48809722222222224 0.0401796875 0.1428611111111111
2 0.763390625 0.4553611111111111 0.0379453125 0.13293055555555555