0 0.12276562499999999 0.48115277777777776 0.0580390625 0.2202361111111111
0 0.325890625 0.5178611111111111 0.0691953125 0.22619444444444448
0 0.380578125 0.42856944444444445 0.060265625 0.21031944444444445
0 0.4501953125 0.4869861111111111 0.042484375000000005 0.2016111111111111
0 0.625 0.413625 0.0399453125 0.19606944444444444
0 0.6435546875 0.33420833333333333 0.0327734375 0.1847916666666667
0 0.5961953125 0.37391666666666673 0.035734375 0.19672222222222221
0 0.46215624999999994 0.39540277777777777 0.03775 0.19606944444444444
2 0.40625 0.25991666666666663 0.046875 0.13491666666666666
2 0.2940859375 0.3125 0.052453125 0.1289722222222222
2 0.2449765625 0.3452361111111111 0.072546875 0.12698611111111113
2 0.20647656250000002 0.42856944444444445 0.0982109375 0.07143055555555555
2 0.11160937500000001 0.38293055555555555 0.0580390625 0.15079166666666666
2 0.05078125 0.4027777777777778 0.0591484375 0.12698611111111113
2 0.0346015625 0.4702361111111111 0.0691953125 0.16269444444444445
2 0.0652890625 0.14681944444444445 0.0814765625 0.05555555555555555
2 0.43247656250000005 0.6835277777777777 0.0546875 0.15675
2 0.494421875 0.6478194444444445 0.0625 0.15675
2 0.5580390625 0.6200416666666667 0.0580390625 0.14484722222222224
2 0.6177421875 0.5882916666666667 0.0591484375 0.14484722222222224
2 0.6791328125 0.5634861111111111 0.0591484375 0.15079166666666666
2 0.736609375 0.5307499999999999 0.0513359375 0.14484722222222224
2 0.794640625 0.5049583333333333 0.055804687500000005 0.14880555555555555
2 0.8537968749999999 0.47123611111111113 0.060265625 0.14484722222222224
2 0.97265625 0.9553611111111111 0.0546875 0.08929166666666667