0 0.203125 0.6126527777777778 0.0572890625 0.2006111111111111
0 0.3268203125 0.6705277777777777 0.10677343749999998 0.08795833333333333
0 0.3984375 0.678236111111111 0.0677109375 0.10648611111111111
0 0.5494765625 0.7037083333333334 0.0399296875 0.21913888888888888
0 0.602 0.6442916666666666 0.052953125000000004 0.10648611111111111
0 0.6740468749999999 0.6674444444444444 0.0442734375 0.20216666666666666
0 0.67534375 0.5740694444444444 0.09375 0.09568055555555556
0 0.7313359375 0.5493888888888889 0.0633671875 0.08333333333333333
2 0.338109375 0.527 0.05121875 0.125
2 0.282984375 0.5424444444444444 0.0555546875 0.13116666666666665
2 0.2291640625 0.5555555555555556 0.05034375 0.129625
2 0.1688359375 0.5617222222222222 0.056421874999999996 0.12654166666666666
2 0.10981250000000001 0.5787083333333334 0.0598984375 0.129625
2 0.044703124999999996 0.5933611111111111 0.0651015625 0.12808333333333333
2 0.32335156249999997 0.7785555555555554 0.0616328125 0.1527777777777778
2 0.38758593750000003 0.7577222222222222 0.0651015625 0.14815277777777777
2 0.44921875 0.7399722222222221 0.056421874999999996 0.14043055555555556
2 0.51128125 0.7175972222222222 0.060765625000000004 0.14197222222222222
2 0.63325 0.6959861111111111 0.0651015625 0.12654166666666666
2 0.73784375 0.6581805555555555 0.0520859375 0.1342638888888889
2 0.6879375 0.6682083333333334 0.0494765625 0.1388888888888889
2 0.8059921875 0.9436666666666668 0.0616328125 0.11265277777777778
2 0.9852421874999999 0.9074027777777778 0.029515625 0.15740277777777778