0 0.12846875 0.33641666666666664 0.09721874999999999 0.1388888888888889
0 0.23871875 0.33411111111111114 0.0885390625 0.11883333333333333
0 0.32465625 0.33641666666666664 0.07465625000000001 0.11727777777777777
0 0.35546875 0.30169444444444443 0.0789921875 0.11265277777777778
0 0.44575 0.29320833333333335 0.0911484375 0.10802777777777778
0 0.5538203125 0.3225277777777778 0.0729140625 0.14815277777777777
0 0.62153125 0.3086388888888889 0.08159374999999999 0.13580555555555557
0 0.6901015625 0.2708333333333333 0.078125 0.10338888888888889
2 0.372828125 0.18363888888888888 0.068578125 0.13580555555555557
2 0.302953125 0.19212500000000002 0.0694453125 0.13734722222222223
2 0.234375 0.19906944444444447 0.0694453125 0.13580555555555557
2 0.1879375 0.28394444444444444 0.08940624999999999 0.06481944444444444
2 0.08246875000000001 0.2237638888888889 0.07465625000000001 0.1388888888888889
2 0.0234375 0.2314861111111111 0.046875 0.14505555555555555
2 0.15364843749999998 0.46373611111111107 0.076390625 0.1466111111111111
2 0.2335078125 0.45293055555555556 0.08159374999999999 0.15586111111111112
2 0.3138046875 0.43672222222222223 0.0772578125 0.15431944444444445
2 0.3910625 0.4212916666666666 0.07378124999999999 0.1512361111111111
2 0.466578125 0.4097222222222222 0.0772578125 0.1466111111111111
2 0.5421015625 0.39505555555555555 0.07378124999999999 0.14815277777777777
2 0.6154531249999999 0.3842638888888889 0.0729140625 0.14815277777777777
2 0.6892343750000001 0.3726805555555555 0.07465625000000001 0.1342638888888889
2 0.49913281249999997 0.7013888888888888 0.079859375 0.165125
2 0.58203125 0.6859583333333333 0.0859375 0.16204166666666667
2 0.6666640625 0.6697500000000001 0.078125 0.16975
2 0.7491328125 0.652 0.0833359375 0.15894444444444444
2 0.83203125 0.6365694444444444 0.0772578125 0.15894444444444444
2 0.913625 0.6257777777777778 0.084203125 0.16204166666666667
2 0.977 0.6072500000000001 0.0460078125 0.1527777777777778
2 0.9861093750000001 0.9429027777777778 0.02778125 0.11419444444444445
2 0.9236093750000001 0.9537083333333333 0.0885390625 0.09259722222222222