0 0.148875 0.7129583333333334 0.0703125 0.1327222222222222
0 0.24653125 0.709875 0.0625 0.129625
0 0.5186640625 0.6898194444444444 0.0616328125 0.11727777777777777
0 0.33740625 0.6983472222222222 0.064390625 0.1324861111111111
0 0.4326171875 0.6974861111111111 0.0810546875 0.12120833333333333
0 0.786625 0.6775138888888889 0.07171875 0.11729166666666667
0 0.697265625 0.6796944444444445 0.0718359375 0.11773611111111111
0 0.6098671875 0.6866388888888889 0.054203125 0.11577777777777777
2 0.6375859375 0.9220694444444444 0.09809375000000001 0.15586111111111112
2 0.742625 0.9174444444444444 0.1015625 0.165125
2 0.8459218749999999 0.9166666666666666 0.1015625 0.16666666666666666
2 0.94921875 0.9120416666666666 0.1015625 0.17593055555555556