0 0.12444531249999999 0.6607083333333333 0.0502265625 0.19444444444444445
0 0.5636171875 0.7728194444444444 0.053570312499999995 0.1686527777777778
0 0.5401796875 0.6974166666666667 0.0580390625 0.07341666666666667
0 0.7020078125 0.7063472222222222 0.0714296875 0.17856944444444445
0 0.728796875 0.6656805555555556 0.044640625 0.1527777777777778
0 0.66015625 0.6309583333333334 0.0457578125 0.15873611111111113
0 0.6065859375 0.5704305555555556 0.072546875 0.09325
0 0.5731015625 0.5436527777777778 0.0703125 0.11904166666666666
2 0.200890625 0.6329305555555556 0.0736640625 0.047625
2 0.1875 0.5575416666666667 0.0245546875 0.1111111111111111
2 0.135046875 0.6051527777777778 0.03125 0.11508333333333333
2 0.072546875 0.6607083333333333 0.033484375 0.11904166666666666
2 0.0435234375 0.6855138888888889 0.029015625 0.12102777777777778
2 0.0496640625 0.7708333333333334 0.088171875 0.05356944444444445
2 0.1378359375 0.6815416666666666 0.0792421875 0.04959722222222222
2 0.5027890625 0.8164722222222223 0.0234375 0.13293055555555555
2 0.5814765625 0.6984166666666667 0.0200859375 0.12301388888888888
2 0.6004453125 0.6676527777777778 0.017859375 0.12102777777777778
2 0.5619453125 0.7271805555555556 0.0189765625 0.12102777777777778
2 0.619421875 0.6388888888888888 0.0200859375 0.11508333333333333