0 0.19010156250000002 0.6319444444444444 0.04340625 0.18363888888888888
0 0.2356796875 0.7291666666666666 0.0460078125 0.2422777777777778
0 0.29340625 0.728388888888889 0.04340625 0.22530555555555556
0 0.4526875 0.6666666666666666 0.0598984375 0.1512361111111111
0 0.5160625 0.6774722222222221 0.0616328125 0.2006111111111111
0 0.5855 0.6736111111111112 0.0442734375 0.18981944444444443
0 0.61675 0.6504583333333334 0.0494765625 0.2237638888888889
0 0.6770859375 0.629625 0.0399296875 0.21605555555555556
2 0.0794296875 0.4614166666666667 0.0598984375 0.11727777777777777
2 0.0234375 0.47068055555555555 0.046875 0.129625
2 0.02778125 0.6527777777777778 0.0520859375 0.14815277777777777
2 0.09028125000000001 0.6373472222222222 0.0677109375 0.14197222222222222
2 0.157984375 0.6234583333333333 0.0677109375 0.14505555555555555
2 0.2239609375 0.6103333333333333 0.0625 0.13734722222222223
2 0.28559375 0.6018472222222222 0.05903125 0.14197222222222222
2 0.34809375 0.5895 0.06596874999999999 0.129625
2 0.41275781250000004 0.5794722222222223 0.0598984375 0.12808333333333333
2 0.3307265625 0.8155833333333333 0.0694453125 0.15894444444444444
2 0.40147656249999997 0.8001527777777778 0.068578125 0.1527777777777778
2 0.46961718750000003 0.7839444444444446 0.06596874999999999 0.1512361111111111
2 0.5368906250000001 0.772375 0.06684375000000001 0.15586111111111112
2 0.6024296875 0.7554027777777778 0.0625 0.15586111111111112
2 0.6671015625 0.7461388888888889 0.0633671875 0.1466111111111111
2 0.73090625 0.7307083333333334 0.06596874999999999 0.1466111111111111
2 0.7947031250000001 0.7175972222222222 0.0598984375 0.13580555555555557
2 0.7751718750000001 0.9614166666666667 0.079859375 0.07716666666666668
2 0.8506953125000001 0.9529305555555556 0.0711796875 0.0941388888888889
2 0.9822031250000001 0.9382777777777777 0.03559375 0.12345833333333334