0 0.146703125 0.7114166666666667 0.0729140625 0.1327222222222222
0 0.2430546875 0.7106527777777778 0.064234375 0.13734722222222223
0 0.3411484375 0.6944444444444444 0.0729140625 0.1512361111111111
0 0.43315625 0.7006111111111111 0.0677109375 0.129625
0 0.5186640625 0.6936666666666667 0.0633671875 0.125
0 0.609375 0.6851805555555556 0.0625 0.120375
0 0.6961796875 0.6820972222222222 0.0711796875 0.11419444444444445
0 0.7864609375 0.6736111111111112 0.07465625000000001 0.11573611111111111
2 0.6388906249999999 0.9220694444444444 0.09721874999999999 0.15586111111111112
2 0.742625 0.9197500000000001 0.099828125 0.1605
2 0.8433125 0.9166666666666666 0.1015625 0.16666666666666666
2 0.9474843749999999 0.915888888888889 0.10503124999999999 0.16820833333333332