0 0.177953125 0.6226805555555556 0.0416640625 0.21141666666666667
0 0.325953125 0.7476805555555556 0.0460078125 0.22068055555555555
0 0.381078125 0.7368888888888888 0.0520859375 0.18981944444444443
0 0.5516484375 0.727625 0.0494765625 0.2237638888888889
0 0.59375 0.7075555555555556 0.05034375 0.20833333333333334
0 0.6579843750000001 0.6851805555555556 0.06596874999999999 0.2006111111111111
0 0.6436640625 0.6458333333333334 0.040796874999999996 0.2145
0 0.69096875 0.6095694444444444 0.046875 0.19136111111111112
2 0.16796875 0.4891944444444445 0.0494765625 0.12654166666666666
2 0.11371875000000001 0.5061666666666667 0.0538203125 0.129625
2 0.0559921875 0.5177499999999999 0.0598984375 0.125
2 0.015187500000000001 0.5331805555555555 0.025171875 0.13734722222222223
2 0.15234375 0.7376527777777778 0.0633671875 0.14815277777777777
2 0.21484375 0.7168194444444445 0.0598984375 0.1466111111111111
2 0.275609375 0.696763888888889 0.05815625 0.1466111111111111
2 0.33289843750000003 0.6759305555555556 0.056421874999999996 0.1388888888888889
2 0.408421875 0.6890416666666667 0.07378124999999999 0.10648611111111111
2 0.4765625 0.6875 0.0868046875 0.07870833333333334
2 0.5264765625 0.6450555555555556 0.0616328125 0.09259722222222222
2 0.5572890625 0.6118888888888889 0.0520859375 0.12191666666666667
2 0.6184921875 0.9074027777777778 0.05815625 0.1512361111111111
2 0.6796875 0.8811666666666668 0.060765625000000004 0.1605
2 0.7400156250000001 0.8618888888888888 0.05815625 0.15894444444444444
2 0.7981796875 0.8387361111111111 0.056421874999999996 0.15586111111111112
2 0.8541640625 0.8233055555555555 0.0555546875 0.15894444444444444
2 0.9110234374999999 0.7839444444444446 0.056421874999999996 0.1111111111111111
2 0.9696171874999999 0.7816388888888889 0.05903125 0.15586111111111112