0 0.203125 0.6103333333333333 0.05034375 0.15894444444444444
0 0.26996875 0.7299444444444444 0.064234375 0.2314861111111111
0 0.33940625 0.7121944444444444 0.0520859375 0.18981944444444443
0 0.490015625 0.7075555555555556 0.0442734375 0.22068055555555555
0 0.5577265625 0.692125 0.0633671875 0.22068055555555555
0 0.6245625 0.6805555555555556 0.037328125000000004 0.21605555555555556
0 0.6432265625 0.6458333333333334 0.045140625000000004 0.2145
0 0.69096875 0.625 0.064234375 0.21295833333333336
2 0.2591171875 0.522375 0.0546875 0.125
2 0.19878125 0.5324027777777778 0.060765625000000004 0.12654166666666666
2 0.138890625 0.5462916666666666 0.06596874999999999 0.129625
2 0.0733515625 0.5540138888888889 0.0598984375 0.129625
2 0.022132812499999998 0.5679027777777778 0.040796874999999996 0.1388888888888889
2 0.180125 0.7469166666666667 0.068578125 0.14505555555555555
2 0.2495625 0.7307083333333334 0.0703125 0.14043055555555556
2 0.3177109375 0.7145 0.064234375 0.13580555555555557
2 0.38194531249999997 0.7029305555555556 0.0625 0.13734722222222223
2 0.444875 0.6820972222222222 0.0598984375 0.129625
2 0.5056406250000001 0.6697500000000001 0.05815625 0.129625
2 0.5651015625 0.6589444444444444 0.060765625000000004 0.129625
2 0.6241328125 0.647375 0.0555546875 0.125
2 0.6076406249999999 0.9174444444444444 0.06596874999999999 0.14969444444444444
2 0.6779531249999999 0.9027777777777778 0.0694453125 0.15740277777777778
2 0.74653125 0.8858055555555555 0.06596874999999999 0.1512361111111111
2 0.8116328125000001 0.8726805555555556 0.06596874999999999 0.1527777777777778
2 0.8767343750000001 0.8117222222222223 0.06596874999999999 0.06790277777777778
2 0.9453125 0.834875 0.0625 0.14815277777777777
2 0.9869765625 0.8317916666666666 0.022570312500000002 0.15431944444444445