0 0.2544609375 0.5386944444444445 0.0580390625 0.2043611111111111
0 0.259484375 0.40376388888888887 0.0457578125 0.14880555555555555
0 0.3292421875 0.3888888888888889 0.053570312499999995 0.17856944444444445
0 0.390140625 0.523 0.07684375 0.204
0 0.48364062499999994 0.40559722222222216 0.0718359375 0.18738888888888888
0 0.4052734375 0.33984722222222224 0.05071875 0.1659027777777778
0 0.4360390625 0.3031666666666667 0.052914062500000004 0.15787500000000002
2 0.012273437500000001 0.48512500000000003 0.0245546875 0.14484722222222224
2 0.051898437500000005 0.45337500000000003 0.0435234375 0.140875
2 0.0965390625 0.4156805555555556 0.0435234375 0.13690277777777776
2 0.1411796875 0.38095833333333334 0.041296875 0.1388888888888889
2 0.1847109375 0.34820833333333334 0.0435234375 0.13293055555555555
2 0.2276796875 0.31151388888888887 0.0401796875 0.12301388888888888
2 0.290734375 0.29959722222222224 0.072546875 0.05952777777777778
2 0.48939843749999995 0.7311527777777778 0.041296875 0.1527777777777778
2 0.5306953125 0.6785694444444444 0.0390625 0.15079166666666666
2 0.5708671875 0.639875 0.036828125 0.14484722222222224
2 0.609375 0.5932499999999999 0.0379453125 0.1428611111111111
2 0.646765625 0.5565416666666666 0.0346015625 0.13690277777777776
2 0.6824765625 0.5188472222222222 0.0346015625 0.13293055555555555
2 0.71875 0.47718055555555555 0.033484375 0.140875
2 0.752234375 0.4384861111111111 0.03125 0.1388888888888889