0 0.14496875 0.7137361111111111 0.07465625000000001 0.13116666666666665
0 0.244359375 0.7091111111111111 0.0598984375 0.13734722222222223
0 0.34071093750000003 0.7029305555555556 0.0651015625 0.13734722222222223
0 0.431421875 0.6959861111111111 0.0677109375 0.120375
0 0.5160625 0.6905833333333333 0.0633671875 0.125
0 0.6089375 0.6851805555555556 0.0546875 0.11727777777777777
0 0.6974843749999999 0.6805555555555556 0.068578125 0.11727777777777777
0 0.7877578125 0.6720694444444444 0.06684375000000001 0.11573611111111111
2 0.6401875 0.9220694444444444 0.1015625 0.15586111111111112
2 0.7434921875 0.9174444444444444 0.1015625 0.165125
2 0.8424453125 0.915888888888889 0.099828125 0.16820833333333332
2 0.9466171875 0.9143472222222223 0.103296875 0.17129166666666668