0 0.1163203125 0.6126527777777778 0.046875 0.19444444444444445
0 0.37153125 0.75 0.078125 0.20679166666666665
0 0.42317968749999996 0.709875 0.052953125000000004 0.129625
0 0.5924453125 0.6805555555555556 0.0703125 0.10494444444444445
0 0.6302109375 0.6466111111111111 0.0572890625 0.07098611111111111
0 0.640625 0.6118888888888889 0.079859375 0.0756111111111111
0 0.6085078125 0.571763888888889 0.032984374999999996 0.10338888888888889
0 0.6432265625 0.5347222222222222 0.03125 0.10956944444444444
2 0.29774218750000003 0.5455277777777777 0.0416640625 0.12808333333333333
2 0.25346875 0.5617222222222222 0.045140625000000004 0.12654166666666666
2 0.2061640625 0.5825555555555556 0.0460078125 0.125
2 0.1592890625 0.6049444444444444 0.0460078125 0.13580555555555557
2 0.0555546875 0.6419722222222223 0.048609374999999996 0.13580555555555557
2 0.11067968749999998 0.625 0.05121875 0.129625
2 0.444875 0.8379583333333334 0.0442734375 0.15431944444444445
2 0.49305468750000003 0.8055555555555556 0.045140625000000004 0.14815277777777777
2 0.5390625 0.7816388888888889 0.045140625000000004 0.1466111111111111
2 0.5872421875 0.7554027777777778 0.0477421875 0.14351388888888889
2 0.6328125 0.7245416666666666 0.0416640625 0.14043055555555556
2 0.6744765625 0.7052499999999999 0.0381953125 0.13580555555555557
2 0.7178828125 0.6867222222222222 0.04340625 0.13580555555555557
2 0.757375 0.6674444444444444 0.03559375 0.14351388888888889