0 0.1493046875 0.6458333333333334 0.0625 0.21141666666666667
0 0.342015625 0.723 0.1180546875 0.10956944444444444
0 0.41666406250000004 0.7268472222222223 0.0833359375 0.09568055555555556
0 0.5672734375 0.7453749999999999 0.0477421875 0.21605555555555556
0 0.61328125 0.7006111111111111 0.0546875 0.1388888888888889
0 0.6666640625 0.6720694444444444 0.064234375 0.13734722222222223
0 0.6501718750000001 0.5933611111111111 0.0572890625 0.084875
0 0.694875 0.5810138888888888 0.068578125 0.10648611111111111
2 0.2955703125 0.5601805555555556 0.052953125000000004 0.11727777777777777
2 0.234375 0.6589444444444444 0.10416406250000002 0.040125
2 0.079859375 0.6280833333333333 0.0572890625 0.13580555555555557
2 0.025609375 0.6458333333333334 0.0494765625 0.13116666666666665
2 0.14496875 0.6195972222222222 0.060765625000000004 0.11573611111111111
2 0.3567734375 0.8333333333333334 0.05903125 0.14505555555555555
2 0.4140625 0.8078749999999999 0.0538203125 0.1466111111111111
2 0.46788281249999997 0.7862638888888889 0.0538203125 0.14043055555555556
2 0.523875 0.7654305555555556 0.0546875 0.14505555555555555
2 0.7265625 0.6944444444444444 0.046875 0.1388888888888889
2 0.6770859375 0.7137361111111111 0.048609374999999996 0.13734722222222223
2 0.62890625 0.7322500000000001 0.0477421875 0.14351388888888889
2 0.5772578125 0.7484583333333333 0.0520859375 0.14197222222222222