0 0.13715625 0.6859583333333333 0.0538203125 0.26080555555555557
0 0.2200546875 0.6851805555555556 0.0477421875 0.209875
0 0.288625 0.6790138888888889 0.0546875 0.2283888888888889
0 0.3754375 0.6628055555555556 0.052953125000000004 0.22068055555555555
0 0.45442968749999996 0.6589444444444444 0.0598984375 0.21913888888888888
0 0.5464375 0.6442916666666666 0.0494765625 0.2145
0 0.6158828125 0.6319444444444444 0.05121875 0.2175972222222222
0 0.7092031249999999 0.6219166666666667 0.04340625 0.22530555555555556
2 0.1796875 0.5015416666666667 0.0729140625 0.14505555555555555
2 0.10503124999999999 0.5077222222222222 0.078125 0.14505555555555555
2 0.030382812500000002 0.6844166666666667 0.05903125 0.16204166666666667
2 0.10503124999999999 0.6736111111111112 0.09028125000000001 0.14969444444444444
2 0.3450546875 0.6489166666666667 0.0755234375 0.1527777777777778
2 0.26649218750000003 0.6589444444444444 0.08159374999999999 0.14505555555555555
2 0.4214375 0.6419722222222223 0.0755234375 0.14815277777777777
2 0.5182265625 0.6512361111111111 0.0833359375 0.10184722222222221
2 0.5724843749999999 0.620375 0.0755234375 0.14505555555555555
2 0.372828125 0.8441388888888889 0.08940624999999999 0.17283333333333334
2 0.45963281250000004 0.834875 0.084203125 0.16666666666666666
2 0.5442734375 0.8217638888888888 0.0833359375 0.165125
2 0.6276015625 0.8125 0.08159374999999999 0.16204166666666667
2 0.7096328125 0.8047777777777778 0.084203125 0.16820833333333332
2 0.79340625 0.7955277777777777 0.08159374999999999 0.16820833333333332
2 0.8763046875 0.7731527777777777 0.08246875000000001 0.13580555555555557
2 0.95659375 0.7793194444444445 0.076390625 0.1605
2 0.78559375 0.9722222222222222 0.092015625 0.05555555555555555
2 0.87890625 0.9691388888888889 0.0946171875 0.06172222222222222