0 0.14583593749999998 0.42901388888888886 0.0572890625 0.21605555555555556
0 0.27821093750000003 0.4336388888888889 0.0546875 0.20679166666666665
0 0.37890625 0.3919722222222223 0.0859375 0.1327222222222222
0 0.37022656249999997 0.3649722222222222 0.0442734375 0.18981944444444443
0 0.44053906249999997 0.35338888888888886 0.052953125000000004 0.21605555555555556
0 0.5963515625 0.33565277777777774 0.09721874999999999 0.10648611111111111
0 0.6141484375 0.34644444444444444 0.0633671875 0.19906944444444447
0 0.67621875 0.32176388888888885 0.0572890625 0.20216666666666666
2 0.3216171875 0.2314861111111111 0.0616328125 0.1388888888888889
2 0.40928906249999997 0.28626388888888893 0.0807265625 0.06018055555555556
2 0.25867968750000003 0.2484583333333333 0.064234375 0.14197222222222222
2 0.19010156250000002 0.2662083333333333 0.0677109375 0.13734722222222223
2 0.1202265625 0.2777777777777778 0.0651015625 0.13580555555555557
2 0.048609374999999996 0.2962916666666667 0.07465625000000001 0.1388888888888889
2 0.26866406249999997 0.5594166666666667 0.06684375000000001 0.15586111111111112
2 0.34028125 0.5347222222222222 0.0729140625 0.15894444444444444
2 0.413625 0.5169722222222223 0.0703125 0.1512361111111111
2 0.48567968749999996 0.4961388888888889 0.072046875 0.1466111111111111
2 0.55425 0.4768472222222222 0.06684375000000001 0.1512361111111111
2 0.6223984375 0.45755555555555555 0.0677109375 0.1466111111111111
2 0.6927109375 0.4405833333333334 0.0711796875 0.1466111111111111
2 0.7599843749999999 0.4166666666666667 0.0598984375 0.14505555555555555
2 0.6953125 0.8317916666666666 0.0694453125 0.16975
2 0.7712656250000001 0.8070972222222222 0.0789921875 0.17593055555555556
2 0.8493906250000001 0.7515416666666667 0.0772578125 0.10184722222222221
2 0.9266484374999999 0.7515416666666667 0.0755234375 0.17283333333333334
2 0.9826406249999999 0.7415138888888889 0.03471875 0.15894444444444444
2 0.06293750000000001 0.05401388888888889 0.0616328125 0.10802777777777778