0 0.1484375 0.7121944444444444 0.076390625 0.1342638888888889
0 0.244359375 0.7091111111111111 0.0633671875 0.125
0 0.337671875 0.7021666666666667 0.06596874999999999 0.1388888888888889
0 0.5177968749999999 0.692125 0.068578125 0.11883333333333333
0 0.43188281249999994 0.6970555555555555 0.0810546875 0.12055555555555555
0 0.609375 0.6861944444444444 0.0615234375 0.11663888888888889
0 0.7880859375 0.6736111111111112 0.0725078125 0.11643055555555555
0 0.69678125 0.680125 0.072265625 0.11534722222222221
2 0.6397578125 0.9220694444444444 0.1006953125 0.15586111111111112
2 0.74175 0.9189861111111111 0.09809375000000001 0.16204166666666667
2 0.8454843750000001 0.9174444444444444 0.1024296875 0.165125
2 0.9483515625000001 0.915125 0.103296875 0.16975