0 0.2862734375 0.49404166666666666 0.1104921875 0.11904166666666666
0 0.3041328125 0.41765277777777776 0.0502265625 0.18848611111111113
0 0.42633593750000004 0.4990138888888889 0.0714296875 0.15675
0 0.513671875 0.30751388888888886 0.058562499999999997 0.15875
0 0.5336953125 0.3940972222222222 0.0753203125 0.14941666666666667
0 0.375734375 0.39193055555555556 0.057374999999999995 0.1890138888888889
0 0.46801562499999994 0.3461388888888889 0.07684375 0.16134722222222223
2 0.1439765625 0.21130555555555552 0.044640625 0.12102777777777778
2 0.1339296875 0.30456944444444445 0.0825859375 0.06944444444444445
2 0.048546875 0.27579166666666666 0.0502265625 0.13095833333333334
2 0.01171875 0.29265277777777776 0.0234375 0.11706944444444445
2 0.2622734375 0.6369027777777778 0.044640625 0.15079166666666666
2 0.3130546875 0.5952361111111111 0.052453125 0.1428611111111111
2 0.364953125 0.5565416666666666 0.046875 0.14484722222222224
2 0.41517968749999995 0.5228194444444445 0.046875 0.140875
2 0.46205468749999995 0.4861111111111111 0.046875 0.13491666666666666
2 0.5078125 0.4513888888888889 0.0424140625 0.13293055555555555
2 0.5965390625 0.38393055555555555 0.0346015625 0.1289722222222222
2 0.553015625 0.42262500000000003 0.0457578125 0.13491666666666666
2 0.9637265625 0.7529722222222222 0.0390625 0.16070833333333331
2 0.9196406250000001 0.7648750000000001 0.0424140625 0.08531944444444445
2 0.9933046875 0.7222222222222222 0.013390625 0.1547638888888889