0 0.11495312499999999 0.6845277777777778 0.064734375 0.1745972222222222
0 0.5200859375 0.8035694444444446 0.064734375 0.12301388888888888
0 0.6088203125 0.7936527777777778 0.0546875 0.1706388888888889
0 0.552453125 0.5873055555555555 0.064734375 0.1547638888888889
0 0.6021171875 0.6170694444444444 0.056921875 0.1428611111111111
0 0.6651796875 0.6478194444444445 0.053570312499999995 0.1527777777777778
0 0.7221015625 0.7202361111111112 0.064734375 0.1547638888888889
0 0.743859375 0.6815416666666666 0.056921875 0.140875
2 0.3471015625 0.6021805555555555 0.015625 0.10119444444444445
2 0.330359375 0.6240138888888889 0.017859375 0.10912499999999999
2 0.310828125 0.6547638888888889 0.0189765625 0.1071388888888889
2 0.296875 0.6775833333333333 0.013390625 0.10119444444444445
2 0.2778984375 0.7013888888888888 0.015625 0.10912499999999999
2 0.2622734375 0.7301527777777779 0.013390625 0.12698611111111113
2 0.220421875 0.796625 0.0189765625 0.125