0 0.1410625 0.44598611111111114 0.0703125 0.19444444444444445
0 0.28602343750000003 0.4760833333333333 0.0772578125 0.22068055555555555
0 0.3910625 0.46681944444444445 0.0494765625 0.2175972222222222
0 0.589359375 0.3932361111111111 0.05071875 0.20756944444444442
0 0.44067187499999994 0.37477777777777777 0.044101562500000004 0.20301388888888888
0 0.6430703125 0.32140277777777776 0.0512734375 0.17469444444444446
0 0.3623046875 0.37651388888888887 0.043765625 0.15961111111111112
0 0.6046015625 0.3449027777777778 0.03559375 0.1743888888888889
2 0.0946171875 0.14043055555555556 0.09375 0.04938888888888889
2 0.020398437499999998 0.09027777777777778 0.040796874999999996 0.14043055555555556
2 0.0360234375 0.3680555555555556 0.06684375000000001 0.14969444444444444
2 0.022132812499999998 0.4629583333333333 0.04253125 0.052472222222222226
2 0.10416406250000002 0.35262499999999997 0.06596874999999999 0.15586111111111112
2 0.1688359375 0.33179166666666665 0.0633671875 0.14197222222222222
2 0.2335078125 0.31172222222222223 0.06596874999999999 0.1388888888888889
2 0.2981796875 0.28858333333333336 0.0598984375 0.1388888888888889
2 0.453125 0.317125 0.0989609375 0.06018055555555556
2 0.37890625 0.31095833333333334 0.0651015625 0.06018055555555556
2 0.36414843750000003 0.6373472222222222 0.0633671875 0.15740277777777778
2 0.43446093750000003 0.6087916666666666 0.07378124999999999 0.15586111111111112
2 0.5052109375 0.584875 0.06596874999999999 0.1512361111111111
2 0.5720468750000001 0.5570972222222222 0.0677109375 0.1512361111111111
2 0.6380234375 0.5324027777777778 0.064234375 0.15740277777777778
2 0.7022578125 0.5108055555555555 0.064234375 0.1512361111111111
2 0.7673593750000001 0.4891944444444445 0.0625 0.14815277777777777
2 0.8294296875 0.4652777777777778 0.0598984375 0.1466111111111111
2 0.984375 0.8827222222222222 0.03125 0.16975
2 0.9318593749999999 0.9004583333333334 0.0703125 0.19906944444444447
2 0.851125 0.9706805555555555 0.0703125 0.058638888888888886