0 0.1746640625 0.47718055555555555 0.0435234375 0.16468055555555555
0 0.23883593749999998 0.4623055555555556 0.044640625 0.16269444444444445
0 0.3275703125 0.44940277777777776 0.0435234375 0.08929166666666667
0 0.45033593749999995 0.43254166666666666 0.0703125 0.07936111111111112
0 0.5228828125 0.39781944444444445 0.0390625 0.140875
0 0.5714296875 0.39087500000000003 0.03125 0.12301388888888888
2 0.271203125 0.16765277777777776 0.0424140625 0.08134722222222222
2 0.2265625 0.17658333333333334 0.046875 0.08333333333333333
2 0.1803046875 0.18255555555555555 0.047203125 0.08479166666666667
2 0.1335859375 0.1925 0.047203125 0.08219444444444444
2 0.08540624999999999 0.2011527777777778 0.047203125 0.08565277777777779
2 0.035765625 0.20720833333333333 0.050124999999999996 0.08391666666666667
2 0.079328125 0.37677777777777777 0.0525625 0.09430555555555556
2 0.1326171875 0.3655277777777778 0.05304687500000001 0.09084722222222222
2 0.1846875 0.3547222222222222 0.050124999999999996 0.09170833333333334
2 0.2348125 0.3421666666666667 0.0481796875 0.09084722222222222
2 0.28347656250000003 0.3339583333333333 0.049148437499999996 0.08997222222222222
2 0.3323828125 0.32184722222222223 0.047695312499999996 0.09690277777777777
2 0.380078125 0.31448611111111113 0.049640625 0.09084722222222222
2 0.42728124999999995 0.30454166666666665 0.043796875 0.08825
2 0.2438125 0.5467916666666667 0.05547656250000001 0.09690277777777777
2 0.2983203125 0.5316388888888889 0.053531249999999996 0.09776388888888889
2 0.3506328125 0.5212638888888889 0.05207031250000001 0.09430555555555556
2 0.4031953125 0.506986111111111 0.05304687500000001 0.09690277777777777
2 0.45550781249999994 0.49704166666666666 0.050609375 0.09256944444444445
2 0.5063671875 0.4831944444444444 0.049148437499999996 0.09430555555555556
2 0.556734375 0.47237500000000004 0.049640625 0.09170833333333334
2 0.605640625 0.46026388888888886 0.047203125 0.098625
2 0.43336718750000003 0.7509583333333334 0.058882812500000006 0.11420833333333334
2 0.49128125 0.7353888888888889 0.05596875 0.11247222222222222
2 0.54821875 0.7185138888888889 0.056937499999999995 0.109875
2 0.6041796875000001 0.70425 0.054015625 0.10555555555555556
2 0.6584453124999999 0.6891111111111111 0.053531249999999996 0.10813888888888888
2 0.713921875 0.6748333333333333 0.05645312500000001 0.10208333333333333
2 0.7694062500000001 0.6605555555555556 0.054507812499999996 0.10295833333333333
2 0.8229374999999999 0.648875 0.053531249999999996 0.10727777777777778
2 0.6659921875 0.9689166666666666 0.0647265625 0.06216666666666666
2 0.7287656250000001 0.9598333333333334 0.058882812500000006 0.08033333333333334
2 0.790328125 0.95075 0.061320312499999995 0.0985
2 0.8538359375000001 0.9416666666666667 0.059859375000000006 0.11666666666666667
2 0.9161328125000001 0.9309166666666666 0.0647265625 0.11766666666666667
2 0.974734375 0.9192361111111111 0.05053125000000001 0.11852777777777779