0 0.3018984375 0.7132916666666668 0.1082578125 0.11309722222222224
0 0.306359375 0.6755972222222222 0.0658515625 0.2162638888888889
0 0.3643984375 0.6527777777777778 0.0546875 0.2301527777777778
0 0.44977343750000004 0.6369027777777778 0.09375 0.2777777777777778
0 0.47935156250000005 0.5763888888888888 0.0457578125 0.2361111111111111
0 0.494421875 0.4861111111111111 0.0825859375 0.26190277777777776
0 0.654015625 0.578375 0.0625 0.24801388888888887
0 0.685828125 0.48015277777777776 0.0814765625 0.25397222222222227
2 0.3515625 0.4583333333333333 0.0357109375 0.17856944444444445
2 0.3136171875 0.4990138888888889 0.0424140625 0.18055555555555555
2 0.2723203125 0.546625 0.033484375 0.18848611111111113
2 0.2254453125 0.5873055555555555 0.0401796875 0.19444444444444445
2 0.1300234375 0.6875 0.0479921875 0.18848611111111113
2 0.0770078125 0.7420694444444444 0.049109375 0.1904722222222222
2 0.025671875 0.7926527777777779 0.044640625 0.20040277777777776
2 0.8498906249999999 0.9384861111111111 0.0301328125 0.12301388888888888
2 0.8839296875 0.9057499999999999 0.0379453125 0.18848611111111113
2 0.9207578125 0.8571388888888889 0.03125 0.19444444444444445
2 0.9520078125 0.8075416666666666 0.03125 0.19444444444444445
2 0.984375 0.7549583333333334 0.03125 0.19643055555555555