0 0.1607109375 0.7251944444444445 0.0714296875 0.22818055555555555
0 0.2572578125 0.7103194444444445 0.0703125 0.23809722222222224
0 0.376671875 0.7043611111111111 0.0591484375 0.2222222222222222
0 0.48046875 0.7043611111111111 0.056921875 0.21429166666666666
0 0.5853828125 0.6875 0.056921875 0.2162638888888889
0 0.68359375 0.6835277777777777 0.0658515625 0.20833333333333334
0 0.7846015625 0.6666666666666666 0.0736640625 0.2301527777777778
0 0.88671875 0.6646805555555555 0.0703125 0.22619444444444448
2 0.6556953125 0.9593194444444445 0.11272656249999999 0.08134722222222222
2 0.7706484375 0.9543611111111111 0.11272656249999999 0.09126388888888888
2 0.8833671875 0.9504027777777777 0.11272656249999999 0.09920833333333334
2 0.9715390625 0.9464305555555554 0.056921875 0.1071388888888889