0 0.1417421875 0.5555555555555556 0.078125 0.25397222222222227
0 0.252234375 0.5347222222222222 0.078125 0.24801388888888887
0 0.3565859375 0.5109166666666667 0.0770078125 0.25991666666666663
0 0.46149218750000004 0.515875 0.0658515625 0.26190277777777776
0 0.5044609375 0.4751944444444444 0.0669609375 0.2361111111111111
0 0.5903984375 0.46925 0.049109375 0.2361111111111111
0 0.6026796875 0.3928611111111111 0.0714296875 0.17856944444444445
0 0.734375 0.44147222222222227 0.075890625 0.25991666666666663
0 0.755578125 0.3720277777777778 0.0580390625 0.15675
2 0.0284609375 0.17758333333333334 0.056921875 0.13690277777777776
2 0.0245546875 0.3501944444444444 0.049109375 0.15675
2 0.0892890625 0.33829166666666666 0.075890625 0.14880555555555555
2 0.1635078125 0.327375 0.0747734375 0.14681944444444445
2 0.3125 0.3055555555555556 0.0625 0.13491666666666666
2 0.1043515625 0.5803611111111111 0.0903984375 0.14880555555555555
2 0.20257031250000002 0.5644861111111111 0.099328125 0.08929166666666667
2 0.349890625 0.515875 0.072546875 0.16666666666666666
2 0.44475781249999996 0.5297638888888889 0.088171875 0.12698611111111113
2 0.521203125 0.4870972222222222 0.0669609375 0.14880555555555555
2 0.5887265625 0.4672638888888889 0.0703125 0.15675
2 0.6651796875 0.4484166666666667 0.078125 0.15873611111111113
2 0.739953125 0.4444444444444444 0.0736640625 0.15873611111111113
2 0.5044609375 0.7946388888888889 0.091515625 0.19245833333333331
2 0.595984375 0.7718194444444445 0.091515625 0.1904722222222222
2 0.6880546875 0.7311527777777778 0.0903984375 0.16070833333333331
2 0.77734375 0.7261944444444445 0.0903984375 0.17856944444444445
2 0.8671875 0.7113055555555555 0.091515625 0.19245833333333331
2 0.9575859375 0.6924583333333333 0.0848203125 0.1745972222222222