0 0.1222109375 0.5267916666666667 0.0457578125 0.2361111111111111
0 0.2276796875 0.5109166666666667 0.0424140625 0.22818055555555555
0 0.3236640625 0.5049583333333333 0.049109375 0.23213888888888887
0 0.40569531249999996 0.5019861111111111 0.0502265625 0.24206944444444442
0 0.48325781250000005 0.4751944444444444 0.053570312499999995 0.24404166666666668
0 0.57421875 0.4751944444444444 0.056921875 0.2162638888888889
0 0.654015625 0.4613055555555555 0.0379453125 0.2202361111111111
0 0.7120546875 0.4613055555555555 0.0401796875 0.2202361111111111
0 0.763953125 0.4444444444444444 0.0435234375 0.2301527777777778
2 0.1339296875 0.2172638888888889 0.0625 0.11309722222222224
2 0.0145078125 0.21824999999999997 0.029015625 0.1111111111111111
2 0.045203125 0.34325 0.072546875 0.13491666666666666
2 0.1222109375 0.33531944444444445 0.0703125 0.12698611111111113
2 0.193640625 0.3293611111111111 0.072546875 0.12698611111111113
2 0.2667421875 0.32440277777777776 0.0714296875 0.1289722222222222
2 0.338171875 0.31845833333333334 0.0691953125 0.1289722222222222
2 0.18359375 0.4672638888888889 0.0792421875 0.14484722222222224
2 0.267296875 0.4613055555555555 0.0859375 0.15675
2 0.3471015625 0.46031944444444445 0.075890625 0.1547638888888889
2 0.42299218749999995 0.44940277777777776 0.078125 0.15675
2 0.497765625 0.43948611111111113 0.0714296875 0.14880555555555555
2 0.2628359375 0.6319444444444444 0.0903984375 0.17658333333333334
2 0.3521171875 0.6259861111111111 0.0903984375 0.1686527777777778
2 0.439734375 0.6140833333333333 0.0848203125 0.16070833333333331
2 0.53125 0.6061527777777778 0.0870546875 0.16468055555555555
2 0.6166328125 0.5992083333333333 0.0814765625 0.16269444444444445
2 0.6997734375 0.5942500000000001 0.0848203125 0.16070833333333331
2 0.7840390625 0.5803611111111111 0.083703125 0.15675
2 0.8688593750000001 0.5724166666666667 0.083703125 0.16070833333333331
2 0.9508906250000001 0.5684583333333334 0.080359375 0.16070833333333331
2 0.5669609375 0.8263888888888888 0.0982109375 0.1845277777777778
2 0.6646171875 0.810513888888889 0.099328125 0.1845277777777778
2 0.7628359375 0.8025833333333333 0.0971015625 0.1845277777777778
2 0.8604921875 0.7906805555555555 0.095984375 0.18055555555555555
2 0.9547968750000001 0.7817500000000001 0.0903984375 0.18254166666666669