0 0.1875 0.7390833333333333 0.1026796875 0.33134722222222224
0 0.1908515625 0.6111111111111112 0.109375 0.25793055555555555
0 0.2706484375 0.5882916666666667 0.0792421875 0.3154722222222222
0 0.5044609375 0.5962361111111112 0.1160703125 0.29959722222222224
0 0.6166328125 0.5535694444444444 0.0479921875 0.29365277777777776
0 0.583703125 0.46031944444444445 0.0848203125 0.25
0 0.568078125 0.3462361111111111 0.078125 0.19643055555555555
0 0.3091484375 0.35912499999999997 0.064734375 0.25
2 0.0814765625 0.46329166666666666 0.0669609375 0.19643055555555555
2 0.07421875 0.6150833333333333 0.1261171875 0.08333333333333333
2 0.1478828125 0.42162499999999997 0.0636171875 0.18848611111111113
2 0.2098203125 0.38095833333333334 0.0580390625 0.17856944444444445
2 0.265625 0.3422638888888889 0.053570312499999995 0.18055555555555555
2 0.318640625 0.30852777777777773 0.0479921875 0.17658333333333334
2 0.6160703125 0.8988055555555555 0.053570312499999995 0.202375
2 0.6746640625 0.8492083333333332 0.061382812499999995 0.21824999999999997
2 0.734375 0.7906805555555555 0.055804687500000005 0.23213888888888887
2 0.7901796875 0.7301527777777779 0.0513359375 0.21824999999999997
2 0.8431953125 0.6736111111111112 0.0502265625 0.2202361111111111
2 0.8928593749999999 0.6210277777777777 0.044640625 0.21031944444444445
2 0.9397343749999999 0.5724166666666667 0.049109375 0.21230555555555558
2 0.9827031249999999 0.5307499999999999 0.0346015625 0.2043611111111111