0 0.12890625 0.6130972222222222 0.0792421875 0.3055555555555556
0 0.21038281250000002 0.5734166666666667 0.0770078125 0.26190277777777776
0 0.3058046875 0.5535694444444444 0.0736640625 0.3095277777777778
0 0.49107031250000005 0.5873055555555555 0.0736640625 0.3015833333333333
0 0.517296875 0.36309722222222224 0.0703125 0.1904722222222222
0 0.615515625 0.5545694444444444 0.0770078125 0.2797638888888889
0 0.68359375 0.514875 0.0546875 0.3194444444444444
0 0.763390625 0.4345277777777778 0.0669609375 0.3095277777777778
2 0.2890625 0.25098611111111113 0.0714296875 0.16070833333333331
2 0.213171875 0.2678611111111111 0.075890625 0.1706388888888889
2 0.1294609375 0.28075 0.080359375 0.1686527777777778
2 0.045203125 0.30356944444444445 0.0814765625 0.1745972222222222
2 0.0435234375 0.6299583333333333 0.080359375 0.2043611111111111
2 0.157921875 0.610125 0.1082578125 0.14880555555555555
2 0.236609375 0.578375 0.095984375 0.19643055555555555
2 0.3677421875 0.6299583333333333 0.135046875 0.10912499999999999
2 0.43024218750000004 0.5317500000000001 0.0814765625 0.21429166666666666
2 0.5496640625 0.5426527777777778 0.1015625 0.11309722222222224
2 0.611046875 0.4761944444444445 0.0792421875 0.1904722222222222
2 0.6953125 0.45734722222222224 0.0736640625 0.18055555555555555
2 0.7689765625 0.4365138888888889 0.075890625 0.17856944444444445
2 0.6294609375 0.9077361111111112 0.1004453125 0.1845277777777778
2 0.7332578125 0.8918611111111111 0.0982109375 0.2162638888888889
2 0.8381718749999999 0.8611111111111112 0.1026796875 0.234125
2 0.9419609375 0.8412638888888889 0.1004453125 0.23809722222222224