0 0.1651796875 0.40079166666666666 0.0870546875 0.12698611111111113
0 0.2315859375 0.38690277777777776 0.0792421875 0.11904166666666666
0 0.3130546875 0.375 0.088171875 0.11904166666666666
0 0.396765625 0.36706944444444445 0.072546875 0.10318055555555557
0 0.47935156250000005 0.3571388888888889 0.068078125 0.1111111111111111
0 0.540734375 0.3293611111111111 0.0658515625 0.12698611111111113
0 0.6043515625 0.31845833333333334 0.0658515625 0.10515277777777778
0 0.7098203125 0.31845833333333334 0.080359375 0.11309722222222224
2 0.1222109375 0.07341666666666667 0.061382812499999995 0.12301388888888888
2 0.0546875 0.07936111111111112 0.060265625 0.12301388888888888
2 0.0401796875 0.28968055555555555 0.0714296875 0.1388888888888889
2 0.11272656249999999 0.2777777777777778 0.0736640625 0.1388888888888889
2 0.185828125 0.2668611111111111 0.0703125 0.13690277777777776
2 0.2572578125 0.25595833333333334 0.0703125 0.1388888888888889
2 0.3292421875 0.24801388888888887 0.0691953125 0.1388888888888889
2 0.396203125 0.2361111111111111 0.064734375 0.13491666666666666
2 0.1808046875 0.5129027777777778 0.078125 0.14484722222222224
2 0.260046875 0.5 0.080359375 0.1547638888888889
2 0.341515625 0.49008333333333337 0.075890625 0.1547638888888889
2 0.41796875 0.47420833333333334 0.072546875 0.15873611111111113
2 0.494421875 0.4623055555555556 0.0736640625 0.15873611111111113
2 0.5669609375 0.4504027777777778 0.0691953125 0.15079166666666666
2 0.6395078125 0.4384861111111111 0.075890625 0.15079166666666666
2 0.7142890625 0.4245972222222222 0.0691953125 0.14681944444444445
2 0.525671875 0.7569444444444444 0.0848203125 0.1686527777777778
2 0.611609375 0.7410694444444446 0.078125 0.1686527777777778
2 0.6941953125 0.7251944444444445 0.0825859375 0.172625
2 0.775671875 0.7083333333333334 0.078125 0.16666666666666666
2 0.8577031249999999 0.6934583333333334 0.0814765625 0.16468055555555555
2 0.9386171875 0.6805555555555556 0.078125 0.15873611111111113