0 0.135046875 0.5208333333333334 0.0691953125 0.125
0 0.224328125 0.5198472222222222 0.0625 0.11904166666666666
0 0.3197578125 0.514875 0.0636171875 0.10912499999999999
0 0.40289843750000004 0.5069444444444444 0.0691953125 0.125
0 0.48828125 0.5019861111111111 0.0636171875 0.1111111111111111
0 0.5770078125 0.5089305555555556 0.0580390625 0.11309722222222224
0 0.6685234375 0.5079305555555556 0.055804687500000005 0.10318055555555557
0 0.7494453125 0.4930555555555556 0.0591484375 0.11309722222222224
0 0.8309140625 0.49206944444444445 0.0591484375 0.11508333333333333
2 0.423546875 0.6954305555555556 0.0971015625 0.17658333333333334
2 0.521203125 0.6875 0.09375 0.172625
2 0.6183046875 0.6765833333333333 0.1004453125 0.1706388888888889
2 0.716515625 0.671625 0.095984375 0.16468055555555555
2 0.8152890625 0.6696388888888889 0.099328125 0.16070833333333331
2 0.9135078125 0.6666666666666666 0.0971015625 0.15873611111111113
2 0.98046875 0.6597222222222222 0.0390625 0.15675
2 0.6573671875 0.8492083333333332 0.109375 0.18651388888888887
2 0.763953125 0.8442500000000001 0.10602343750000001 0.18848611111111113
2 0.8705390625 0.8422638888888888 0.109375 0.18848611111111113
2 0.9631718749999999 0.8363055555555555 0.0736640625 0.1845277777777778
2 0.9380546875 0.9652777777777778 0.1238828125 0.06944444444444445