0 0.1941953125 0.5515833333333333 0.053570312499999995 0.22619444444444448
0 0.216515625 0.49106944444444445 0.049109375 0.24801388888888887
0 0.267296875 0.4583333333333333 0.0703125 0.24206944444444442
0 0.41350781249999996 0.45237499999999997 0.0792421875 0.21824999999999997
0 0.47210156249999996 0.4196388888888889 0.0691953125 0.21230555555555558
0 0.5385078125 0.26884722222222224 0.0457578125 0.2202361111111111
0 0.43303906249999996 0.3333333333333333 0.0401796875 0.16666666666666666
0 0.421875 0.28175 0.0669609375 0.1706388888888889
2 0.361046875 0.26290277777777776 0.041296875 0.1527777777777778
2 0.318078125 0.297625 0.0424140625 0.15079166666666666
2 0.2723203125 0.33431944444444445 0.0424140625 0.1527777777777778
2 0.2254453125 0.3640833333333333 0.044640625 0.1527777777777778
2 0.177453125 0.4027777777777778 0.046875 0.15079166666666666
2 0.1283515625 0.4404722222222222 0.0424140625 0.16666666666666666
2 0.0825859375 0.4890833333333333 0.055804687500000005 0.1289722222222222
2 0.60546875 0.7638888888888888 0.0457578125 0.16666666666666666
2 0.6495546875 0.7083333333333334 0.044640625 0.16269444444444445
2 0.6958671875 0.6626944444444445 0.0457578125 0.15873611111111113
2 0.740515625 0.6190416666666666 0.0435234375 0.15079166666666666
2 0.7840390625 0.5674583333333333 0.041296875 0.15079166666666666
2 0.8247734375 0.5257916666666667 0.0401796875 0.16269444444444445
2 0.8660703125 0.4861111111111111 0.0401796875 0.15873611111111113
2 0.9034609375 0.44345833333333334 0.0346015625 0.1527777777777778