0 0.1277890625 0.49602777777777773 0.0457578125 0.21824999999999997
0 0.22265625 0.5069444444444444 0.0479921875 0.22818055555555555
0 0.3236640625 0.49504166666666666 0.0424140625 0.21230555555555558
0 0.392296875 0.4861111111111111 0.0457578125 0.2063472222222222
0 0.459265625 0.4642916666666667 0.0457578125 0.2301527777777778
0 0.5613828125 0.47718055555555555 0.049109375 0.2162638888888889
0 0.654015625 0.46925 0.046875 0.2043611111111111
0 0.7120546875 0.46626388888888887 0.044640625 0.21429166666666666
0 0.7857109375 0.4613055555555555 0.0424140625 0.22420833333333334
2 0.03515625 0.4761944444444445 0.0658515625 0.1547638888888889
2 0.2739921875 0.46925 0.0814765625 0.1527777777777778
2 0.3549140625 0.4623055555555556 0.078125 0.15873611111111113
2 0.428015625 0.4553611111111111 0.068078125 0.15675
2 0.5971015625 0.4404722222222222 0.0848203125 0.13491666666666666
2 0.22711718749999998 0.609125 0.088171875 0.16269444444444445
2 0.3158515625 0.5992083333333333 0.0848203125 0.1547638888888889
2 0.40513281250000005 0.5942500000000001 0.0870546875 0.14880555555555555
2 0.49330468749999995 0.5902777777777778 0.0848203125 0.1527777777777778
2 0.5792421875 0.5853194444444445 0.0848203125 0.1547638888888889
2 0.665734375 0.5813472222222222 0.083703125 0.15079166666666666
2 0.75390625 0.5724166666666667 0.088171875 0.14880555555555555
2 0.8381718749999999 0.5674583333333333 0.0848203125 0.15873611111111113
2 0.9229921875 0.5644861111111111 0.0870546875 0.16070833333333331
2 0.454796875 0.7579305555555556 0.1015625 0.17856944444444445
2 0.5546875 0.7509861111111111 0.095984375 0.1686527777777778
2 0.650671875 0.7370972222222223 0.0982109375 0.16468055555555555
2 0.7494453125 0.7331388888888889 0.1015625 0.16468055555555555
2 0.8465390625 0.7251944444444445 0.099328125 0.17658333333333334
2 0.94140625 0.7251944444444445 0.0948671875 0.18055555555555555
2 0.85546875 0.9186527777777778 0.1104921875 0.16269444444444445