0 0.1322578125 0.5079305555555556 0.056921875 0.1547638888888889
0 0.220984375 0.5039722222222223 0.0691953125 0.15079166666666666
0 0.3152890625 0.5009861111111111 0.0703125 0.140875
0 0.40178906249999996 0.4990138888888889 0.0714296875 0.14484722222222224
0 0.48939843749999995 0.49602777777777773 0.068078125 0.1428611111111111
0 0.5786796875 0.49602777777777773 0.068078125 0.1428611111111111
0 0.6629453125 0.4870972222222222 0.0669609375 0.14484722222222224
0 0.7466484375 0.48512500000000003 0.064734375 0.14880555555555555
0 0.8297968750000001 0.4781805555555556 0.0591484375 0.15079166666666666
2 0.42132031249999996 0.6944444444444444 0.0971015625 0.17856944444444445
2 0.521203125 0.6924583333333333 0.0982109375 0.17856944444444445
2 0.6183046875 0.6775833333333333 0.095984375 0.15675
2 0.716515625 0.671625 0.0982109375 0.15675
2 0.8152890625 0.6676527777777778 0.099328125 0.15675
2 0.9140625 0.6646805555555555 0.0982109375 0.15079166666666666
2 0.98046875 0.6636944444444445 0.0390625 0.15675
2 0.6573671875 0.8501944444444445 0.10491406249999999 0.18848611111111113
2 0.7628359375 0.8442500000000001 0.1082578125 0.19643055555555555
2 0.8694218749999999 0.8402777777777778 0.10714062499999999 0.18848611111111113
2 0.9626093750000001 0.8363055555555555 0.0747734375 0.18848611111111113
2 0.9358281249999999 0.9662638888888889 0.1283515625 0.06745833333333333