0 0.19921875 0.47123611111111113 0.0971015625 0.140875
0 0.2572578125 0.4265833333333333 0.0770078125 0.1111111111111111
0 0.329796875 0.40675 0.0948671875 0.10318055555555557
0 0.41461718750000004 0.4097222222222222 0.0591484375 0.10119444444444445
0 0.48549218749999995 0.40873611111111113 0.060265625 0.1388888888888889
0 0.5323671875 0.3402777777777778 0.0625 0.10119444444444445
0 0.583703125 0.33531944444444445 0.080359375 0.10318055555555557
0 0.6668515625 0.327375 0.0926328125 0.11508333333333333
2 0.0245546875 0.06051388888888889 0.0424140625 0.12102777777777778
2 0.318640625 0.22718055555555555 0.0546875 0.12102777777777778
2 0.259484375 0.24305555555555555 0.061382812499999995 0.125
2 0.1964296875 0.2569444444444444 0.060265625 0.125
2 0.1356015625 0.26884722222222224 0.056921875 0.13293055555555555
2 0.0691953125 0.2847222222222222 0.064734375 0.13690277777777776
2 0.017859375 0.30059722222222224 0.0357109375 0.140875
2 0.20703125 0.5446388888888889 0.068078125 0.140875
2 0.2778984375 0.5238055555555555 0.0669609375 0.14681944444444445
2 0.3443046875 0.5019861111111111 0.068078125 0.15079166666666666
2 0.41127343749999995 0.4831388888888889 0.0658515625 0.140875
2 0.47767968749999995 0.4672638888888889 0.0669609375 0.1527777777777778
2 0.54296875 0.44741666666666663 0.061382812499999995 0.14880555555555555
2 0.6043515625 0.42856944444444445 0.0636171875 0.1428611111111111
2 0.6646171875 0.4126944444444444 0.056921875 0.1428611111111111
2 0.6088203125 0.7976249999999999 0.0703125 0.15873611111111113
2 0.6791328125 0.7718194444444445 0.0703125 0.16269444444444445
2 0.7488828125 0.7490138888888889 0.0714296875 0.15675
2 0.8203125 0.7222222222222222 0.0669609375 0.14681944444444445
2 0.8889531249999999 0.7043611111111111 0.0703125 0.16666666666666666
2 0.9603828125 0.6805555555555556 0.068078125 0.1547638888888889