0 0.22210156250000002 0.6974166666666667 0.055804687500000005 0.1527777777777778
0 0.252234375 0.6656805555555556 0.0736640625 0.19643055555555555
0 0.3348203125 0.671625 0.078125 0.2043611111111111
0 0.44866406249999996 0.6805555555555556 0.0513359375 0.234125
0 0.5106015625 0.6636944444444445 0.056921875 0.2361111111111111
0 0.6104921875 0.6676527777777778 0.064734375 0.2043611111111111
0 0.5965390625 0.5982083333333333 0.056921875 0.20040277777777776
0 0.720984375 0.6269861111111111 0.0625 0.2301527777777778
2 0.1869453125 0.45634722222222224 0.056921875 0.12698611111111113
2 0.12276562499999999 0.4722222222222222 0.0669609375 0.1428611111111111
2 0.055804687500000005 0.4861111111111111 0.064734375 0.1428611111111111
2 0.011164062499999999 0.5019861111111111 0.0223203125 0.14681944444444445
2 0.099328125 0.7351249999999999 0.064734375 0.15675
2 0.1707578125 0.7073472222222222 0.0691953125 0.14484722222222224
2 0.2433046875 0.6904722222222222 0.0714296875 0.1547638888888889
2 0.314171875 0.6696388888888889 0.0636171875 0.15675
2 0.3800234375 0.6547638888888889 0.0658515625 0.15079166666666666
2 0.44419531250000005 0.639875 0.0625 0.1527777777777778
2 0.5106015625 0.6259861111111111 0.0658515625 0.14880555555555555
2 0.5714296875 0.6041666666666666 0.0580390625 0.1527777777777778
2 0.552453125 0.9275833333333333 0.0669609375 0.14484722222222224
2 0.623328125 0.9117083333333332 0.0747734375 0.16070833333333331
2 0.6958671875 0.8968194444444445 0.068078125 0.16666666666666666
2 0.765625 0.876986111111111 0.0691953125 0.1706388888888889
2 0.8364921875 0.8531805555555555 0.068078125 0.16666666666666666
2 0.9056953125 0.8343194444444445 0.068078125 0.1686527777777778
2 0.9704218750000001 0.8164722222222223 0.052453125 0.1686527777777778