0 0.2896171875 0.7351249999999999 0.150671875 0.09722222222222222
0 0.3236640625 0.6894861111111111 0.0691953125 0.172625
0 0.3895078125 0.6805555555555556 0.078125 0.1904722222222222
0 0.49163281249999996 0.6478194444444445 0.1283515625 0.16070833333333331
0 0.5390625 0.6021805555555555 0.0825859375 0.13293055555555555
0 0.5864921875 0.5495972222222222 0.061382812499999995 0.18254166666666669
0 0.68359375 0.6220277777777778 0.0814765625 0.20040277777777776
0 0.760046875 0.5565416666666666 0.0870546875 0.140875
2 0.1713203125 0.45337500000000003 0.0591484375 0.1527777777777778
2 0.1121640625 0.49206944444444445 0.0546875 0.16666666666666666
2 0.053570312499999995 0.5228194444444445 0.060265625 0.16468055555555555
2 0.3487734375 0.9285694444444446 0.061382812499999995 0.1071388888888889
2 0.41294531250000005 0.8382916666666668 0.060265625 0.2043611111111111
2 0.47210156249999996 0.8005972222222222 0.055804687500000005 0.18055555555555555
2 0.5301328125 0.7638888888888888 0.060265625 0.17856944444444445
2 0.5853828125 0.7291666666666666 0.052453125 0.172625
2 0.638953125 0.6875 0.0546875 0.1686527777777778
2 0.6919609375 0.6577361111111111 0.0513359375 0.1686527777777778
2 0.7421875 0.625 0.049109375 0.18254166666666669