0 0.1417421875 0.31647222222222227 0.080359375 0.24404166666666668
0 0.23046875 0.3125 0.0591484375 0.2162638888888889
0 0.334265625 0.3194444444444444 0.068078125 0.2301527777777778
0 0.42689843749999995 0.2886944444444445 0.0770078125 0.23213888888888887
0 0.5167421875 0.2946388888888889 0.078125 0.24404166666666668
0 0.6121640625 0.29365277777777776 0.0770078125 0.19444444444444445
0 0.6958671875 0.2956388888888889 0.0703125 0.1904722222222222
0 0.7935234375 0.2916666666666667 0.09375 0.16666666666666666
2 0.5731015625 0.6964305555555556 0.0971015625 0.17856944444444445
2 0.678015625 0.6894861111111111 0.10602343750000001 0.1845277777777778
2 0.782921875 0.6785694444444444 0.099328125 0.18254166666666669
2 0.8839296875 0.672625 0.1026796875 0.19444444444444445
2 0.9681953125 0.6686527777777778 0.0636171875 0.19444444444444445