0 0.138390625 0.49106944444444445 0.0669609375 0.13293055555555555
0 0.23883593749999998 0.48015277777777776 0.0736640625 0.1428611111111111
0 0.33203125 0.4722222222222222 0.0658515625 0.13095833333333334
0 0.5262265625 0.44345833333333334 0.0703125 0.13690277777777776
0 0.709265625 0.41765277777777776 0.0747734375 0.1289722222222222
0 0.796875 0.4047638888888889 0.0691953125 0.12301388888888888
2 0.51171875 0.9097222222222222 0.1082578125 0.18055555555555555
2 0.618859375 0.8968194444444445 0.10379687500000001 0.1904722222222222
2 0.724328125 0.8829305555555556 0.10714062499999999 0.1904722222222222
2 0.8325859375 0.8690416666666667 0.10714062499999999 0.19444444444444445
2 0.9402890625 0.8541666666666666 0.10602343750000001 0.19643055555555555