0 0.135046875 0.5079305555555556 0.064734375 0.15873611111111113
0 0.22210156250000002 0.4970277777777778 0.064734375 0.14484722222222224
0 0.314734375 0.49602777777777773 0.064734375 0.1547638888888889
0 0.3995546875 0.4990138888888889 0.0691953125 0.140875
0 0.489953125 0.4870972222222222 0.0691953125 0.14880555555555555
0 0.5792421875 0.49602777777777773 0.0580390625 0.14681944444444445
0 0.6651796875 0.4870972222222222 0.0691953125 0.14880555555555555
0 0.743859375 0.48015277777777776 0.0658515625 0.1547638888888889
0 0.8264531249999999 0.4732083333333333 0.0703125 0.14484722222222224
2 0.421875 0.6894861111111111 0.0982109375 0.172625
2 0.521203125 0.6845277777777778 0.09375 0.1745972222222222
2 0.6177421875 0.6755972222222222 0.099328125 0.1686527777777778
2 0.716515625 0.672625 0.095984375 0.16269444444444445
2 0.81640625 0.6676527777777778 0.0971015625 0.15675
2 0.9123906249999999 0.6626944444444445 0.0971015625 0.15079166666666666
2 0.9821406250000001 0.6607083333333333 0.0357109375 0.15873611111111113
2 0.6556953125 0.8492083333333332 0.1082578125 0.1904722222222222
2 0.763953125 0.8482083333333333 0.1082578125 0.19245833333333331
2 0.87109375 0.8392916666666667 0.1082578125 0.18651388888888887
2 0.9614921875 0.8343194444444445 0.0770078125 0.19245833333333331
2 0.9319218749999999 0.9652777777777778 0.12053906249999999 0.06944444444444445