0 0.134484375 0.5059583333333334 0.0658515625 0.1547638888888889
0 0.216515625 0.5009861111111111 0.0669609375 0.14484722222222224
0 0.3119453125 0.4930555555555556 0.068078125 0.16468055555555555
0 0.3973203125 0.4990138888888889 0.0669609375 0.13293055555555555
0 0.49163281249999996 0.49008333333333337 0.0703125 0.1547638888888889
0 0.5747734375 0.4930555555555556 0.060265625 0.1289722222222222
0 0.6674140625 0.48412499999999997 0.064734375 0.1388888888888889
0 0.747765625 0.4831388888888889 0.055804687500000005 0.13690277777777776
0 0.8258906250000001 0.4781805555555556 0.0625 0.1388888888888889
2 0.42075781250000005 0.6934583333333334 0.1004453125 0.17658333333333334
2 0.5206484375 0.6875 0.0948671875 0.1686527777777778
2 0.6171875 0.6775833333333333 0.0982109375 0.16468055555555555
2 0.71484375 0.6676527777777778 0.0971015625 0.16070833333333331
2 0.8152890625 0.6686527777777778 0.0971015625 0.16269444444444445
2 0.9135078125 0.6577361111111111 0.0926328125 0.16070833333333331
2 0.9793515625 0.6607083333333333 0.041296875 0.15873611111111113
2 0.6551328125 0.8482083333333333 0.11160937500000001 0.18848611111111113
2 0.7628359375 0.8392916666666667 0.10379687500000001 0.18651388888888887
2 0.8683046875 0.8382916666666668 0.10714062499999999 0.18848611111111113
2 0.9626093750000001 0.8323472222222221 0.0747734375 0.18848611111111113
2 0.9358281249999999 0.9672638888888888 0.11942187500000001 0.06547222222222222