0 0.357703125 0.6855138888888889 0.0658515625 0.18848611111111113
0 0.372765625 0.8055555555555556 0.10714062499999999 0.26984722222222224
0 0.3978828125 0.6577361111111111 0.052453125 0.22818055555555555
0 0.454796875 0.6170694444444444 0.0636171875 0.25397222222222227
0 0.490515625 0.5585277777777777 0.0546875 0.22818055555555555
0 0.44252343749999995 0.4444444444444444 0.0859375 0.19841666666666669
0 0.669640625 0.5763888888888888 0.0825859375 0.2638888888888889
0 0.631140625 0.43352777777777773 0.1082578125 0.21230555555555558
2 0.2778984375 0.4623055555555556 0.029015625 0.19841666666666669
2 0.248328125 0.5099166666666667 0.0301328125 0.1904722222222222
2 0.1941953125 0.6140833333333333 0.03125 0.18848611111111113
2 0.22210156250000002 0.5575416666666667 0.0223203125 0.18254166666666669
2 0.1361640625 0.6984166666666667 0.0357109375 0.15079166666666666
2 0.21484375 0.7331388888888889 0.1104921875 0.077375
2 0.06640625 0.8442500000000001 0.036828125 0.2202361111111111