0 0.1395078125 0.35318055555555555 0.0691953125 0.16666666666666666
0 0.232140625 0.34425 0.060265625 0.16468055555555555
0 0.33984375 0.3412638888888889 0.061382812499999995 0.16269444444444445
0 0.42242968750000004 0.3303611111111111 0.0770078125 0.16070833333333331
0 0.5189765625 0.32440277777777776 0.0714296875 0.15675
0 0.6026796875 0.31745833333333334 0.0625 0.1547638888888889
0 0.6953125 0.30456944444444445 0.0669609375 0.14880555555555555
0 0.7862734375 0.31051388888888887 0.0658515625 0.15675
2 0.587609375 0.6954305555555556 0.0948671875 0.1845277777777778
2 0.693078125 0.6875 0.0982109375 0.18848611111111113
2 0.796875 0.6775833333333333 0.1026796875 0.18055555555555555
2 0.9006718749999999 0.6656805555555556 0.1026796875 0.1845277777777778
2 0.9754453125 0.6636944444444445 0.049109375 0.18848611111111113
2 0.9520078125 0.9375 0.095984375 0.125