0 0.14453125 0.4861111111111111 0.0591484375 0.23809722222222224
0 0.2566953125 0.49106944444444445 0.0379453125 0.2202361111111111
0 0.3119453125 0.4702361111111111 0.0636171875 0.25
0 0.423546875 0.4821388888888889 0.056921875 0.24602777777777776
0 0.53515625 0.4870972222222222 0.056921875 0.2361111111111111
0 0.6238828125 0.47123611111111113 0.055804687500000005 0.2361111111111111
0 0.7265625 0.46925 0.0580390625 0.24404166666666668
0 0.8147343749999999 0.46329166666666666 0.064734375 0.24801388888888887
2 0.2527890625 0.6230138888888889 0.10602343750000001 0.18254166666666669
2 0.359375 0.6200416666666667 0.10491406249999999 0.18848611111111113
2 0.46372656250000005 0.6041666666666666 0.10602343750000001 0.16070833333333331
2 0.568078125 0.5952361111111111 0.0982109375 0.1547638888888889
2 0.66796875 0.5912638888888888 0.1015625 0.1547638888888889
2 0.7700859375 0.5892916666666667 0.1004453125 0.1547638888888889
2 0.8716484375 0.5803611111111111 0.10491406249999999 0.16468055555555555
2 0.9614921875 0.5803611111111111 0.0770078125 0.16070833333333331
2 0.497765625 0.7847222222222222 0.1183046875 0.20040277777777776
2 0.6127265625 0.7827361111111112 0.11383593750000001 0.20040277777777776
2 0.724890625 0.7430555555555556 0.11272656249999999 0.140875
2 0.8409609375 0.765875 0.11495312499999999 0.19444444444444445
2 0.9469843750000001 0.7619027777777778 0.10602343750000001 0.19444444444444445
2 0.794640625 0.9384861111111111 0.127234375 0.12301388888888888
2 0.9207578125 0.9325416666666666 0.125 0.13491666666666666