0 0.11272656249999999 0.5267916666666667 0.0669609375 0.16468055555555555
0 0.204796875 0.5188472222222222 0.0747734375 0.1527777777777778
0 0.30078125 0.5089305555555556 0.0636171875 0.14880555555555555
0 0.392296875 0.4970277777777778 0.0792421875 0.14880555555555555
0 0.47935156250000005 0.48015277777777776 0.061382812499999995 0.1547638888888889
0 0.5731015625 0.4751944444444444 0.0658515625 0.14880555555555555
0 0.6556953125 0.4583333333333333 0.061382812499999995 0.14681944444444445
0 0.7455390625 0.45734722222222224 0.060265625 0.14880555555555555
0 0.8348203125 0.44147222222222227 0.0714296875 0.14880555555555555
2 0.529015625 0.8095277777777778 0.1004453125 0.18651388888888887
2 0.631140625 0.7976249999999999 0.10379687500000001 0.18651388888888887
2 0.7332578125 0.7827361111111112 0.1004453125 0.18848611111111113
2 0.8370546875 0.7718194444444445 0.1004453125 0.18254166666666669
2 0.9408515625 0.7638888888888888 0.1026796875 0.18651388888888887
2 0.8722109375 0.9662638888888889 0.11495312499999999 0.06745833333333333
2 0.9653984375 0.9603194444444444 0.0691953125 0.07936111111111112