0 0.10491406249999999 0.49008333333333337 0.078125 0.2301527777777778
0 0.228234375 0.49504166666666666 0.0903984375 0.24008333333333334
0 0.2957578125 0.4722222222222222 0.0580390625 0.234125
0 0.43359375 0.4970277777777778 0.083703125 0.27181944444444445
0 0.5083671875 0.5 0.0814765625 0.26190277777777776
0 0.611046875 0.47420833333333334 0.0903984375 0.25397222222222227
0 0.7120546875 0.4375 0.080359375 0.17658333333333334
0 0.8175234375 0.4444444444444444 0.083703125 0.24206944444444442
2 0.0903984375 0.5495972222222222 0.0982109375 0.17856944444444445
2 0.1981015625 0.5515833333333333 0.1015625 0.16269444444444445
2 0.2924140625 0.5297638888888889 0.10491406249999999 0.1547638888888889
2 0.3973203125 0.5238055555555555 0.091515625 0.1547638888888889
2 0.490515625 0.5178611111111111 0.099328125 0.15079166666666666
2 0.588171875 0.5129027777777778 0.095984375 0.14880555555555555
2 0.6824765625 0.5089305555555556 0.0926328125 0.1527777777777778
2 0.7784609375 0.5009861111111111 0.0948671875 0.15675
2 0.875 0.4990138888888889 0.0982109375 0.1527777777777778
2 0.328125 0.6934583333333334 0.109375 0.16468055555555555
2 0.4375 0.6934583333333334 0.109375 0.1845277777777778
2 0.545203125 0.6884861111111111 0.10602343750000001 0.18651388888888887
2 0.650671875 0.6835277777777777 0.10491406249999999 0.1845277777777778
2 0.7578125 0.6775833333333333 0.10491406249999999 0.1845277777777778
2 0.8627265625 0.672625 0.10714062499999999 0.18651388888888887
2 0.9587031250000001 0.6676527777777778 0.0825859375 0.18055555555555555
2 0.60546875 0.8839305555555554 0.1171875 0.2162638888888889
2 0.72265625 0.8799583333333334 0.11942187500000001 0.21230555555555558
2 0.8443046875 0.875 0.11942187500000001 0.21031944444444445
2 0.9514531249999999 0.8680555555555556 0.0971015625 0.21230555555555558