0 0.1478828125 0.5039722222222223 0.0636171875 0.11904166666666666
0 0.2473359375 0.48725 0.069125 0.12608333333333333
0 0.34049999999999997 0.4781805555555556 0.055898437499999995 0.11861111111111113
0 0.52471875 0.4530694444444444 0.06852343749999999 0.12181944444444444
0 0.709546875 0.42688888888888893 0.07032031250000001 0.1250138888888889
0 0.7909921875 0.41512499999999997 0.0673203125 0.11647222222222223
2 0.5108984375000001 0.9055972222222222 0.1033828125 0.17416666666666666
2 0.6150546875 0.8934722222222221 0.101765625 0.17773611111111112
2 0.7190546875 0.8744305555555556 0.10265625 0.1872638888888889
2 0.8239453125 0.864111111111111 0.1035546875 0.1825
2 0.9288359375 0.853 0.1044453125 0.17615277777777777