0 0.1261171875 0.5615138888888889 0.0736640625 0.1547638888888889
0 0.2254453125 0.5555555555555556 0.0669609375 0.14681944444444445
0 0.3253359375 0.5545694444444444 0.0747734375 0.13293055555555555
0 0.42689843749999995 0.5436527777777778 0.0703125 0.13095833333333334
0 0.525109375 0.5406805555555556 0.072546875 0.13690277777777776
0 0.6261171875 0.5376944444444445 0.0714296875 0.13095833333333334
0 0.728234375 0.5386944444444445 0.068078125 0.125
0 0.8275703125 0.5317500000000001 0.0703125 0.13491666666666666
2 0.44642968749999995 0.7539722222222223 0.11383593750000001 0.202375
2 0.5636171875 0.75 0.1160703125 0.202375
2 0.677453125 0.7361111111111112 0.11160937500000001 0.18254166666666669
2 0.7896171875 0.7291666666666666 0.11272656249999999 0.18055555555555555
2 0.9034609375 0.7271805555555556 0.11272656249999999 0.18055555555555555
2 0.9799140625 0.7261944444444445 0.0401796875 0.18254166666666669
2 0.717078125 0.9146805555555556 0.12164843750000001 0.1706388888888889
2 0.8403984375 0.9097222222222222 0.12276562499999999 0.18055555555555555
2 0.9508906250000001 0.9067500000000001 0.0982109375 0.18651388888888887