0 0.1004453125 0.4652777777777778 0.0424140625 0.125
0 0.1612734375 0.4375 0.036828125 0.1289722222222222
0 0.2505546875 0.46031944444444445 0.036828125 0.13095833333333334
0 0.38679687500000004 0.445375 0.0331640625 0.13827777777777778
0 0.40217187499999996 0.34730555555555553 0.039796874999999995 0.11791666666666667
0 0.4428671875 0.32908333333333334 0.031953125 0.113625
2 0.1471171875 0.13720833333333335 0.039796874999999995 0.07718055555555556
2 0.106421875 0.15275 0.042812499999999996 0.08254166666666667
2 0.0642109375 0.16722222222222222 0.042812499999999996 0.08361111111111111
2 0.020499999999999997 0.18008333333333332 0.039796874999999995 0.08575
2 0.0322578125 0.4175138888888889 0.048835937499999996 0.09754166666666667
2 0.080796875 0.39768055555555554 0.047031250000000004 0.09433333333333334
2 0.15375 0.4159027777777778 0.06753125 0.05573611111111111
2 0.17485937499999998 0.36069444444444443 0.047031250000000004 0.08897222222222223
2 0.22067968750000003 0.3392638888888889 0.0446171875 0.08897222222222223
2 0.264390625 0.32531944444444444 0.0403984375 0.08897222222222223
2 0.3053984375 0.30441666666666667 0.0416015625 0.08361111111111111
2 0.3463984375 0.28941666666666666 0.0391953125 0.08575
2 0.2616796875 0.6200972222222223 0.0494453125 0.10397222222222222
2 0.3105234375 0.5933055555555555 0.048234375 0.09325
2 0.35815625 0.5681111111111111 0.045828125 0.09433333333333334
2 0.40428125000000004 0.5482777777777778 0.04521875 0.09540277777777778
2 0.4495 0.5230972222222222 0.04521875 0.09218055555555556
2 0.49471875 0.5038055555555556 0.044015625 0.09218055555555556
2 0.538734375 0.48236111111111113 0.042812499999999996 0.08790277777777777
2 0.5800390625 0.4593194444444444 0.039796874999999995 0.09540277777777778
2 0.5339140625 0.8677083333333333 0.05125 0.11040277777777777
2 0.584859375 0.8344861111111112 0.0506484375 0.1082638888888889
2 0.6346093749999999 0.8066111111111111 0.047632812499999996 0.1082638888888889
2 0.683140625 0.7782083333333333 0.048234375 0.10719444444444445
2 0.7313828124999999 0.7535555555555555 0.047031250000000004 0.10504166666666666
2 0.77840625 0.7272916666666667 0.047031250000000004 0.10397222222222222
2 0.8248359375 0.7015694444444445 0.0446171875 0.09754166666666667
2 0.86915625 0.6753055555555556 0.0416015625 0.11147222222222222