0 0.1283515625 0.44147222222222227 0.0669609375 0.2361111111111111
0 0.2293515625 0.4543611111111111 0.0591484375 0.19444444444444445
0 0.3325859375 0.4404722222222222 0.053570312499999995 0.1904722222222222
0 0.5239921875 0.42758333333333337 0.068078125 0.17658333333333334
0 0.7176328125 0.38095833333333334 0.0892890625 0.21429166666666666
0 0.8125 0.38690277777777776 0.080359375 0.1904722222222222
2 0.489953125 0.9067500000000001 0.10714062499999999 0.17856944444444445
2 0.59765625 0.8938472222222222 0.10602343750000001 0.18848611111111113
2 0.705359375 0.876986111111111 0.10491406249999999 0.1904722222222222
2 0.8136171875 0.8640833333333333 0.10714062499999999 0.19245833333333331
2 0.9224296875 0.8501944444444445 0.1082578125 0.19245833333333331
2 0.9905156249999999 0.8422638888888888 0.0189765625 0.19245833333333331