0 0.1802421875 0.7004027777777778 0.0636171875 0.16666666666666666
0 0.275109375 0.6825416666666667 0.072546875 0.202375
0 0.3861640625 0.6785694444444444 0.0691953125 0.19841666666666669
0 0.47767968749999995 0.6924583333333333 0.060265625 0.21824999999999997
0 0.5552421875 0.6884861111111111 0.0591484375 0.21824999999999997
0 0.6495546875 0.6765833333333333 0.060265625 0.202375
0 0.7299140625 0.6607083333333333 0.0736640625 0.2222222222222222
0 0.8275703125 0.6636944444444445 0.0703125 0.2202361111111111
2 0.41908593749999995 0.8938472222222222 0.0926328125 0.18055555555555555
2 0.5150703125 0.8829305555555556 0.0948671875 0.1745972222222222
2 0.607140625 0.8740138888888889 0.091515625 0.18055555555555555
2 0.703125 0.8650833333333333 0.095984375 0.1904722222222222
2 0.7957578125 0.859125 0.0892890625 0.18254166666666669
2 0.890625 0.8511944444444445 0.09375 0.18651388888888887
2 0.9693046875 0.8432499999999999 0.061382812499999995 0.18651388888888887