0 0.161828125 0.5049583333333333 0.064734375 0.125
0 0.2572578125 0.49602777777777773 0.0636171875 0.11904166666666666
0 0.3443046875 0.48512500000000003 0.0591484375 0.11309722222222224
0 0.5234375 0.45734722222222224 0.064734375 0.10912499999999999
0 0.7003359375 0.4365138888888889 0.068078125 0.12301388888888888
0 0.7784609375 0.4265833333333333 0.0591484375 0.11508333333333333
2 0.5111640625 0.8978194444444444 0.0982109375 0.17658333333333334
2 0.611046875 0.8799583333333334 0.099328125 0.18055555555555555
2 0.7098203125 0.8680555555555556 0.0982109375 0.172625
2 0.8102656250000001 0.8571388888888889 0.1004453125 0.1745972222222222
2 0.9129453125 0.8373055555555555 0.1004453125 0.1745972222222222
2 0.9815859375 0.8382916666666668 0.036828125 0.1845277777777778