0 0.1450859375 0.3640833333333333 0.0669609375 0.13293055555555555
0 0.23883593749999998 0.3581388888888889 0.0625 0.13293055555555555
0 0.3403984375 0.35615277777777776 0.0736640625 0.12102777777777778
0 0.4296875 0.3452361111111111 0.075890625 0.1388888888888889
0 0.525109375 0.3363055555555555 0.0792421875 0.1289722222222222
0 0.6138359375 0.32837500000000003 0.0669609375 0.13293055555555555
0 0.7003359375 0.32143055555555555 0.0658515625 0.13491666666666666
0 0.7890625 0.3154722222222222 0.0691953125 0.12698611111111113
2 0.5965390625 0.6914722222222223 0.0971015625 0.1845277777777778
2 0.6981015625 0.6835277777777777 0.1015625 0.1845277777777778
2 0.8035703125 0.6755972222222222 0.09375 0.1845277777777778
2 0.9079218750000001 0.6656805555555556 0.099328125 0.18848611111111113
2 0.9787968749999999 0.6577361111111111 0.0424140625 0.18848611111111113
2 0.95703125 0.9345277777777778 0.0859375 0.13095833333333334