0 0.2334921875 0.6470138888888889 0.041015625 0.11333333333333333
0 0.2599296875 0.579375 0.031625 0.10102777777777777
0 0.3328203125 0.5868472222222222 0.033109375 0.10190277777777779
0 0.44671874999999994 0.5394027777777778 0.026687499999999996 0.12123611111111111
0 0.40225 0.43618055555555557 0.0454609375 0.09225
0 0.2888359375 0.3276805555555556 0.0321171875 0.08609722222222223
2 0.0444765625 0.29341666666666666 0.029648437500000003 0.07379166666666667
2 0.0165546875 0.3153888888888889 0.028164062499999996 0.08081944444444444
2 0.09240625 0.3026388888888889 0.051390625 0.03952777777777778
2 0.1092109375 0.5903611111111111 0.035578125 0.0896111111111111
2 0.144046875 0.5534583333333334 0.0321171875 0.08258333333333333
2 0.1764140625 0.5235833333333334 0.030640624999999998 0.08433333333333333
2 0.20631249999999998 0.49240277777777774 0.0271796875 0.08345833333333334
2 0.23497656249999999 0.4634166666666667 0.028164062499999996 0.08697222222222221
2 0.262890625 0.4344166666666666 0.028664062499999997 0.08169444444444444
2 0.2903203125 0.40938888888888886 0.024210937499999998 0.07555555555555556
2 0.3140390625 0.3817083333333333 0.022234375 0.07643055555555556
2 0.40570312499999994 0.7484861111111111 0.028664062499999997 0.09663888888888889
2 0.43436718750000003 0.7071944444444445 0.026687499999999996 0.093125
2 0.4610546875 0.671625 0.0247109375 0.09400000000000001
2 0.48674999999999996 0.6364722222222222 0.0247109375 0.08872222222222223
2 0.5126875 0.6022222222222222 0.024210937499999998 0.09048611111111111
2 0.53690625 0.5683888888888889 0.024210937499999998 0.08258333333333333
2 0.5611171875000001 0.5380833333333334 0.0232265625 0.08169444444444444
2 0.5826171875 0.5060138888888889 0.019765625000000002 0.08081944444444444
2 0.7565625 0.9546250000000001 0.026687499999999996 0.09075000000000001
2 0.7810234375 0.9075 0.022234375 0.10190277777777779
2 0.8039999999999999 0.8609305555555555 0.022734375 0.09838888888888889
2 0.826484375 0.8165694444444443 0.022234375 0.09225
2 0.84896875 0.7722083333333334 0.0217421875 0.08784722222222222
2 0.86996875 0.7295972222222221 0.0202578125 0.09048611111111111
2 0.889734375 0.6979722222222222 0.01828125 0.08520833333333333
2 0.908515625 0.6610694444444445 0.01828125 0.09225