0 0.1439765625 0.7688472222222222 0.0825859375 0.14484722222222224
0 0.2449765625 0.7539722222222223 0.0792421875 0.14681944444444445
0 0.338171875 0.7390833333333333 0.0848203125 0.14484722222222224
0 0.45200781250000005 0.7390833333333333 0.0848203125 0.15675
0 0.5502265625 0.734125 0.0736640625 0.1388888888888889
0 0.650109375 0.7271805555555556 0.0747734375 0.13293055555555555
0 0.7606015625 0.7103194444444445 0.0703125 0.13095833333333334
0 0.8588203125 0.7113055555555555 0.0747734375 0.14484722222222224
2 0.6808046875 0.9722222222222222 0.11160937500000001 0.05555555555555555
2 0.7963203125 0.9672638888888888 0.11495312499999999 0.06547222222222222
2 0.9112734375 0.9623055555555555 0.11495312499999999 0.07540277777777778
2 0.9849296875 0.9613055555555555 0.0301328125 0.077375