0 0.181921875 0.6944444444444444 0.0691953125 0.1706388888888889
0 0.2801328125 0.6815416666666666 0.080359375 0.19245833333333331
0 0.392296875 0.6825416666666667 0.0658515625 0.19841666666666669
0 0.48102343750000004 0.6964305555555556 0.0736640625 0.234125
0 0.5625 0.6845277777777778 0.0736640625 0.2222222222222222
0 0.654578125 0.6795694444444444 0.0658515625 0.2202361111111111
0 0.7455390625 0.6587361111111112 0.060265625 0.24206944444444442
0 0.8314765625 0.6498055555555555 0.0625 0.24008333333333334
2 0.4453125 0.9027777777777778 0.0982109375 0.18254166666666669
2 0.5418515625 0.8948472222222221 0.0926328125 0.18651388888888887
2 0.6372734375 0.8849166666666667 0.095984375 0.17856944444444445
2 0.7338203125 0.876986111111111 0.0926328125 0.17856944444444445
2 0.8270078125 0.8690416666666667 0.091515625 0.18254166666666669
2 0.9241093749999999 0.8650833333333333 0.095984375 0.17856944444444445
2 0.9860468750000001 0.8571388888888889 0.0278984375 0.17856944444444445