0 0.282921875 0.7609166666666667 0.0457578125 0.1289722222222222
0 0.2421875 0.6805555555555556 0.055804687500000005 0.1111111111111111
0 0.3309140625 0.6458333333333334 0.0546875 0.10912499999999999
0 0.3041328125 0.4444444444444444 0.056921875 0.1111111111111111
0 0.396203125 0.547625 0.0513359375 0.11904166666666666
1 0.6875 0.703375 0.0267890625 0.46626388888888887
2 0.0401015625 0.7626527777777778 0.030265625 0.10761111111111112
2 0.05938281250000001 0.7001805555555556 0.0323125 0.09909722222222221
2 0.07857031249999999 0.6477638888888889 0.026257812499999998 0.08761111111111111
2 0.09553125 0.5996527777777778 0.0294921875 0.08905555555555557
2 0.1145234375 0.5468611111111111 0.018984375 0.0926388888888889
2 0.1300703125 0.5026944444444444 0.019390625 0.09048611111111111
2 0.14320312500000001 0.4603333333333333 0.0206015625 0.08618055555555555
2 0.15653125 0.41831944444444447 0.0173671875 0.08115277777777778