0 0.135046875 0.5297638888888889 0.138390625 0.13491666666666666
0 0.2723203125 0.7172638888888888 0.0870546875 0.27579166666666666
0 0.396203125 0.6160694444444444 0.0825859375 0.25991666666666663
0 0.48492968750000004 0.37995833333333334 0.0747734375 0.16468055555555555
0 0.5284609375 0.2678611111111111 0.1417421875 0.10318055555555557
0 0.5362734375 0.5248055555555555 0.0435234375 0.2361111111111111
0 0.5825859375 0.6220277777777778 0.1026796875 0.25991666666666663
0 0.65234375 0.5337361111111112 0.0658515625 0.2222222222222222
0 0.6183046875 0.37698611111111113 0.0625 0.202375
2 0.10323437499999999 0.7083333333333334 0.0658515625 0.18254166666666669
2 0.1690859375 0.6587361111111112 0.061382812499999995 0.1706388888888889
2 0.2661796875 0.6448472222222222 0.1015625 0.1071388888888889
2 0.3465390625 0.5287638888888888 0.0546875 0.1686527777777778
2 0.2935234375 0.5634861111111111 0.049109375 0.14681944444444445
2 0.44196093750000004 0.5625 0.1183046875 0.10119444444444445
2 0.7706484375 0.9186527777777778 0.052453125 0.16269444444444445
2 0.828125 0.8869027777777778 0.0580390625 0.18651388888888887
2 0.8844843750000001 0.8343194444444445 0.052453125 0.17658333333333334
2 0.9369453125 0.7906805555555555 0.0502265625 0.1845277777777778
2 0.9821406250000001 0.7589305555555554 0.0357109375 0.16468055555555555
2 0.5630546875 0.3720277777777778 0.0457578125 0.1527777777777778
2 0.5089296875 0.41170833333333334 0.053570312499999995 0.14484722222222224