0 0.11942187500000001 0.48115277777777776 0.0580390625 0.24008333333333334
0 0.2198671875 0.4761944444444445 0.049109375 0.2222222222222222
0 0.3247734375 0.46925 0.060265625 0.22420833333333334
0 0.3956484375 0.4672638888888889 0.061382812499999995 0.24404166666666668
0 0.46038281249999996 0.45634722222222224 0.061382812499999995 0.2301527777777778
0 0.56640625 0.4652777777777778 0.052453125 0.23213888888888887
0 0.66796875 0.4513888888888889 0.0546875 0.22420833333333334
0 0.732140625 0.4504027777777778 0.046875 0.2222222222222222
0 0.8113828125 0.4404722222222222 0.053570312499999995 0.24602777777777776
2 0.189734375 0.5625 0.091515625 0.16070833333333331
2 0.28125 0.5575416666666667 0.0892890625 0.16666666666666666
2 0.3716484375 0.5446388888888889 0.091515625 0.140875
2 0.45982031250000005 0.5347222222222222 0.0825859375 0.13690277777777776
2 0.545203125 0.5327361111111111 0.088171875 0.13293055555555555
2 0.6333671875 0.5267916666666667 0.088171875 0.13293055555555555
2 0.720421875 0.5248055555555555 0.088171875 0.13293055555555555
2 0.8080390625 0.5178611111111111 0.0848203125 0.12698611111111113
2 0.8922968750000001 0.5188472222222222 0.0814765625 0.140875
2 0.40513281250000005 0.6934583333333334 0.095984375 0.16468055555555555
2 0.5011171875 0.6984166666666667 0.095984375 0.17856944444444445
2 0.5971015625 0.6865138888888889 0.095984375 0.16269444444444445
2 0.69140625 0.6805555555555556 0.0948671875 0.16666666666666666
2 0.7885078125 0.6765833333333333 0.0948671875 0.1745972222222222
2 0.8839296875 0.672625 0.091515625 0.1706388888888889
2 0.9653984375 0.6676527777777778 0.0691953125 0.1686527777777778
2 0.6512265625 0.8670694444444444 0.1104921875 0.1904722222222222
2 0.76171875 0.8630972222222222 0.10602343750000001 0.19841666666666669
2 0.8688593750000001 0.8551527777777779 0.10379687500000001 0.202375
2 0.9592656249999999 0.8501944444444445 0.0814765625 0.18848611111111113