0 0.1356015625 0.5019861111111111 0.0658515625 0.25
0 0.22210156250000002 0.48412499999999997 0.0714296875 0.234125
0 0.3152890625 0.47718055555555555 0.0636171875 0.24801388888888887
0 0.43471093749999995 0.49106944444444445 0.0658515625 0.24801388888888887
0 0.48492968750000004 0.4543611111111111 0.0636171875 0.2301527777777778
0 0.5775703125 0.4583333333333333 0.0591484375 0.22619444444444448
0 0.6528984375 0.4375 0.0580390625 0.24801388888888887
0 0.7293515625 0.4136944444444445 0.0636171875 0.24404166666666668
0 0.8197578125 0.4027777777777778 0.0859375 0.2222222222222222
2 0.0770078125 0.5317500000000001 0.091515625 0.16666666666666666
2 0.16796875 0.5188472222222222 0.0926328125 0.17658333333333334
2 0.263953125 0.5019861111111111 0.0903984375 0.16666666666666666
2 0.3677421875 0.5129027777777778 0.088171875 0.125
2 0.43694531249999996 0.48809722222222224 0.0903984375 0.15873611111111113
2 0.525671875 0.47420833333333334 0.0870546875 0.16269444444444445
2 0.681921875 0.44741666666666663 0.095984375 0.15675
2 0.7728828125 0.43551388888888887 0.0859375 0.16468055555555555
2 0.3783515625 0.7182499999999999 0.095984375 0.1745972222222222
2 0.47377343749999995 0.7013888888888888 0.0903984375 0.172625
2 0.5669609375 0.6934583333333334 0.09375 0.1845277777777778
2 0.6590390625 0.6775833333333333 0.088171875 0.172625
2 0.7511171875 0.6636944444444445 0.091515625 0.1686527777777778
2 0.84375 0.6468194444444444 0.0892890625 0.17856944444444445
2 0.9363828125 0.6379027777777778 0.091515625 0.16468055555555555
2 0.7232109375 0.9206388888888889 0.1004453125 0.15873611111111113
2 0.8264531249999999 0.9107083333333333 0.1015625 0.17856944444444445
2 0.9296875 0.9027777777777778 0.0982109375 0.19444444444444445