0 0.3253359375 0.7976249999999999 0.10379687500000001 0.26984722222222224
0 0.3091484375 0.6785694444444444 0.046875 0.1904722222222222
0 0.3627265625 0.6617083333333333 0.046875 0.2162638888888889
0 0.443078125 0.6150833333333333 0.0736640625 0.24206944444444442
0 0.466515625 0.5823472222222222 0.064734375 0.25198611111111113
0 0.48382031249999996 0.48512500000000003 0.0591484375 0.24404166666666668
0 0.646203125 0.5793611111111111 0.060265625 0.26190277777777776
0 0.6685234375 0.4791666666666667 0.0669609375 0.27181944444444445
2 0.1651796875 0.43254166666666666 0.0401796875 0.1745972222222222
2 0.1238828125 0.46925 0.0379453125 0.17658333333333334
2 0.08203125 0.5198472222222222 0.0435234375 0.1745972222222222
2 0.0346015625 0.5684583333333334 0.046875 0.18055555555555555
2 0.662390625 0.9126944444444445 0.036828125 0.1745972222222222
2 0.696984375 0.875 0.0346015625 0.19444444444444445
2 0.73046875 0.8035694444444446 0.0323671875 0.21031944444444445
2 0.76171875 0.734125 0.0278984375 0.1706388888888889
2 0.7901796875 0.702375 0.0267890625 0.19841666666666669
2 0.8180781250000001 0.6626944444444445 0.03125 0.1745972222222222
2 0.8482109375 0.6180555555555556 0.03125 0.18848611111111113
2 0.8805781250000001 0.5674583333333333 0.029015625 0.18651388888888887