0 0.1300234375 0.47718055555555555 0.0658515625 0.14880555555555555
0 0.23046875 0.4583333333333333 0.0770078125 0.16269444444444445
0 0.3270078125 0.4404722222222222 0.064734375 0.1745972222222222
0 0.517859375 0.41170833333333334 0.078125 0.1686527777777778
0 0.7120546875 0.39087500000000003 0.0736640625 0.16666666666666666
0 0.798546875 0.3819444444444444 0.072546875 0.15675
2 0.505578125 0.9067500000000001 0.10491406249999999 0.18254166666666669
2 0.6166328125 0.8928611111111111 0.10602343750000001 0.1904722222222222
2 0.724328125 0.8779722222222222 0.10491406249999999 0.19245833333333331
2 0.8314765625 0.8680555555555556 0.109375 0.19245833333333331
2 0.9425234375 0.8501944444444445 0.10602343750000001 0.18848611111111113