0 0.1222109375 0.5307499999999999 0.0658515625 0.2361111111111111
0 0.2354921875 0.5327361111111111 0.055804687500000005 0.24801388888888887
0 0.314171875 0.5168611111111111 0.0546875 0.25595833333333334
0 0.43694531249999996 0.5198472222222222 0.052453125 0.24206944444444442
0 0.497765625 0.4970277777777778 0.053570312499999995 0.24801388888888887
0 0.5926328125 0.49504166666666666 0.060265625 0.24404166666666668
0 0.6685234375 0.4722222222222222 0.044640625 0.25
0 0.7433046875 0.4504027777777778 0.0513359375 0.23809722222222224
0 0.8482109375 0.43948611111111113 0.053570312499999995 0.22420833333333334
2 0.22210156250000002 0.6478194444444445 0.091515625 0.17658333333333334
2 0.314171875 0.6319444444444444 0.0903984375 0.16468055555555555
2 0.40625 0.6220277777777778 0.091515625 0.1686527777777778
2 0.497765625 0.609125 0.091515625 0.1706388888888889
2 0.5887265625 0.5952361111111111 0.088171875 0.16269444444444445
2 0.6796875 0.5853194444444445 0.0892890625 0.16666666666666666
2 0.771765625 0.5763888888888888 0.0926328125 0.1686527777777778
2 0.8638359375 0.5625 0.0892890625 0.1686527777777778
2 0.953125 0.5486111111111112 0.0848203125 0.16468055555555555
2 0.5323671875 0.8462361111111111 0.0982109375 0.18848611111111113
2 0.630578125 0.8273750000000001 0.095984375 0.18651388888888887
2 0.728796875 0.814486111111111 0.1004453125 0.1845277777777778
2 0.8303593749999999 0.8045694444444444 0.0982109375 0.18055555555555555
2 0.9296875 0.7876944444444445 0.0982109375 0.1904722222222222