0 0.125 0.5585277777777777 0.0714296875 0.125
0 0.22321093749999998 0.5515833333333333 0.0669609375 0.13095833333333334
0 0.32421875 0.5495972222222222 0.0770078125 0.13491666666666666
0 0.42466406250000005 0.5486111111111112 0.068078125 0.125
0 0.5223203125 0.5376944444444445 0.0669609375 0.13491666666666666
0 0.6294609375 0.5406805555555556 0.0736640625 0.13690277777777776
0 0.7254453125 0.5376944444444445 0.0714296875 0.12698611111111113
0 0.8247734375 0.5307499999999999 0.078125 0.140875
2 0.446984375 0.751986111111111 0.11272656249999999 0.19444444444444445
2 0.5613828125 0.7470277777777778 0.11383593750000001 0.20040277777777776
2 0.67578125 0.734125 0.11272656249999999 0.18254166666666669
2 0.791296875 0.7321388888888889 0.109375 0.17856944444444445
2 0.9034609375 0.7251944444444445 0.1104921875 0.17658333333333334
2 0.9793515625 0.7212361111111111 0.041296875 0.18055555555555555
2 0.71484375 0.9126944444444445 0.1238828125 0.1745972222222222
2 0.8409609375 0.9097222222222222 0.1261171875 0.18055555555555555
2 0.9514531249999999 0.9057499999999999 0.0971015625 0.18848611111111113