0 0.127234375 0.5357083333333333 0.078125 0.15873611111111113
0 0.2276796875 0.5386944444444445 0.0669609375 0.1527777777777778
0 0.3247734375 0.5267916666666667 0.075890625 0.15675
0 0.424109375 0.5248055555555555 0.0736640625 0.14880555555555555
0 0.5267890625 0.5228194444444445 0.0714296875 0.16070833333333331
0 0.6283515625 0.5208333333333334 0.075890625 0.1527777777777778
0 0.7260078125 0.514875 0.0636171875 0.1527777777777778
0 0.8247734375 0.5129027777777778 0.0691953125 0.15675
2 0.44810156250000005 0.75 0.11272656249999999 0.19444444444444445
2 0.5613828125 0.7430555555555556 0.1160703125 0.2043611111111111
2 0.6763359375 0.7251944444444445 0.11383593750000001 0.18055555555555555
2 0.7901796875 0.7242083333333332 0.11160937500000001 0.1706388888888889
2 0.9040156250000001 0.7212361111111111 0.109375 0.17658333333333334
2 0.9793515625 0.7142916666666667 0.041296875 0.17856944444444445
2 0.712609375 0.9117083333333332 0.1283515625 0.17658333333333334
2 0.8403984375 0.9057499999999999 0.125 0.18848611111111113
2 0.9520078125 0.9047638888888888 0.095984375 0.1904722222222222