0 0.23492968749999998 0.6944444444444444 0.052453125 0.1706388888888889
0 0.2734375 0.6666666666666666 0.0401796875 0.2222222222222222
0 0.35546875 0.6686527777777778 0.0703125 0.2063472222222222
0 0.478796875 0.6666666666666666 0.0401796875 0.22619444444444448
0 0.51953125 0.6577361111111111 0.0390625 0.24008333333333334
0 0.6143984375 0.6567500000000001 0.0502265625 0.202375
0 0.6322578125 0.5972222222222222 0.0390625 0.202375
0 0.7377265625 0.6160694444444444 0.049109375 0.2162638888888889
2 0.0982109375 0.3998055555555556 0.060265625 0.125
2 0.03515625 0.40675 0.0591484375 0.12698611111111113
2 0.0357109375 0.6279722222222222 0.0714296875 0.14484722222222224
2 0.1065859375 0.6071388888888889 0.068078125 0.1388888888888889
2 0.2511171875 0.5634861111111111 0.0580390625 0.10318055555555557
2 0.31640625 0.5684583333333334 0.0636171875 0.13690277777777776
2 0.3822578125 0.5565416666666666 0.061382812499999995 0.13690277777777776
2 0.44196093750000004 0.5376944444444445 0.055804687500000005 0.13491666666666666
2 0.42857031250000005 0.8075416666666666 0.0714296875 0.15873611111111113
2 0.5011171875 0.7896805555555556 0.0691953125 0.15079166666666666
2 0.572546875 0.7698472222222221 0.0691953125 0.14681944444444445
2 0.6417421875 0.7549583333333334 0.0691953125 0.1527777777777778
2 0.7114921875 0.7380972222222222 0.061382812499999995 0.14681944444444445
2 0.77734375 0.7232083333333333 0.0703125 0.140875
2 0.8459843749999999 0.7043611111111111 0.0625 0.1428611111111111