0 0.21930468749999998 0.8025833333333333 0.0658515625 0.25198611111111113
0 0.2421875 0.6904722222222222 0.075890625 0.16666666666666666
0 0.3236640625 0.6815416666666666 0.064734375 0.18848611111111113
0 0.43080468749999995 0.7013888888888888 0.0625 0.25595833333333334
0 0.470984375 0.672625 0.0424140625 0.25
0 0.53125 0.5843194444444444 0.0825859375 0.2162638888888889
0 0.6099296875 0.6626944444444445 0.0703125 0.22619444444444448
0 0.6863828125 0.6041666666666666 0.078125 0.2361111111111111
2 0.0418515625 0.7837361111111111 0.0636171875 0.17856944444444445
2 0.1104921875 0.75 0.0691953125 0.1706388888888889
2 0.178015625 0.7004027777777778 0.0591484375 0.16269444444444445
2 0.23883593749999998 0.672625 0.0625 0.15873611111111113
2 0.3013359375 0.6537638888888888 0.0580390625 0.15675
2 0.3599296875 0.6259861111111111 0.0546875 0.1527777777777778
2 0.41685156250000005 0.5992083333333333 0.056921875 0.1547638888888889
2 0.46875 0.5694444444444444 0.046875 0.15873611111111113
2 0.6512265625 0.9543611111111111 0.056921875 0.09126388888888888
2 0.7109375 0.9335277777777777 0.0625 0.13293055555555555
2 0.771765625 0.939486111111111 0.056921875 0.12102777777777778
2 0.8303593749999999 0.8928611111111111 0.055804687500000005 0.17856944444444445
2 0.8872734375 0.8601249999999999 0.055804687500000005 0.18055555555555555
2 0.9458671875 0.8263888888888888 0.0546875 0.172625
2 0.9877265625 0.796625 0.0245546875 0.18055555555555555