0 0.25096093750000004 0.705875 0.052171875 0.07791666666666666
0 0.225140625 0.6312083333333334 0.0829609375 0.09183333333333334
0 0.3044453125 0.6191527777777778 0.049570312500000005 0.11965277777777779
0 0.37853125 0.5407638888888889 0.0464375 0.12058333333333332
0 0.3052265625 0.4211111111111111 0.062609375 0.057513888888888885
2 0.01215625 0.38302777777777774 0.020429687499999998 0.09511111111111112
2 0.220796875 0.7461666666666666 0.0175078125 0.09511111111111112
2 0.2737890625 0.6008194444444445 0.02 0.09630555555555556
2 0.25753906249999997 0.6397222222222223 0.021671875 0.10149999999999999
2 0.237953125 0.6989861111111111 0.0225 0.08816666666666666
2 0.2906640625 0.55675 0.01875 0.08816666666666666
2 0.3048359375 0.5137777777777778 0.017085937500000002 0.07334722222222223
2 0.318796875 0.4741388888888889 0.0183359375 0.08445833333333333
2 0.3333828125 0.43302777777777773 0.0258359375 0.07926388888888888
1 0.8381171875 0.7552361111111111 0.0406171875 0.4566527777777778