0 0.21875 0.6875 0.033484375 0.11706944444444445
0 0.224328125 0.6299583333333333 0.0424140625 0.12102777777777778
0 0.3018984375 0.6150833333333333 0.0546875 0.1071388888888889
0 0.392296875 0.5416666666666666 0.0479921875 0.11904166666666666
0 0.334265625 0.44643055555555555 0.0390625 0.1111111111111111
2 0.11283593750000001 0.6658888888888889 0.029726562499999998 0.09491666666666668
2 0.14063281249999998 0.6184305555555555 0.024765625 0.08219444444444444
2 0.18384375 0.6174583333333333 0.05284375 0.05284722222222222
2 0.18796875 0.5406388888888889 0.024765625 0.08122222222222222
2 0.21135937500000002 0.5078611111111111 0.0198125 0.07827777777777778
2 0.23255468750000002 0.4711666666666667 0.02146875 0.08708333333333333
2 0.2537421875 0.4364305555555556 0.0198125 0.07827777777777778
2 0.2746640625 0.4105 0.0187109375 0.07926388888888888
2 0.44942187499999997 0.7838055555555556 0.0203671875 0.1076388888888889
2 0.4689609375 0.7295 0.0198125 0.096875
2 0.4876796875 0.6903611111111111 0.0187109375 0.09491666666666668
2 0.5047421875 0.6443611111111112 0.016515625 0.08708333333333333
2 0.52125 0.6061944444444444 0.0187109375 0.09295833333333334
2 0.5369375 0.5665694444444445 0.0137578125 0.08415277777777778
2 0.5515234375 0.5293888888888889 0.016515625 0.09198611111111112
2 0.5666640625 0.49562500000000004 0.0137578125 0.08708333333333333