0 0.16015625 0.5992083333333333 0.0903984375 0.25
0 0.424109375 0.7311527777777778 0.0669609375 0.25198611111111113
0 0.49888281250000005 0.6309583333333334 0.078125 0.25793055555555555
0 0.654015625 0.6150833333333333 0.060265625 0.24602777777777776
0 0.5971015625 0.5238055555555555 0.080359375 0.2222222222222222
0 0.697546875 0.4870972222222222 0.075890625 0.25198611111111113
0 0.49274218750000004 0.37995833333333334 0.0948671875 0.16070833333333331
0 0.545203125 0.3055555555555556 0.052453125 0.17856944444444445
0 0.6489921875 0.3740138888888889 0.056921875 0.1686527777777778
2 0.1082578125 0.264875 0.0424140625 0.15675
2 0.060828125 0.2956388888888889 0.0502265625 0.1547638888888889
2 0.0669609375 0.40675 0.09375 0.07936111111111112
2 0.3013359375 0.751986111111111 0.044640625 0.17856944444444445
2 0.3482109375 0.7013888888888888 0.049109375 0.17658333333333334
2 0.3973203125 0.6458333333333334 0.049109375 0.17658333333333334
2 0.450890625 0.5892916666666667 0.053570312499999995 0.1547638888888889
2 0.5005546875 0.5495972222222222 0.0457578125 0.15873611111111113
2 0.544640625 0.5129027777777778 0.0424140625 0.16468055555555555
2 0.584265625 0.46329166666666666 0.036828125 0.13690277777777776
2 0.618859375 0.4265833333333333 0.0323671875 0.15079166666666666
2 0.65625 0.39384722222222224 0.0401796875 0.13690277777777776