0 0.1713203125 0.43154166666666666 0.041296875 0.16070833333333331
0 0.2276796875 0.41468055555555555 0.0424140625 0.1547638888888889
0 0.31640625 0.4047638888888889 0.0479921875 0.08730555555555555
0 0.44140625 0.39781944444444445 0.0636171875 0.10515277777777778
0 0.49664843750000004 0.3462361111111111 0.0424140625 0.13690277777777776
0 0.545203125 0.33431944444444445 0.0301328125 0.14484722222222224
2 0.2315859375 0.10318055555555557 0.0435234375 0.08730555555555555
2 0.1880546875 0.11209722222222221 0.0435234375 0.08531944444444445
2 0.1434140625 0.1240138888888889 0.0435234375 0.08531944444444445
2 0.0971015625 0.13194444444444445 0.044640625 0.08929166666666667
2 0.05078125 0.1428611111111111 0.0457578125 0.08333333333333333
2 0.013953125 0.14980555555555555 0.0278984375 0.08929166666666667
2 0.0619453125 0.327375 0.052453125 0.0952361111111111
2 0.11328125 0.3125 0.0502265625 0.09325
2 0.1635078125 0.29959722222222224 0.0479921875 0.0952361111111111
2 0.2109375 0.2876944444444444 0.046875 0.08730555555555555
2 0.259484375 0.27679166666666666 0.0457578125 0.08929166666666667
2 0.3041328125 0.26290277777777776 0.0435234375 0.08531944444444445
2 0.3504453125 0.25495833333333334 0.046875 0.08929166666666667
2 0.39453125 0.24008333333333334 0.041296875 0.09126388888888888
2 0.2410703125 0.5049583333333333 0.053570312499999995 0.09722222222222222
2 0.2940859375 0.49008333333333337 0.052453125 0.0952361111111111
2 0.345984375 0.47420833333333334 0.049109375 0.09126388888888888
2 0.3956484375 0.46031944444444445 0.0502265625 0.0952361111111111
2 0.44475781249999996 0.4444444444444444 0.0457578125 0.0952361111111111
2 0.49497656250000005 0.43154166666666666 0.0479921875 0.10119444444444445
2 0.5424140625 0.4156805555555556 0.044640625 0.09722222222222222
2 0.5864921875 0.4017916666666667 0.0435234375 0.09722222222222222
2 0.45200781250000005 0.7222222222222222 0.0513359375 0.1111111111111111
2 0.5050234375 0.7004027777777778 0.0546875 0.10318055555555557
2 0.560265625 0.6845277777777778 0.053570312499999995 0.11508333333333333
2 0.6138359375 0.6636944444444445 0.0513359375 0.10515277777777778
2 0.666296875 0.6458333333333334 0.053570312499999995 0.10912499999999999
2 0.7198671875 0.6299583333333333 0.0513359375 0.10515277777777778
2 0.7700859375 0.6111111111111112 0.049109375 0.1071388888888889
2 0.8214296875 0.5932499999999999 0.0513359375 0.10318055555555557
2 0.7103828125 0.9642916666666667 0.056921875 0.07143055555555555
2 0.7689765625 0.9523750000000001 0.060265625 0.0952361111111111
2 0.8292421875 0.939486111111111 0.060265625 0.12102777777777778
2 0.8917421875 0.9236111111111112 0.0580390625 0.11309722222222224
2 0.953125 0.8978194444444444 0.055804687500000005 0.13293055555555555