0 0.193640625 0.4890833333333333 0.0546875 0.22420833333333334
0 0.24609375 0.46825 0.0546875 0.24206944444444442
0 0.3247734375 0.44543055555555555 0.053570312499999995 0.23213888888888887
0 0.4140625 0.4444444444444444 0.049109375 0.234125
0 0.47544531250000005 0.4305555555555556 0.049109375 0.21429166666666666
0 0.51953125 0.38393055555555555 0.0502265625 0.20040277777777776
0 0.5814765625 0.38690277777777776 0.0513359375 0.21429166666666666
0 0.6875 0.36706944444444445 0.0424140625 0.21429166666666666
2 0.2449765625 0.1745972222222222 0.056921875 0.12301388888888888
2 0.1830390625 0.18948611111111113 0.064734375 0.1289722222222222
2 0.11774218750000001 0.19741666666666666 0.061382812499999995 0.1289722222222222
2 0.051898437500000005 0.20833333333333334 0.0658515625 0.12698611111111113
2 0.083703125 0.4583333333333333 0.0714296875 0.1388888888888889
2 0.16015625 0.4444444444444444 0.0770078125 0.1428611111111111
2 0.239953125 0.4305555555555556 0.0736640625 0.12698611111111113
2 0.2996640625 0.41468055555555555 0.0658515625 0.14681944444444445
2 0.365515625 0.39384722222222224 0.061382812499999995 0.13690277777777776
2 0.43080468749999995 0.37995833333333334 0.0691953125 0.13690277777777776
2 0.5 0.3640833333333333 0.0625 0.13293055555555555
2 0.5636171875 0.3511944444444445 0.0625 0.1388888888888889
2 0.44196093750000004 0.6964305555555556 0.0736640625 0.15873611111111113
2 0.5161796875 0.6745972222222222 0.072546875 0.15873611111111113
2 0.58984375 0.6537638888888888 0.072546875 0.1527777777777778
2 0.661828125 0.6369027777777778 0.0691953125 0.15873611111111113
2 0.732140625 0.6140833333333333 0.0669609375 0.15675
2 0.8024531250000001 0.5982083333333333 0.0736640625 0.14880555555555555
2 0.875 0.577375 0.0669609375 0.1547638888888889
2 0.9408515625 0.5644861111111111 0.0625 0.1527777777777778