0 0.1902890625 0.5218194444444444 0.068078125 0.21031944444444445
0 0.2354921875 0.48115277777777776 0.0401796875 0.2162638888888889
0 0.30078125 0.45734722222222224 0.0457578125 0.2162638888888889
0 0.396203125 0.44543055555555555 0.055804687500000005 0.2043611111111111
0 0.46930468750000004 0.4384861111111111 0.056921875 0.2063472222222222
0 0.49330468749999995 0.36904166666666666 0.0379453125 0.1745972222222222
0 0.52734375 0.3571388888888889 0.0435234375 0.16666666666666666
0 0.614953125 0.3373055555555556 0.064734375 0.202375
2 0.0775703125 0.12698611111111113 0.0479921875 0.11904166666666666
2 0.025671875 0.14484722222222224 0.0513359375 0.11904166666666666
2 0.029578125 0.48115277777777776 0.0546875 0.14484722222222224
2 0.125 0.5009861111111111 0.091515625 0.09722222222222222
2 0.1646171875 0.42856944444444445 0.052453125 0.1428611111111111
2 0.2237734375 0.40575 0.0636171875 0.14484722222222224
2 0.2840390625 0.37995833333333334 0.056921875 0.140875
2 0.3409609375 0.35615277777777776 0.056921875 0.125
2 0.3978828125 0.3373055555555556 0.056921875 0.12698611111111113
2 0.45200781250000005 0.30754166666666666 0.0513359375 0.13095833333333334
2 0.47711718750000004 0.7291666666666666 0.056921875 0.1527777777777778
2 0.5385078125 0.6944444444444444 0.0636171875 0.15079166666666666
2 0.6021171875 0.6646805555555555 0.0636171875 0.14681944444444445
2 0.6629453125 0.6329305555555556 0.055804687500000005 0.1428611111111111
2 0.7215390625 0.6051527777777778 0.056921875 0.14681944444444445
2 0.7806953125 0.5763888888888888 0.061382812499999995 0.140875
2 0.8392890625 0.546625 0.055804687500000005 0.13690277777777776
2 0.89453125 0.5198472222222222 0.052453125 0.15079166666666666