0 0.209265625 0.5019861111111111 0.061382812499999995 0.234125
0 0.2550234375 0.46329166666666666 0.0546875 0.21230555555555558
0 0.33203125 0.44741666666666663 0.056921875 0.2162638888888889
0 0.41908593749999995 0.44940277777777776 0.0636171875 0.22818055555555555
0 0.48325781250000005 0.4375 0.060265625 0.2162638888888889
0 0.5245546875 0.3888888888888889 0.049109375 0.1904722222222222
0 0.5747734375 0.38491666666666663 0.064734375 0.2063472222222222
0 0.681359375 0.36606944444444445 0.061382812499999995 0.21230555555555558
2 0.1283515625 0.11508333333333333 0.053570312499999995 0.12698611111111113
2 0.0675234375 0.12698611111111113 0.0636171875 0.13095833333333334
2 0.017296875 0.1388888888888889 0.0346015625 0.13095833333333334
2 0.0440859375 0.37698611111111113 0.072546875 0.1428611111111111
2 0.11551562500000001 0.3581388888888889 0.068078125 0.140875
2 0.1830390625 0.34325 0.064734375 0.1388888888888889
2 0.248328125 0.3303611111111111 0.0636171875 0.13690277777777776
2 0.3125 0.31647222222222227 0.064734375 0.13690277777777776
2 0.377234375 0.29959722222222224 0.0625 0.13095833333333334
2 0.4375 0.28175 0.055804687500000005 0.13095833333333334
2 0.3214296875 0.6120972222222222 0.0691953125 0.1527777777777778
2 0.3911796875 0.5922638888888889 0.0703125 0.14880555555555555
2 0.46149218750000004 0.5724166666666667 0.068078125 0.14880555555555555
2 0.529578125 0.5535694444444444 0.068078125 0.15873611111111113
2 0.599890625 0.5357083333333333 0.068078125 0.14681944444444445
2 0.66796875 0.5168611111111111 0.0636171875 0.14484722222222224
2 0.732703125 0.5009861111111111 0.0636171875 0.14880555555555555
2 0.795203125 0.48512500000000003 0.061382812499999995 0.1527777777777778
2 0.7371640625 0.8819444444444444 0.0747734375 0.17658333333333334
2 0.9598203125 0.814486111111111 0.0691953125 0.16468055555555555