0 0.1395078125 0.5 0.0714296875 0.25
0 0.26171875 0.4930555555555556 0.0591484375 0.23213888888888887
0 0.3152890625 0.4702361111111111 0.0502265625 0.24206944444444442
0 0.42299218749999995 0.4831388888888889 0.0736640625 0.2361111111111111
0 0.5318046875 0.49504166666666666 0.056921875 0.25198611111111113
0 0.6177421875 0.47420833333333334 0.061382812499999995 0.24206944444444442
0 0.7221015625 0.4623055555555556 0.0669609375 0.25
0 0.8097109375 0.4623055555555556 0.0636171875 0.23809722222222224
2 0.243859375 0.6190416666666666 0.10602343750000001 0.18651388888888887
2 0.349890625 0.6140833333333333 0.10379687500000001 0.1845277777777778
2 0.45367968750000004 0.6011944444444445 0.1015625 0.1745972222222222
2 0.5574765625 0.5922638888888889 0.10602343750000001 0.16070833333333331
2 0.6607109375 0.5902777777777778 0.1026796875 0.15675
2 0.7622734375 0.577375 0.0982109375 0.16269444444444445
2 0.86328125 0.5793611111111111 0.10379687500000001 0.16269444444444445
2 0.9575859375 0.5734166666666667 0.0848203125 0.15873611111111113
2 0.48939843749999995 0.7817500000000001 0.11272656249999999 0.202375
2 0.603234375 0.7757916666666668 0.11272656249999999 0.19444444444444445
2 0.7176328125 0.7410694444444446 0.1160703125 0.14880555555555555
2 0.8331484375 0.7609166666666667 0.1082578125 0.19245833333333331
2 0.9408515625 0.7579305555555556 0.11383593750000001 0.19444444444444445
2 0.7846015625 0.9335277777777777 0.125 0.13293055555555555
2 0.9107109375 0.9285694444444446 0.125 0.1428611111111111