0 0.1456484375 0.6140833333333333 0.0971015625 0.3234166666666667
0 0.21539843749999998 0.5744027777777778 0.0513359375 0.2916666666666667
0 0.2918515625 0.5357083333333333 0.052453125 0.297625
0 0.48158593749999995 0.5694444444444444 0.052453125 0.3055555555555556
0 0.5390625 0.4097222222222222 0.0669609375 0.2638888888888889
0 0.6082578125 0.547625 0.0625 0.28968055555555555
0 0.6724296875 0.5099166666666667 0.0591484375 0.297625
0 0.763953125 0.4375 0.0703125 0.2638888888888889
2 0.178015625 0.2013888888888889 0.072546875 0.16070833333333331
2 0.09765625 0.21031944444444445 0.0814765625 0.15873611111111113
2 0.0278984375 0.22619444444444448 0.053570312499999995 0.16269444444444445
2 0.0502265625 0.4722222222222222 0.0825859375 0.1745972222222222
2 0.24274218749999998 0.4404722222222222 0.083703125 0.18651388888888887
2 0.3292421875 0.4136944444444445 0.0892890625 0.18848611111111113
2 0.42299218749999995 0.4047638888888889 0.0892890625 0.16666666666666666
2 0.505578125 0.38293055555555555 0.0825859375 0.17856944444444445
2 0.5848203125 0.3680555555555556 0.0714296875 0.1686527777777778
2 0.3247734375 0.7192500000000001 0.10714062499999999 0.11706944444444445
2 0.43080468749999995 0.7361111111111112 0.1004453125 0.2063472222222222
2 0.532921875 0.7172638888888888 0.1015625 0.2043611111111111
2 0.6328125 0.6934583333333334 0.095984375 0.2043611111111111
2 0.7315859375 0.6676527777777778 0.0971015625 0.20040277777777776
2 0.828125 0.6507916666666667 0.0982109375 0.202375
2 0.9274531250000001 0.6220277777777778 0.091515625 0.2043611111111111
2 0.9871640625 0.6120972222222222 0.025671875 0.19643055555555555