0 0.12109375 0.5863055555555555 0.068078125 0.24404166666666668
0 0.212609375 0.6706388888888889 0.11272656249999999 0.1706388888888889
0 0.3638359375 0.5625 0.1026796875 0.14484722222222224
0 0.5401796875 0.6160694444444444 0.0848203125 0.25198611111111113
0 0.49888281250000005 0.47718055555555555 0.12276562499999999 0.14880555555555555
0 0.44196093750000004 0.40873611111111113 0.075890625 0.21031944444444445
0 0.521765625 0.31448611111111113 0.0457578125 0.2162638888888889
0 0.599890625 0.38095833333333334 0.0658515625 0.18651388888888887
0 0.6294609375 0.49504166666666666 0.080359375 0.1527777777777778
2 0.2901796875 0.7837361111111111 0.0625 0.17856944444444445
2 0.3565859375 0.7331388888888889 0.0636171875 0.18055555555555555
2 0.419640625 0.6974166666666667 0.060265625 0.18055555555555555
2 0.48492968750000004 0.6547638888888889 0.0636171875 0.17856944444444445
2 0.54296875 0.610125 0.052453125 0.172625
2 0.5987734375 0.5754027777777778 0.0546875 0.18254166666666669
2 0.6551328125 0.5257916666666667 0.053570312499999995 0.1745972222222222
2 0.709265625 0.4870972222222222 0.0502265625 0.172625
2 0.7611640625 0.4504027777777778 0.053570312499999995 0.1706388888888889
2 0.2237734375 0.2837361111111111 0.052453125 0.16666666666666666
2 0.0346015625 0.3819444444444444 0.060265625 0.172625
2 0.171875 0.31348611111111113 0.046875 0.1706388888888889
2 0.1300234375 0.36508333333333337 0.0859375 0.10318055555555557