0 0.232703125 0.6825416666666667 0.0703125 0.17856944444444445
0 0.2974296875 0.6130972222222222 0.0747734375 0.1388888888888889
0 0.37890625 0.6319444444444444 0.0926328125 0.16070833333333331
0 0.486609375 0.6527777777777778 0.0580390625 0.2222222222222222
0 0.544640625 0.6319444444444444 0.055804687500000005 0.20040277777777776
0 0.6450859375 0.6388888888888888 0.0625 0.202375
0 0.6690859375 0.5605138888888889 0.0636171875 0.14484722222222224
0 0.767296875 0.6111111111111112 0.0546875 0.2222222222222222
2 0.037390625 0.3462361111111111 0.056921875 0.1289722222222222
2 0.01953125 0.5337361111111112 0.0390625 0.1388888888888889
2 0.10491406249999999 0.5952361111111111 0.1026796875 0.043652777777777776
2 0.150109375 0.5129027777777778 0.0703125 0.13690277777777776
2 0.21875 0.49801388888888887 0.0625 0.13095833333333334
2 0.2818046875 0.4870972222222222 0.0636171875 0.1289722222222222
2 0.3448671875 0.4791666666666667 0.060265625 0.13293055555555555
2 0.20758593749999998 0.7202361111111112 0.0714296875 0.12301388888888888
2 0.28125 0.7132916666666668 0.075890625 0.140875
2 0.3549140625 0.6934583333333334 0.0691953125 0.140875
2 0.43638281250000005 0.6964305555555556 0.080359375 0.11508333333333333
2 0.5005546875 0.6666666666666666 0.056921875 0.14681944444444445
2 0.5658515625 0.6527777777777778 0.0669609375 0.1547638888888889
2 0.6339296875 0.6418611111111111 0.0691953125 0.14484722222222224
2 0.700890625 0.6269861111111111 0.0625 0.14681944444444445
2 0.607140625 0.9226249999999999 0.075890625 0.1547638888888889
2 0.6841484375 0.9057499999999999 0.075890625 0.172625
2 0.7606015625 0.8898750000000001 0.072546875 0.1686527777777778
2 0.8364921875 0.876986111111111 0.0792421875 0.16666666666666666
2 0.9135078125 0.8571388888888889 0.0703125 0.16666666666666666
2 0.9743281250000001 0.8442500000000001 0.0513359375 0.1686527777777778