0 0.224328125 0.5277777777777778 0.055804687500000005 0.2063472222222222
0 0.24664843749999998 0.48115277777777776 0.044640625 0.2162638888888889
0 0.3074765625 0.4404722222222222 0.0479921875 0.2222222222222222
0 0.431359375 0.41170833333333334 0.0814765625 0.13293055555555555
0 0.5033515625 0.36508333333333337 0.075890625 0.09920833333333334
0 0.47935156250000005 0.3303611111111111 0.0390625 0.1527777777777778
0 0.49944531249999996 0.3095277777777778 0.036828125 0.19444444444444445
0 0.599328125 0.25397222222222227 0.060265625 0.1745972222222222
2 0.20367968749999998 0.18352777777777776 0.0457578125 0.13293055555555555
2 0.1707578125 0.21230555555555558 0.064734375 0.1071388888888889
2 0.099890625 0.24305555555555555 0.0502265625 0.13690277777777776
2 0.0463203125 0.27281944444444445 0.052453125 0.140875
2 0.010046875 0.29265277777777776 0.0200859375 0.140875
2 0.3292421875 0.6329305555555556 0.0513359375 0.1547638888888889
2 0.3822578125 0.5932499999999999 0.052453125 0.16269444444444445
2 0.43414843750000004 0.5505972222222222 0.046875 0.15675
2 0.486046875 0.5138888888888888 0.056921875 0.14681944444444445
2 0.5390625 0.4761944444444445 0.046875 0.1547638888888889
2 0.588171875 0.4384861111111111 0.046875 0.1547638888888889
2 0.6361640625 0.4017916666666667 0.046875 0.14880555555555555
2 0.6808046875 0.3680555555555556 0.0424140625 0.140875
2 0.9787968749999999 0.8740138888888889 0.0424140625 0.18055555555555555