0 0.173546875 0.4245972222222222 0.052453125 0.06348611111111112
0 0.232703125 0.41170833333333334 0.056921875 0.08134722222222222
0 0.322546875 0.46031944444444445 0.033484375 0.1547638888888889
0 0.44419531250000005 0.45237499999999997 0.0424140625 0.16269444444444445
0 0.5050234375 0.37102777777777773 0.0546875 0.09920833333333334
0 0.5580390625 0.35912499999999997 0.044640625 0.0952361111111111
2 0.21930468749999998 0.11606944444444443 0.0435234375 0.08134722222222222
2 0.1752265625 0.12301388888888888 0.044640625 0.08333333333333333
2 0.130578125 0.13095833333333334 0.044640625 0.08333333333333333
2 0.084265625 0.139875 0.0479921875 0.08531944444444445
2 0.036828125 0.14880555555555555 0.046875 0.08730555555555555
2 0.0340390625 0.31845833333333334 0.0502265625 0.09325
2 0.084265625 0.30654166666666666 0.0502265625 0.08531944444444445
2 0.1356015625 0.2956388888888889 0.0502265625 0.09126388888888888
2 0.1847109375 0.2847222222222222 0.0457578125 0.08531944444444445
2 0.232140625 0.2748055555555556 0.044640625 0.08929166666666667
2 0.2801328125 0.264875 0.049109375 0.08929166666666667
2 0.3275703125 0.25595833333333334 0.0457578125 0.09126388888888888
2 0.372765625 0.24404166666666668 0.044640625 0.08730555555555555
2 0.1941953125 0.48412499999999997 0.053570312499999995 0.09920833333333334
2 0.2472109375 0.4702361111111111 0.052453125 0.0952361111111111
2 0.2996640625 0.4543611111111111 0.052453125 0.0952361111111111
2 0.3521171875 0.44345833333333334 0.0479921875 0.09325
2 0.40122656250000005 0.4305555555555556 0.0479921875 0.09126388888888888
2 0.451453125 0.4236111111111111 0.0502265625 0.09325
2 0.5 0.40675 0.046875 0.08730555555555555
2 0.548546875 0.39484722222222224 0.0457578125 0.0952361111111111
2 0.381140625 0.6815416666666666 0.052453125 0.09722222222222222
2 0.43471093749999995 0.6626944444444445 0.0546875 0.10318055555555557
2 0.49107031250000005 0.6468194444444444 0.053570312499999995 0.10318055555555557
2 0.545203125 0.6349166666666667 0.0546875 0.1071388888888889
2 0.599328125 0.6180555555555556 0.049109375 0.10119444444444445
2 0.6517890625 0.6021805555555555 0.0513359375 0.10119444444444445
2 0.705359375 0.5892916666666667 0.0513359375 0.09920833333333334
2 0.7550234375 0.5734166666666667 0.0479921875 0.10318055555555557
2 0.6060234375 0.9226249999999999 0.0580390625 0.12301388888888888
2 0.665734375 0.9017916666666667 0.0591484375 0.11706944444444445
2 0.724890625 0.8839305555555554 0.0591484375 0.12102777777777778
2 0.7857109375 0.8690416666666667 0.060265625 0.11508333333333333
2 0.8443046875 0.8492083333333332 0.056921875 0.1111111111111111
2 0.9028984375 0.8353194444444444 0.0580390625 0.11508333333333333
2 0.9653984375 0.8184583333333333 0.060265625 0.11309722222222224