0 0.1328125 0.6021805555555555 0.0736640625 0.2876944444444444
0 0.275109375 0.5873055555555555 0.088171875 0.26587500000000003
0 0.385046875 0.5634861111111111 0.0691953125 0.26190277777777776
0 0.5072578125 0.5644861111111111 0.0591484375 0.25198611111111113
0 0.5457578125 0.48015277777777776 0.0513359375 0.21429166666666666
0 0.599890625 0.48115277777777776 0.056921875 0.24801388888888887
0 0.669640625 0.4166666666666667 0.0736640625 0.24206944444444442
0 0.650671875 0.327375 0.053570312499999995 0.13491666666666666
0 0.056921875 0.14484722222222224 0.0669609375 0.22619444444444448
2 0.1646171875 0.24305555555555555 0.056921875 0.14880555555555555
2 0.10379687500000001 0.2609166666666667 0.064734375 0.1527777777777778
2 0.0390625 0.2787638888888889 0.064734375 0.14880555555555555
2 0.029578125 0.375 0.0546875 0.05952777777777778
2 0.0619453125 0.6111111111111112 0.0770078125 0.18254166666666669
2 0.1517890625 0.5922638888888889 0.0848203125 0.1527777777777778
2 0.2583671875 0.578375 0.1015625 0.08531944444444445
2 0.2940859375 0.5228194444444445 0.0747734375 0.16070833333333331
2 0.3671875 0.49504166666666666 0.0691953125 0.172625
2 0.43359375 0.4642916666666667 0.061382812499999995 0.1547638888888889
2 0.6612734375 0.8839305555555554 0.0747734375 0.20833333333333334
2 0.7377265625 0.8412638888888889 0.075890625 0.19841666666666669
2 0.8125 0.7995972222222223 0.0714296875 0.19444444444444445
2 0.8828125 0.7629027777777777 0.0691953125 0.20040277777777776
2 0.95703125 0.7271805555555556 0.0747734375 0.19643055555555555
2 0.5535703125 0.4196388888888889 0.053570312499999995 0.15675