0 0.1690859375 0.6021805555555555 0.052453125 0.25991666666666663
0 0.42689843749999995 0.7301527777777779 0.0770078125 0.25
0 0.5050234375 0.610125 0.0903984375 0.22420833333333334
0 0.6473203125 0.6120972222222222 0.0848203125 0.23213888888888887
0 0.6065859375 0.514875 0.0636171875 0.21230555555555558
0 0.6947578125 0.514875 0.0636171875 0.20833333333333334
0 0.49497656250000005 0.35912499999999997 0.0948671875 0.11508333333333333
0 0.556359375 0.2886944444444445 0.0703125 0.13293055555555555
0 0.64453125 0.37698611111111113 0.0636171875 0.18254166666666669
2 0.0864921875 0.26290277777777776 0.0479921875 0.14880555555555555
2 0.0513359375 0.4027777777777778 0.0892890625 0.07540277777777778
2 0.2806953125 0.7509861111111111 0.0479921875 0.18055555555555555
2 0.328125 0.6954305555555556 0.044640625 0.16468055555555555
2 0.3761171875 0.6448472222222222 0.0513359375 0.15873611111111113
2 0.42299218749999995 0.5932499999999999 0.0424140625 0.1547638888888889
2 0.466515625 0.5555555555555556 0.0424140625 0.15873611111111113
2 0.5083671875 0.5019861111111111 0.0435234375 0.1428611111111111
2 0.5518984375 0.4613055555555555 0.0435234375 0.14484722222222224
2 0.5943046875 0.4245972222222222 0.036828125 0.15079166666666666
2 0.635046875 0.37995833333333334 0.0424140625 0.13293055555555555