0 0.1886171875 0.6984166666666667 0.0714296875 0.2063472222222222
0 0.29296875 0.6825416666666667 0.0658515625 0.25
0 0.396765625 0.6855138888888889 0.0814765625 0.2162638888888889
0 0.502234375 0.6805555555555556 0.0714296875 0.2222222222222222
0 0.592078125 0.6765833333333333 0.0792421875 0.2301527777777778
0 0.6875 0.6686527777777778 0.060265625 0.21031944444444445
0 0.7879453125 0.6557499999999999 0.0714296875 0.24404166666666668
0 0.8727656250000001 0.6438472222222222 0.0691953125 0.2162638888888889
2 0.59375 0.935513888888889 0.10714062499999999 0.1289722222222222
2 0.704796875 0.9305555555555556 0.10379687500000001 0.1388888888888889
2 0.8108281249999999 0.9226249999999999 0.10379687500000001 0.1547638888888889
2 0.9146171875 0.9236111111111112 0.10602343750000001 0.1527777777777778
2 0.984375 0.921625 0.03125 0.15675