0 0.1869453125 0.6944444444444444 0.052453125 0.15873611111111113
0 0.256140625 0.6755972222222222 0.0658515625 0.19643055555555555
0 0.3683046875 0.6855138888888889 0.0513359375 0.1845277777777778
0 0.44642968749999995 0.702375 0.053570312499999995 0.2301527777777778
0 0.521765625 0.6954305555555556 0.0502265625 0.24404166666666668
0 0.6121640625 0.6884861111111111 0.0502265625 0.2301527777777778
0 0.6824765625 0.6666666666666666 0.061382812499999995 0.234125
0 0.7544609375 0.6666666666666666 0.053570312499999995 0.24206944444444442
2 0.1043515625 0.734125 0.083703125 0.15873611111111113
2 0.189171875 0.7172638888888888 0.083703125 0.1289722222222222
2 0.271765625 0.7083333333333334 0.0814765625 0.1428611111111111
2 0.447546875 0.7192500000000001 0.0892890625 0.11309722222222224
2 0.5145078125 0.6924583333333333 0.075890625 0.1547638888888889
2 0.5931953125 0.6805555555555556 0.0792421875 0.15079166666666666
2 0.6690859375 0.671625 0.072546875 0.1527777777777778
2 0.423546875 0.9047638888888888 0.0814765625 0.15873611111111113
2 0.510046875 0.890875 0.0870546875 0.16666666666666666
2 0.59765625 0.8819444444444444 0.088171875 0.1686527777777778
2 0.6841484375 0.8740138888888889 0.0848203125 0.16468055555555555
2 0.767859375 0.8670694444444444 0.0848203125 0.16666666666666666
2 0.85546875 0.859125 0.083703125 0.16666666666666666
2 0.9402890625 0.8511944444444445 0.083703125 0.1706388888888889