0 0.1534609375 0.5297638888888889 0.0703125 0.22619444444444448
0 0.2488828125 0.5198472222222222 0.046875 0.234125
0 0.3660703125 0.5049583333333333 0.0714296875 0.22818055555555555
0 0.454796875 0.5099166666666667 0.052453125 0.24206944444444442
0 0.5072578125 0.46825 0.0658515625 0.24206944444444442
0 0.6143984375 0.4751944444444444 0.0591484375 0.22420833333333334
0 0.6534609375 0.44245833333333334 0.0479921875 0.21824999999999997
0 0.7271171875 0.44741666666666663 0.0546875 0.24404166666666668
0 0.779578125 0.43352777777777773 0.0546875 0.25198611111111113
2 0.055804687500000005 0.17658333333333334 0.0669609375 0.11904166666666666
2 0.0278984375 0.32440277777777776 0.053570312499999995 0.14484722222222224
2 0.0457578125 0.5049583333333333 0.080359375 0.1527777777777778
2 0.1534609375 0.5277777777777778 0.099328125 0.0952361111111111
2 0.22321093749999998 0.48809722222222224 0.080359375 0.1547638888888889
2 0.3046875 0.46925 0.075890625 0.1527777777777778
2 0.3839296875 0.46329166666666666 0.080359375 0.1527777777777778
2 0.463171875 0.45337500000000003 0.0736640625 0.1527777777777778
2 0.61328125 0.43254166666666666 0.0703125 0.1547638888888889
2 0.5753359375 0.49602777777777773 0.0971015625 0.0952361111111111
2 0.6997734375 0.4642916666666667 0.0669609375 0.06348611111111112
2 0.3856015625 0.6944444444444444 0.0903984375 0.15873611111111113
2 0.47767968749999995 0.6934583333333334 0.091515625 0.17658333333333334
2 0.5675234375 0.672625 0.0859375 0.16666666666666666
2 0.6551328125 0.6607083333333333 0.0870546875 0.16666666666666666
2 0.7433046875 0.640875 0.0848203125 0.16269444444444445
2 0.8303593749999999 0.6339305555555556 0.0870546875 0.17658333333333334
2 0.9162968749999999 0.6210277777777777 0.0825859375 0.16666666666666666
2 0.9793515625 0.6031805555555556 0.041296875 0.1745972222222222
2 0.8219843750000001 0.9315416666666667 0.10602343750000001 0.13690277777777776
2 0.9268984375 0.9226249999999999 0.10602343750000001 0.1547638888888889
2 0.109375 0.38393055555555555 0.0892890625 0.02976388888888889
2 0.18359375 0.3779722222222222 0.1015625 0.03373611111111111
2 0.3152890625 0.2916666666666667 0.0703125 0.12698611111111113
2 0.40234375 0.3511944444444445 0.099328125 0.047625