0 0.1646171875 0.49602777777777773 0.0546875 0.17856944444444445
0 0.2628359375 0.4672638888888889 0.0502265625 0.172625
0 0.3510078125 0.4870972222222222 0.0457578125 0.18055555555555555
0 0.5089296875 0.4613055555555555 0.064734375 0.17658333333333334
0 0.6456484375 0.42559722222222224 0.0457578125 0.19245833333333331
0 0.7332578125 0.4196388888888889 0.049109375 0.1845277777777778
2 0.2857109375 0.6448472222222222 0.078125 0.1388888888888889
2 0.364953125 0.6319444444444444 0.075890625 0.13690277777777776
2 0.44196093750000004 0.6200416666666667 0.078125 0.13690277777777776
2 0.5200859375 0.6081388888888889 0.075890625 0.140875
2 0.5965390625 0.5952361111111111 0.0747734375 0.1428611111111111
2 0.6729921875 0.5813472222222222 0.075890625 0.13491666666666666
2 0.7494453125 0.5694444444444444 0.0747734375 0.13491666666666666
2 0.8231015625 0.5595277777777778 0.072546875 0.13491666666666666
2 0.505578125 0.9007916666666668 0.0825859375 0.1547638888888889
2 0.5892890625 0.8849166666666667 0.0825859375 0.15079166666666666
2 0.674109375 0.8710277777777777 0.0848203125 0.1547638888888889
2 0.760046875 0.8561527777777778 0.0825859375 0.14484722222222224
2 0.8420781249999999 0.8412638888888889 0.0814765625 0.1428611111111111
2 0.9263359375 0.8293611111111111 0.0848203125 0.15079166666666666
2 0.9849296875 0.8224166666666667 0.0301328125 0.15675