0 0.15715625 0.5076111111111111 0.0676171875 0.12506944444444443
0 0.2535546875 0.49543055555555554 0.07035156249999999 0.12345833333333334
0 0.3421796875 0.4775694444444445 0.059390624999999996 0.12020833333333333
0 0.5235546875 0.4515694444444444 0.071265625 0.12020833333333333
0 0.7049218749999999 0.4280138888888889 0.0721796875 0.12506944444444443
0 0.7862421875 0.4174583333333333 0.066703125 0.11695833333333333
2 0.5103046875 0.8990833333333333 0.101421875 0.18030555555555555
2 0.61446875 0.8844722222222223 0.10325 0.18030555555555555
2 0.7172578125 0.8722777777777777 0.1005078125 0.17868055555555556
2 0.8191328125 0.8592916666666668 0.09959375000000001 0.17543055555555556
2 0.9232968749999999 0.847111111111111 0.10325 0.18680555555555556
2 0.987921875 0.8381666666666667 0.0241640625 0.19168055555555555