0 0.1149921875 0.4149583333333333 0.0519296875 0.060875
0 0.1800546875 0.38705555555555554 0.056499999999999995 0.07202777777777777
0 0.27421875 0.4367777777777778 0.039375 0.13087500000000002
0 0.39578125000000003 0.42815277777777777 0.038234375 0.1460972222222222
0 0.4243125 0.3114722222222222 0.057640625 0.06290277777777778
0 0.47396093749999996 0.29575 0.047367187500000005 0.06188888888888889
2 0.08703125 0.05529166666666667 0.040515625 0.08218055555555556
2 0.0462265625 0.06848611111111111 0.044515624999999996 0.08015277777777778
2 0.0125546875 0.07761111111111112 0.025109375 0.08420833333333334
2 0.011703125 0.27647222222222223 0.022257812499999998 0.09231944444444444
2 0.046796875 0.26631944444444444 0.045656249999999995 0.08623611111111111
2 0.0930234375 0.252625 0.045656249999999995 0.08522222222222223
2 0.138390625 0.23690277777777777 0.0428046875 0.08623611111111111
2 0.18290625 0.22472222222222224 0.0428046875 0.08826388888888889
2 0.22571093750000001 0.21052777777777779 0.0416640625 0.08218055555555556
2 0.26794531250000003 0.1978472222222222 0.040515625 0.08319444444444445
2 0.1498046875 0.4819166666666667 0.049648437499999996 0.09130555555555554
2 0.1986015625 0.4606111111111111 0.046796875 0.09740277777777777
2 0.2542421875 0.4535138888888888 0.05421875 0.06898611111111111
2 0.2941953125 0.4256111111111111 0.047367187500000005 0.0943611111111111
2 0.34184375 0.40684722222222225 0.045656249999999995 0.09334722222222222
2 0.38721875 0.38908333333333334 0.0428046875 0.08826388888888889
2 0.430875 0.3728611111111111 0.043375000000000004 0.09029166666666667
2 0.4725390625 0.35509722222222223 0.038804687500000004 0.08927777777777778
2 0.3803671875 0.6980277777777778 0.053078125 0.1055138888888889
2 0.431734375 0.6726666666666666 0.048507812500000004 0.10145833333333333
2 0.48167187499999997 0.6503472222222222 0.049078125 0.10145833333333333
2 0.5304609375 0.6290416666666667 0.0462265625 0.09943055555555556
2 0.5781171875 0.6056944444444444 0.046796875 0.09740277777777777
2 0.625765625 0.5843888888888888 0.0462265625 0.09334722222222222
2 0.6719921875 0.5640972222222221 0.0462265625 0.09740277777777777
2 0.7173671875000001 0.5427916666666667 0.043375000000000004 0.09943055555555556
2 0.666 0.9575694444444445 0.052507812499999994 0.08486111111111111
2 0.719078125 0.9389861111111112 0.052507812499999994 0.10652777777777778
2 0.7741484375 0.9131111111111112 0.055359375 0.11566666666666667
2 0.828078125 0.8847083333333333 0.051359375 0.10956944444444444
2 0.8808671875 0.8578194444444445 0.053078125 0.10855555555555554
2 0.9333750000000001 0.8350000000000001 0.0507890625 0.11159722222222221
2 0.979671875 0.8136805555555556 0.04065625 0.1055138888888889