0 0.1724296875 0.4166666666666667 0.061382812499999995 0.25
0 0.2393984375 0.40873611111111113 0.061382812499999995 0.2301527777777778
0 0.359375 0.3998055555555556 0.064734375 0.23213888888888887
0 0.42242968750000004 0.38491666666666663 0.061382812499999995 0.2222222222222222
0 0.51953125 0.3958333333333333 0.061382812499999995 0.23213888888888887
0 0.61328125 0.36012500000000003 0.0703125 0.2202361111111111
0 0.689171875 0.3611111111111111 0.0658515625 0.21429166666666666
0 0.8074765625 0.3412638888888889 0.0658515625 0.21429166666666666
2 0.3191953125 0.5734166666666667 0.0892890625 0.16269444444444445
2 0.41127343749999995 0.5625 0.0903984375 0.16468055555555555
2 0.502234375 0.5555555555555556 0.091515625 0.1706388888888889
2 0.5965390625 0.5456388888888889 0.088171875 0.16666666666666666
2 0.6863828125 0.5396805555555555 0.0892890625 0.1706388888888889
2 0.77734375 0.5277777777777778 0.0859375 0.16666666666666666
2 0.8649531250000001 0.5198472222222222 0.0892890625 0.16269444444444445
2 0.9547968750000001 0.5138888888888888 0.0903984375 0.16666666666666666
2 0.6439765625 0.8194444444444444 0.095984375 0.1904722222222222
2 0.743859375 0.8125 0.099328125 0.18848611111111113
2 0.8465390625 0.748013888888889 0.099328125 0.08730555555555555
2 0.9430781250000001 0.7857083333333333 0.09375 0.18254166666666669