0 0.1551328125 0.6230138888888889 0.0736640625 0.2222222222222222
0 0.49274218750000004 0.7311527777777778 0.0591484375 0.22420833333333334
0 0.5318046875 0.6210277777777777 0.0479921875 0.18254166666666669
0 0.6199765625 0.5912638888888888 0.088171875 0.1904722222222222
0 0.572546875 0.5178611111111111 0.046875 0.1745972222222222
0 0.5496640625 0.44741666666666663 0.0479921875 0.19245833333333331
0 0.571984375 0.37698611111111113 0.0457578125 0.16269444444444445
0 0.41071093750000004 0.3740138888888889 0.064734375 0.10119444444444445
0 0.44810156250000005 0.3015833333333333 0.099328125 0.1071388888888889
2 0.23883593749999998 0.7708333333333334 0.0379453125 0.16468055555555555
2 0.2734375 0.7132916666666668 0.033484375 0.16468055555555555
2 0.3052421875 0.6587361111111112 0.0301328125 0.14681944444444445
2 0.3353828125 0.6081388888888889 0.0278984375 0.14484722222222224
2 0.392296875 0.6001944444444445 0.0814765625 0.08134722222222222
2 0.37890625 0.514875 0.0323671875 0.12102777777777778
2 0.40625 0.4642916666666667 0.0267890625 0.12301388888888888
2 0.43414843750000004 0.4126944444444444 0.029015625 0.13491666666666666