0 0.138390625 0.4672638888888889 0.053570312499999995 0.2162638888888889
0 0.24609375 0.4781805555555556 0.0591484375 0.21031944444444445
0 0.34375 0.46825 0.049109375 0.202375
0 0.41294531250000005 0.44643055555555555 0.0513359375 0.19444444444444445
0 0.48325781250000005 0.44741666666666663 0.044640625 0.21230555555555558
0 0.5859375 0.4504027777777778 0.0513359375 0.202375
0 0.689734375 0.44643055555555555 0.046875 0.202375
0 0.7527890625 0.44245833333333334 0.0435234375 0.21031944444444445
0 0.8331484375 0.4384861111111111 0.0546875 0.2222222222222222
2 0.2728828125 0.5912638888888888 0.0903984375 0.16269444444444445
2 0.364953125 0.5833333333333334 0.0892890625 0.15873611111111113
2 0.45591406250000005 0.5763888888888888 0.088171875 0.14484722222222224
2 0.5463203125 0.5694444444444444 0.0926328125 0.15079166666666666
2 0.638953125 0.5644861111111111 0.0903984375 0.14484722222222224
2 0.7271171875 0.5654722222222222 0.0903984375 0.1428611111111111
2 0.8175234375 0.5605138888888889 0.088171875 0.140875
2 0.9090390625 0.5555555555555556 0.0903984375 0.1388888888888889
2 0.9760078125 0.5525833333333333 0.0479921875 0.140875
2 0.49274218750000004 0.7321388888888889 0.0971015625 0.1706388888888889
2 0.58984375 0.7271805555555556 0.0971015625 0.172625
2 0.69140625 0.7222222222222222 0.099328125 0.1745972222222222
2 0.7924140625 0.7172638888888888 0.095984375 0.172625
2 0.8883906250000001 0.7162638888888889 0.1004453125 0.1745972222222222
2 0.9698671875 0.7103194444444445 0.060265625 0.18254166666666669
2 0.86328125 0.9017916666666667 0.1082578125 0.18848611111111113
2 0.9609375 0.8948472222222221 0.078125 0.19444444444444445