0 0.20703125 0.6934583333333334 0.0636171875 0.17658333333333334
0 0.2650703125 0.6795694444444444 0.0546875 0.20040277777777776
0 0.380578125 0.6666666666666666 0.0736640625 0.19841666666666669
0 0.454796875 0.6875 0.0479921875 0.23213888888888887
0 0.525671875 0.6775833333333333 0.060265625 0.22818055555555555
0 0.6121640625 0.6736111111111112 0.0502265625 0.22420833333333334
0 0.670203125 0.6567500000000001 0.0502265625 0.22619444444444448
0 0.75 0.6587361111111112 0.0625 0.24602777777777776
2 0.3738828125 0.5287638888888888 0.064734375 0.13690277777777776
2 0.3035703125 0.5396805555555555 0.0669609375 0.14681944444444445
2 0.2332578125 0.547625 0.0669609375 0.1428611111111111
2 0.025109375 0.5674583333333333 0.0457578125 0.14681944444444445
2 0.1104921875 0.6329305555555556 0.1026796875 0.043652777777777776
2 0.1495546875 0.7202361111111112 0.075890625 0.13095833333333334
2 0.3046875 0.7142916666666667 0.0848203125 0.1428611111111111
2 0.388953125 0.7053611111111111 0.0792421875 0.14880555555555555
2 0.529015625 0.6914722222222223 0.080359375 0.1527777777777778
2 0.6104921875 0.6845277777777778 0.0736640625 0.14681944444444445
2 0.6824765625 0.6706388888888889 0.0747734375 0.1428611111111111
2 0.48158593749999995 0.9126944444444445 0.083703125 0.1547638888888889
2 0.56640625 0.9057499999999999 0.083703125 0.16070833333333331
2 0.6489921875 0.8918611111111111 0.0792421875 0.16070833333333331
2 0.728234375 0.8789722222222223 0.0770078125 0.15873611111111113
2 0.8074765625 0.8710277777777777 0.0814765625 0.16666666666666666
2 0.890625 0.8650833333333333 0.080359375 0.16269444444444445
2 0.9670781249999999 0.859125 0.0658515625 0.16666666666666666