0 0.1752734375 0.4539861111111111 0.070375 0.08579166666666667
0 0.266765625 0.4301527777777778 0.058984375 0.09531944444444444
0 0.3606015625 0.45161111111111113 0.06300781250000001 0.10247222222222223
0 0.49096875000000006 0.4379027777777778 0.0743984375 0.12034722222222223
0 0.6042421874999999 0.38249999999999995 0.06233593750000001 0.09055555555555556
0 0.6776328125 0.3789166666666667 0.06300781250000001 0.08579166666666667
2 0.207109375 0.5397777777777778 0.069703125 0.11438888888888889
2 0.2771484375 0.5278611111111111 0.0690390625 0.11677777777777777
2 0.345515625 0.5135694444444444 0.06769531250000001 0.11677777777777777
2 0.412546875 0.5010555555555556 0.065015625 0.11558333333333333
2 0.47856249999999995 0.49152777777777773 0.0656875 0.11558333333333333
2 0.54559375 0.4813888888888889 0.0656875 0.11677777777777777
2 0.6109375 0.4688888888888889 0.065015625 0.11558333333333333
2 0.6752890625 0.45934722222222224 0.060992187499999996 0.11797222222222221
2 0.4004765625 0.7560555555555556 0.070375 0.1275
2 0.47320312500000006 0.7411527777777778 0.07372656250000001 0.12869444444444444
2 0.547265625 0.7286527777777778 0.0730546875 0.1275
2 0.6199921875000001 0.7131527777777779 0.069703125 0.12511111111111112
2 0.6913750000000001 0.7036250000000001 0.070375 0.1275
2 0.7634218749999999 0.6887222222222222 0.072390625 0.12391666666666666
2 0.8354765625 0.6774027777777778 0.070375 0.1275
2 0.906859375 0.6672777777777777 0.069703125 0.12869444444444444
2 0.6290390625 0.9730555555555556 0.0797578125 0.05388888888888888
2 0.7084609375 0.9647083333333334 0.07775 0.07056944444444445
2 0.78721875 0.9539861111111111 0.078421875 0.09202777777777779
2 0.8696640625000001 0.9486249999999999 0.0797578125 0.10275000000000001
2 0.9507656250000001 0.9438611111111112 0.0811015625 0.11227777777777778