0 0.1478828125 0.7678611111111111 0.088171875 0.1547638888888889
0 0.2449765625 0.7539722222222223 0.0814765625 0.1547638888888889
0 0.3409609375 0.7490138888888889 0.0747734375 0.14484722222222224
0 0.453125 0.7430555555555556 0.078125 0.13293055555555555
0 0.548546875 0.7361111111111112 0.072546875 0.1388888888888889
0 0.6484375 0.7261944444444445 0.0736640625 0.13095833333333334
0 0.755578125 0.7212361111111111 0.0714296875 0.12102777777777778
0 0.8560234375 0.7113055555555555 0.080359375 0.13690277777777776
2 0.6785703125 0.9742083333333332 0.1160703125 0.051583333333333335
2 0.7957578125 0.9702361111111112 0.11160937500000001 0.05952777777777778
2 0.9096015625 0.9682499999999999 0.11383593750000001 0.06348611111111112
2 0.9838203125 0.9613055555555555 0.0323671875 0.077375