0 0.1473203125 0.765875 0.075890625 0.14681944444444445
0 0.2449765625 0.7549583333333334 0.083703125 0.15675
0 0.3387265625 0.748013888888889 0.072546875 0.1388888888888889
0 0.455359375 0.7410694444444446 0.078125 0.14484722222222224
0 0.553015625 0.7281805555555555 0.072546875 0.1547638888888889
0 0.650109375 0.7281805555555555 0.0747734375 0.13491666666666666
0 0.760046875 0.7172638888888888 0.064734375 0.13690277777777776
0 0.859375 0.7132916666666668 0.0736640625 0.13690277777777776
2 0.6802421875 0.9742083333333332 0.1171875 0.051583333333333335
2 0.7957578125 0.9732083333333333 0.1160703125 0.05356944444444445
2 0.9112734375 0.9672638888888888 0.11495312499999999 0.06547222222222222
2 0.984375 0.9652777777777778 0.03125 0.06944444444444445