0 0.126671875 0.4870972222222222 0.0703125 0.19245833333333331
0 0.2265625 0.4513888888888889 0.053570312499999995 0.19245833333333331
0 0.3292421875 0.44345833333333334 0.0736640625 0.1845277777777778
0 0.5184140625 0.42856944444444445 0.061382812499999995 0.18651388888888887
0 0.717078125 0.4047638888888889 0.068078125 0.19841666666666669
0 0.8125 0.3888888888888889 0.075890625 0.18254166666666669
2 0.478796875 0.9057499999999999 0.109375 0.1845277777777778
2 0.587609375 0.890875 0.10602343750000001 0.18254166666666669
2 0.6941953125 0.876986111111111 0.10491406249999999 0.1904722222222222
2 0.8035703125 0.8611111111111112 0.109375 0.18651388888888887
2 0.9129453125 0.8492083333333332 0.10491406249999999 0.19841666666666669
2 0.984375 0.8382916666666668 0.03125 0.19643055555555555