0 0.1556953125 0.5972222222222222 0.061382812499999995 0.23809722222222224
0 0.3431953125 0.7331388888888889 0.0926328125 0.27579166666666666
0 0.44475781249999996 0.6349166666666667 0.0658515625 0.26190277777777776
0 0.6333671875 0.5714305555555556 0.1439765625 0.1428611111111111
0 0.59375 0.5386944444444445 0.053570312499999995 0.23213888888888887
0 0.474328125 0.4196388888888889 0.080359375 0.2202361111111111
0 0.540734375 0.32043055555555555 0.0479921875 0.2162638888888889
0 0.640625 0.3918611111111111 0.0691953125 0.20040277777777776
0 0.6908515625 0.4990138888888889 0.078125 0.16070833333333331
2 0.3471015625 0.32241666666666663 0.0401796875 0.15675
2 0.3080390625 0.3472222222222222 0.0401796875 0.14681944444444445
2 0.296875 0.44741666666666663 0.10491406249999999 0.06151388888888889
2 0.24274218749999998 0.5049583333333333 0.099328125 0.077375
2 0.146203125 0.4672638888888889 0.049109375 0.14484722222222224
2 0.068640625 0.6299583333333333 0.11942187500000001 0.06944444444444445
2 0.0931953125 0.5039722222222223 0.052453125 0.15079166666666666
2 0.5424140625 0.8521805555555556 0.046875 0.18848611111111113
2 0.591515625 0.7936527777777778 0.0513359375 0.1745972222222222
2 0.6439765625 0.7420694444444444 0.049109375 0.17856944444444445
2 0.6925234375 0.6984166666666667 0.0479921875 0.1706388888888889
2 0.73828125 0.6527777777777778 0.0435234375 0.1706388888888889
2 0.783484375 0.6031805555555556 0.046875 0.16666666666666666
2 0.8297968750000001 0.5615138888888889 0.0457578125 0.16269444444444445
2 0.8777890625 0.5119027777777778 0.0479921875 0.15873611111111113
2 0.9207578125 0.47420833333333334 0.0424140625 0.1706388888888889