0 0.20257031250000002 0.702375 0.0770078125 0.26190277777777776
0 0.1294609375 0.5853194444444445 0.060265625 0.24602777777777776
0 0.3543515625 0.5892916666666667 0.088171875 0.22619444444444448
0 0.446984375 0.43154166666666666 0.0591484375 0.2361111111111111
0 0.5267890625 0.5654722222222222 0.10714062499999999 0.16269444444444445
0 0.5011171875 0.49206944444444445 0.0580390625 0.18651388888888887
0 0.5239921875 0.31845833333333334 0.083703125 0.2162638888888889
0 0.6222109375 0.46825 0.1104921875 0.1111111111111111
0 0.6026796875 0.37102777777777773 0.0357109375 0.16666666666666666
2 0.2700859375 0.297625 0.053570312499999995 0.15873611111111113
2 0.21930468749999998 0.32241666666666663 0.0457578125 0.15675
2 0.0859375 0.39484722222222224 0.0580390625 0.15873611111111113
2 0.029578125 0.4206388888888889 0.0479921875 0.1547638888888889
2 0.1847109375 0.40575 0.0971015625 0.06547222222222222
2 0.3314765625 0.8055555555555556 0.0625 0.19444444444444445
2 0.396203125 0.7549583333333334 0.064734375 0.18848611111111113
2 0.46038281249999996 0.7132916666666668 0.061382812499999995 0.17658333333333334
2 0.5239921875 0.6607083333333333 0.0658515625 0.1706388888888889
2 0.5848203125 0.6180555555555556 0.055804687500000005 0.1686527777777778
2 0.642296875 0.5853194444444445 0.0546875 0.1745972222222222
2 0.696984375 0.5446388888888889 0.0546875 0.17658333333333334
2 0.75390625 0.5089305555555556 0.056921875 0.17658333333333334
2 0.8119453125 0.46925 0.056921875 0.16468055555555555