0 0.1484375 0.3620972222222222 0.064734375 0.13293055555555555
0 0.2371640625 0.3611111111111111 0.061382812499999995 0.12698611111111113
0 0.33984375 0.35615277777777776 0.0703125 0.12102777777777778
0 0.42913281249999996 0.34425 0.0747734375 0.1289722222222222
0 0.5234375 0.33234722222222224 0.075890625 0.1289722222222222
0 0.6127265625 0.3263888888888889 0.0669609375 0.125
0 0.703125 0.31845833333333334 0.0714296875 0.125
0 0.7896171875 0.31348611111111113 0.0747734375 0.13095833333333334
2 0.5971015625 0.6884861111111111 0.0982109375 0.18651388888888887
2 0.69921875 0.6795694444444444 0.1015625 0.1845277777777778
2 0.8046875 0.6736111111111112 0.1026796875 0.1845277777777778
2 0.9084843749999999 0.6656805555555556 0.1004453125 0.18848611111111113
2 0.9793515625 0.6587361111111112 0.041296875 0.18651388888888887
2 0.9547968750000001 0.935513888888889 0.0903984375 0.1289722222222222