0 0.2098203125 0.7013888888888888 0.0669609375 0.14484722222222224
0 0.2622734375 0.6676527777777778 0.080359375 0.18848611111111113
0 0.3348203125 0.6736111111111112 0.0892890625 0.19643055555555555
0 0.443078125 0.6745972222222222 0.075890625 0.2301527777777778
0 0.5111640625 0.6597222222222222 0.0580390625 0.22818055555555555
0 0.6183046875 0.6676527777777778 0.0580390625 0.23213888888888887
0 0.607140625 0.5515833333333333 0.049109375 0.1071388888888889
0 0.728234375 0.6180555555555556 0.0770078125 0.22818055555555555
2 0.2393984375 0.4722222222222222 0.052453125 0.13491666666666666
2 0.1768984375 0.48512500000000003 0.068078125 0.13293055555555555
2 0.1104921875 0.5029722222222222 0.0669609375 0.13690277777777776
2 0.044640625 0.5168611111111111 0.064734375 0.13690277777777776
2 0.1517890625 0.7251944444444445 0.0669609375 0.09722222222222222
2 0.22321093749999998 0.7192500000000001 0.0736640625 0.12102777777777778
2 0.2957578125 0.7053611111111111 0.0669609375 0.140875
2 0.364953125 0.6974166666666667 0.0691953125 0.14880555555555555
2 0.43359375 0.6765833333333333 0.0636171875 0.1547638888888889
2 0.5 0.6567500000000001 0.064734375 0.1547638888888889
2 0.5675234375 0.640875 0.061382812499999995 0.1547638888888889
2 0.6294609375 0.6200416666666667 0.0580390625 0.14484722222222224
2 0.60546875 0.9384861111111111 0.0703125 0.12301388888888888
2 0.6785703125 0.9265833333333333 0.0714296875 0.14681944444444445
2 0.752234375 0.9156805555555555 0.0669609375 0.16468055555555555
2 0.8231015625 0.9275833333333333 0.0658515625 0.10515277777777778
2 0.8922968750000001 0.8759861111111111 0.0703125 0.16468055555555555
2 0.96484375 0.8581388888888889 0.068078125 0.16468055555555555