0 0.109375 0.49504166666666666 0.1004453125 0.19245833333333331
0 0.22991406250000002 0.4930555555555556 0.1004453125 0.17658333333333334
0 0.29296875 0.4384861111111111 0.068078125 0.11904166666666666
0 0.44028906250000005 0.5059583333333334 0.0903984375 0.24602777777777776
0 0.536828125 0.4890833333333333 0.0870546875 0.21230555555555558
0 0.611609375 0.4672638888888889 0.0691953125 0.21230555555555558
0 0.6953125 0.42758333333333337 0.075890625 0.11309722222222224
0 0.8175234375 0.4384861111111111 0.0926328125 0.18651388888888887
2 0.071984375 0.4166666666666667 0.0926328125 0.14681944444444445
2 0.1640625 0.40675 0.0892890625 0.1428611111111111
2 0.256140625 0.4017916666666667 0.0948671875 0.14484722222222224
2 0.3471015625 0.4017916666666667 0.0892890625 0.14880555555555555
2 0.43638281250000005 0.3928611111111111 0.091515625 0.13491666666666666
2 0.525671875 0.38491666666666663 0.0892890625 0.13095833333333334
2 0.615515625 0.3819444444444444 0.088171875 0.13293055555555555
2 0.10602343750000001 0.5813472222222222 0.1026796875 0.18254166666666669
2 0.20758593749999998 0.5724166666666667 0.10491406249999999 0.18055555555555555
2 0.3074765625 0.5605138888888889 0.1015625 0.18055555555555555
2 0.41685156250000005 0.5704305555555556 0.099328125 0.140875
2 0.5050234375 0.5535694444444444 0.099328125 0.1706388888888889
2 0.603234375 0.5436527777777778 0.0948671875 0.1745972222222222
2 0.7003359375 0.5396805555555555 0.099328125 0.17856944444444445
2 0.7963203125 0.5347222222222222 0.0926328125 0.1686527777777778
2 0.8922968750000001 0.5287638888888888 0.0948671875 0.172625
2 0.3666328125 0.7113055555555555 0.11272656249999999 0.11706944444444445
2 0.478796875 0.7410694444444446 0.10714062499999999 0.19643055555555555
2 0.5864921875 0.7321388888888889 0.1082578125 0.1904722222222222
2 0.6964296875 0.7222222222222222 0.109375 0.19444444444444445
2 0.8063593750000001 0.7182499999999999 0.1082578125 0.19841666666666669
2 0.9146171875 0.7113055555555555 0.1082578125 0.20040277777777776
2 0.9832578125 0.702375 0.033484375 0.1904722222222222
2 0.81640625 0.9196388888888889 0.1238828125 0.16070833333333331
2 0.9386171875 0.9146805555555556 0.12276562499999999 0.1706388888888889