0 0.1015625 0.46925 0.0357109375 0.13293055555555555
0 0.1640625 0.4384861111111111 0.033484375 0.13491666666666666
0 0.2544609375 0.4652777777777778 0.0379453125 0.14880555555555555
0 0.3872421875 0.4515277777777778 0.04 0.15079166666666666
0 0.4077265625 0.3401388888888889 0.0298828125 0.11309722222222224
0 0.441703125 0.3281527777777778 0.030359375 0.11823611111111111
2 0.0265078125 0.1872083333333333 0.046265625 0.08825
2 0.0715703125 0.1696388888888889 0.043859375 0.08397222222222223
2 0.11470312499999999 0.15508333333333332 0.040484375 0.08225
2 0.15518749999999998 0.14179166666666668 0.039515625 0.07625
2 0.0419296875 0.41811111111111116 0.052046875000000006 0.09081944444444444
2 0.0906015625 0.4018333333333333 0.0443359375 0.08738888888888889
2 0.1607265625 0.41254166666666664 0.0650625 0.05569444444444445
2 0.1850625 0.36027777777777775 0.0453046875 0.08311111111111112
2 0.230125 0.34400000000000003 0.0419296875 0.08481944444444445
2 0.27326562499999996 0.32729166666666665 0.0424140625 0.08397222222222223
2 0.315671875 0.30844444444444447 0.0414453125 0.08225
2 0.3571171875 0.29259722222222223 0.039515625 0.08138888888888889
2 0.270609375 0.6233194444444444 0.050601562499999996 0.10025
2 0.3197734375 0.6010416666666667 0.0477109375 0.10709722222222222
2 0.3672421875 0.5787638888888889 0.046265625 0.10195833333333333
2 0.41375 0.5534861111111111 0.04578125 0.10109722222222223
2 0.4597734375 0.5307777777777778 0.0453046875 0.09168055555555556
2 0.5043515625 0.5085 0.042890625 0.09509722222222222
2 0.54796875 0.4870833333333333 0.043375000000000004 0.09168055555555556
2 0.5898984375 0.46609722222222216 0.039515625 0.09425
2 0.543390625 0.8730694444444445 0.050601562499999996 0.1113888888888889
2 0.59471875 0.8417916666666667 0.0510859375 0.10880555555555556
2 0.644359375 0.8130972222222221 0.0481953125 0.10452777777777779
2 0.6932734375 0.7878194444444445 0.0486796875 0.10880555555555556
2 0.7421953125 0.7586805555555556 0.0481953125 0.10366666666666667
2 0.78990625 0.7342638888888888 0.047234375 0.10281944444444445
2 0.8371328124999999 0.706 0.0453046875 0.09938888888888889
2 0.8809921875000001 0.6849999999999999 0.0424140625 0.10366666666666667