0 0.1674140625 0.7370972222222223 0.127234375 0.29959722222222224
0 0.16796875 0.5982083333333333 0.11495312499999999 0.1686527777777778
0 0.2371640625 0.5605138888888889 0.0948671875 0.2361111111111111
0 0.1768984375 0.3462361111111111 0.1015625 0.22420833333333334
0 0.462609375 0.5724166666666667 0.072546875 0.2678611111111111
0 0.5558046875 0.5238055555555555 0.11160937500000001 0.26984722222222224
0 0.5357109375 0.43948611111111113 0.0580390625 0.27579166666666666
0 0.46428906249999996 0.34325 0.095984375 0.25397222222222227
2 0.376671875 0.3333333333333333 0.036828125 0.1706388888888889
2 0.0161796875 0.7549583333333334 0.025671875 0.2202361111111111
2 0.1183046875 0.6289722222222223 0.0513359375 0.22619444444444448
2 0.09375 0.7142916666666667 0.0870546875 0.15873611111111113
2 0.21539843749999998 0.6646805555555555 0.1517890625 0.07540277777777778
2 0.21484375 0.5138888888888888 0.0390625 0.18254166666666669
2 0.2572578125 0.45734722222222224 0.0435234375 0.172625
2 0.299109375 0.41170833333333334 0.0401796875 0.18848611111111113
2 0.369421875 0.3988055555555555 0.075890625 0.1428611111111111