0 0.161828125 0.6230138888888889 0.0714296875 0.17856944444444445
0 0.368859375 0.4097222222222222 0.0792421875 0.18055555555555555
0 0.407921875 0.32837500000000003 0.0479921875 0.18055555555555555
0 0.5106015625 0.7212361111111111 0.099328125 0.20040277777777776
0 0.5357109375 0.625 0.0848203125 0.1706388888888889
0 0.6183046875 0.5843194444444444 0.0513359375 0.21230555555555558
0 0.493859375 0.5248055555555555 0.0703125 0.12102777777777778
0 0.5424140625 0.49801388888888887 0.044640625 0.16666666666666666
0 0.5474296875 0.37301388888888887 0.0479921875 0.1706388888888889
2 0.0652890625 0.734125 0.0301328125 0.16269444444444445
2 0.0948671875 0.6765833333333333 0.03125 0.15873611111111113
2 0.12276562499999999 0.6259861111111111 0.0267890625 0.1527777777777778
2 0.146203125 0.5793611111111111 0.0223203125 0.1428611111111111
2 0.208703125 0.5823472222222222 0.0870546875 0.06547222222222222
2 0.1824765625 0.4990138888888889 0.025671875 0.12102777777777778
2 0.2081484375 0.4623055555555556 0.0234375 0.11904166666666666
2 0.23102343749999998 0.4196388888888889 0.0245546875 0.125
2 0.2583671875 0.3611111111111111 0.0301328125 0.13095833333333334