0 0.11495312499999999 0.4613055555555555 0.0892890625 0.11706944444444445
0 0.23828125 0.4732083333333333 0.072546875 0.12102777777777778
0 0.296875 0.44147222222222227 0.095984375 0.12102777777777778
0 0.431359375 0.4732083333333333 0.0971015625 0.17658333333333334
0 0.540734375 0.47420833333333334 0.0859375 0.19444444444444445
0 0.626671875 0.44345833333333334 0.1082578125 0.140875
0 0.6925234375 0.42162499999999997 0.0703125 0.11706944444444445
0 0.8046875 0.4156805555555556 0.080359375 0.140875
2 0.08984375 0.42262500000000003 0.0903984375 0.15079166666666666
2 0.1824765625 0.4156805555555556 0.0926328125 0.14880555555555555
2 0.2767890625 0.4097222222222222 0.095984375 0.14484722222222224
2 0.369421875 0.40873611111111113 0.0870546875 0.15079166666666666
2 0.459265625 0.40675 0.0859375 0.15079166666666666
2 0.5463203125 0.3968194444444444 0.088171875 0.13491666666666666
2 0.635046875 0.39484722222222224 0.0870546875 0.1388888888888889
2 0.12164843750000001 0.5882916666666667 0.10491406249999999 0.18055555555555555
2 0.2276796875 0.5803611111111111 0.10491406249999999 0.18055555555555555
2 0.3309140625 0.5714305555555556 0.1015625 0.1745972222222222
2 0.4296875 0.5664722222222223 0.0982109375 0.1686527777777778
2 0.5278984375 0.5644861111111111 0.095984375 0.172625
2 0.6255546875 0.5555555555555556 0.0948671875 0.16666666666666666
2 0.7221015625 0.5495972222222222 0.095984375 0.1745972222222222
2 0.8203125 0.5426527777777778 0.1004453125 0.18055555555555555
2 0.9162968749999999 0.5386944444444445 0.091515625 0.17658333333333334
2 0.3861640625 0.7162638888888889 0.11160937500000001 0.1111111111111111
2 0.498328125 0.7549583333333334 0.1104921875 0.20040277777777776
2 0.6060234375 0.7440416666666667 0.11160937500000001 0.19841666666666669
2 0.7181953125 0.7261944444444445 0.1104921875 0.1745972222222222
2 0.828125 0.7271805555555556 0.109375 0.19643055555555555
2 0.9347109375 0.7192500000000001 0.1082578125 0.19245833333333331
2 0.8376093750000001 0.9226249999999999 0.1261171875 0.1547638888888889
2 0.9503359375 0.921625 0.099328125 0.15675