0 0.19140625 0.6061527777777778 0.052453125 0.14880555555555555
0 0.2332578125 0.5486111111111112 0.0424140625 0.1289722222222222
0 0.30859375 0.5595277777777778 0.0435234375 0.12301388888888888
0 0.44810156250000005 0.5039722222222223 0.0792421875 0.08730555555555555
0 0.42633593750000004 0.4126944444444444 0.049109375 0.12698611111111113
0 0.39453125 0.3194444444444444 0.0435234375 0.1111111111111111
2 0.0697578125 0.21925000000000003 0.052453125 0.04563888888888889
2 0.2901796875 0.33829166666666666 0.049109375 0.06151388888888889
2 0.2505546875 0.3373055555555556 0.0301328125 0.07936111111111112
2 0.217078125 0.3611111111111111 0.0346015625 0.09126388888888888
2 0.181359375 0.38690277777777776 0.0346015625 0.08333333333333333
2 0.1439765625 0.41468055555555555 0.0379453125 0.08730555555555555
2 0.10491406249999999 0.44245833333333334 0.0357109375 0.0952361111111111
2 0.0630546875 0.4732083333333333 0.041296875 0.09722222222222222
2 0.0206484375 0.5009861111111111 0.041296875 0.09722222222222222
2 0.3119453125 0.6944444444444444 0.036828125 0.1071388888888889
2 0.349890625 0.6557499999999999 0.0390625 0.10119444444444445
2 0.3878359375 0.6200416666666667 0.036828125 0.10515277777777778
2 0.424109375 0.5863055555555555 0.0357109375 0.10515277777777778
2 0.45758593750000004 0.5595277777777778 0.0357109375 0.10318055555555557
2 0.49163281249999996 0.5257916666666667 0.0323671875 0.10318055555555557
2 0.5245546875 0.49504166666666666 0.033484375 0.09722222222222222
2 0.5552421875 0.46825 0.0234375 0.10318055555555557
2 0.65625 0.9325416666666666 0.0357109375 0.11508333333333333
2 0.6919609375 0.890875 0.033484375 0.11904166666666666
2 0.7265625 0.8492083333333332 0.0357109375 0.11508333333333333
2 0.7611640625 0.8065416666666667 0.033484375 0.12102777777777778
2 0.795203125 0.7718194444444445 0.0323671875 0.11508333333333333
2 0.8270078125 0.7311527777777778 0.03125 0.10912499999999999
2 0.8588203125 0.6964305555555556 0.0301328125 0.1111111111111111
2 0.8889531249999999 0.6607083333333333 0.0278984375 0.09920833333333334