0 0.1919609375 0.7242083333333332 0.075890625 0.3373055555555556
0 0.2020078125 0.6279722222222222 0.10491406249999999 0.30356944444444445
0 0.275671875 0.5952361111111111 0.064734375 0.31745833333333334
0 0.2550234375 0.33531944444444445 0.0703125 0.23809722222222224
0 0.5033515625 0.49602777777777773 0.1517890625 0.1388888888888889
0 0.599328125 0.4722222222222222 0.1517890625 0.15079166666666666
0 0.59375 0.3958333333333333 0.11383593750000001 0.140875
0 0.5518984375 0.33431944444444445 0.0591484375 0.22818055555555555
2 0.0965390625 0.25495833333333334 0.052453125 0.18055555555555555
2 0.0435234375 0.2886944444444445 0.053570312499999995 0.17658333333333334
2 0.396203125 0.8363055555555555 0.053570312499999995 0.22818055555555555
2 0.451453125 0.7688472222222222 0.0502265625 0.22420833333333334
2 0.506140625 0.7132916666666668 0.0546875 0.21230555555555558
2 0.5591484375 0.6468194444444444 0.046875 0.21824999999999997
2 0.607703125 0.5972222222222222 0.0479921875 0.19444444444444445
2 0.6551328125 0.5396805555555555 0.044640625 0.2063472222222222
2 0.6981015625 0.4990138888888889 0.041296875 0.19245833333333331
2 0.7421875 0.44643055555555555 0.0424140625 0.1904722222222222
2 0.7818046875 0.39781944444444445 0.0346015625 0.1845277777777778