0 0.1255546875 0.5565416666666666 0.072546875 0.13293055555555555
0 0.2254453125 0.5486111111111112 0.0625 0.13293055555555555
0 0.325890625 0.547625 0.0736640625 0.13095833333333334
0 0.42466406250000005 0.5446388888888889 0.0636171875 0.12102777777777778
0 0.5278984375 0.5337361111111112 0.0669609375 0.13491666666666666
0 0.6261171875 0.5347222222222222 0.075890625 0.1289722222222222
0 0.724890625 0.5347222222222222 0.068078125 0.1289722222222222
0 0.8275703125 0.5327361111111111 0.0747734375 0.1289722222222222
2 0.447546875 0.7509861111111111 0.1160703125 0.20040277777777776
2 0.5630546875 0.7470277777777778 0.11495312499999999 0.19643055555555555
2 0.6752265625 0.7331388888888889 0.11383593750000001 0.172625
2 0.7896171875 0.7251944444444445 0.11272656249999999 0.172625
2 0.9017890625 0.7261944444444445 0.109375 0.1706388888888889
2 0.9799140625 0.7232083333333333 0.0401796875 0.17658333333333334
2 0.7142890625 0.9117083333333332 0.125 0.17658333333333334
2 0.8403984375 0.9077361111111112 0.125 0.1845277777777778
2 0.9536796875 0.9067500000000001 0.0926328125 0.18651388888888887