0 0.146203125 0.765875 0.0848203125 0.1388888888888889
0 0.2433046875 0.7569444444444444 0.0870546875 0.1527777777777778
0 0.3392890625 0.7490138888888889 0.075890625 0.14484722222222224
0 0.45200781250000005 0.7420694444444444 0.075890625 0.13095833333333334
0 0.5535703125 0.7410694444444446 0.0736640625 0.14484722222222224
0 0.646765625 0.7242083333333332 0.0770078125 0.13491666666666666
0 0.7572578125 0.7251944444444445 0.072546875 0.14484722222222224
0 0.8588203125 0.7162638888888889 0.0792421875 0.14681944444444445
2 0.6808046875 0.9722222222222222 0.1160703125 0.05555555555555555
2 0.7963203125 0.9672638888888888 0.1104921875 0.06547222222222222
2 0.9112734375 0.9632916666666668 0.11942187500000001 0.07341666666666667
2 0.9849296875 0.9613055555555555 0.0301328125 0.077375