0 0.1361640625 0.4990138888888889 0.095984375 0.2162638888888889
0 0.228796875 0.4861111111111111 0.0714296875 0.18651388888888887
0 0.3136171875 0.4781805555555556 0.078125 0.18651388888888887
0 0.40122656250000005 0.4791666666666667 0.0636171875 0.19245833333333331
0 0.46986718749999995 0.43352777777777773 0.078125 0.14484722222222224
0 0.560265625 0.47123611111111113 0.0625 0.2162638888888889
0 0.6450859375 0.44147222222222227 0.0848203125 0.15675
0 0.7114921875 0.45734722222222224 0.056921875 0.19245833333333331
0 0.78125 0.4236111111111111 0.080359375 0.16070833333333331
2 0.24274218749999998 0.2738055555555555 0.068078125 0.11508333333333333
2 0.1026796875 0.2777777777777778 0.0691953125 0.1111111111111111
2 0.03515625 0.2787638888888889 0.0658515625 0.10912499999999999
2 0.072546875 0.40575 0.078125 0.13293055555555555
2 0.1517890625 0.40376388888888887 0.080359375 0.140875
2 0.2293515625 0.39087500000000003 0.0747734375 0.12301388888888888
2 0.3058046875 0.3859166666666667 0.078125 0.13690277777777776
2 0.3822578125 0.3819444444444444 0.0703125 0.13293055555555555
2 0.453125 0.37301388888888887 0.0714296875 0.12301388888888888
2 0.12332812500000001 0.5565416666666666 0.0926328125 0.14880555555555555
2 0.212609375 0.5386944444444445 0.0792421875 0.14880555555555555
2 0.29296875 0.5317500000000001 0.0814765625 0.16269444444444445
2 0.376671875 0.5257916666666667 0.088171875 0.1547638888888889
2 0.46149218750000004 0.5168611111111111 0.0814765625 0.15675
2 0.54296875 0.5129027777777778 0.083703125 0.1527777777777778
2 0.623328125 0.5089305555555556 0.0770078125 0.14880555555555555
2 0.703125 0.5 0.080359375 0.15079166666666666
2 0.7784609375 0.49206944444444445 0.0792421875 0.15079166666666666
2 0.3738828125 0.6964305555555556 0.09375 0.15079166666666666
2 0.46596093749999995 0.6984166666666667 0.0948671875 0.1706388888888889
2 0.5580390625 0.6875 0.09375 0.16468055555555555
2 0.6489921875 0.6825416666666667 0.088171875 0.1706388888888889
2 0.7393984375 0.672625 0.0926328125 0.1706388888888889
2 0.8292421875 0.6656805555555556 0.0892890625 0.16070833333333331
2 0.9202031249999999 0.6587361111111112 0.0926328125 0.15873611111111113
2 0.9838203125 0.6567500000000001 0.0323671875 0.1706388888888889
2 0.689734375 0.8988055555555555 0.1026796875 0.18651388888888887
2 0.7935234375 0.8888888888888888 0.1004453125 0.1904722222222222
2 0.8984375 0.8859166666666667 0.10491406249999999 0.19245833333333331
2 0.9765625 0.8809583333333333 0.046875 0.1904722222222222