0 0.1199765625 0.4722222222222222 0.056921875 0.19841666666666669
0 0.22600781250000002 0.45337500000000003 0.0502265625 0.20040277777777776
0 0.3275703125 0.4513888888888889 0.052453125 0.2043611111111111
0 0.5150703125 0.4345277777777778 0.0591484375 0.19841666666666669
0 0.67578125 0.39087500000000003 0.0770078125 0.202375
0 0.779578125 0.38393055555555555 0.0747734375 0.19245833333333331
2 0.40680468750000004 0.8194444444444444 0.099328125 0.1706388888888889
2 0.5066953125 0.8015833333333333 0.095984375 0.1706388888888889
2 0.60546875 0.7886944444444445 0.0971015625 0.172625
2 0.7036796875 0.7748055555555555 0.0971015625 0.17658333333333334
2 0.8030156249999999 0.7609166666666667 0.099328125 0.1686527777777778
2 0.9012265625 0.748013888888889 0.0971015625 0.1706388888888889
2 0.9760078125 0.7380972222222222 0.0479921875 0.1745972222222222