0 0.1941484375 0.45745833333333336 0.051390625 0.08248611111111111
0 0.2598203125 0.44540277777777776 0.065671875 0.08881944444444445
0 0.352609375 0.4891805555555555 0.037117187499999996 0.15608333333333332
0 0.4682421875 0.4701388888888889 0.0413984375 0.14593055555555554
0 0.546046875 0.4035277777777778 0.049960937500000004 0.09644444444444444
0 0.5999375 0.3946388888888889 0.053531249999999996 0.08374999999999999
2 0.4164921875 0.2855138888888889 0.0463984375 0.08881944444444445
2 0.3683125 0.2944027777777778 0.0485390625 0.08881944444444445
2 0.31941406250000004 0.3032777777777778 0.04925 0.08881944444444445
2 0.27052343749999996 0.3127916666666667 0.049960937500000004 0.08755555555555555
2 0.2191328125 0.32104166666666667 0.0485390625 0.08881944444444445
2 0.1677421875 0.32993055555555556 0.049960937500000004 0.08629166666666667
2 0.11634375 0.3388055555555555 0.0528203125 0.09136111111111112
2 0.0706640625 0.3952777777777778 0.065671875 0.03172222222222222
2 0.2119921875 0.5075833333333333 0.05425 0.09897222222222223
2 0.2673125 0.4961527777777778 0.053531249999999996 0.10151388888888889
2 0.321203125 0.4866388888888889 0.05425 0.09770833333333333
2 0.37509375 0.4739583333333333 0.053531249999999996 0.10025
2 0.42898437500000003 0.46316666666666667 0.0528203125 0.09390277777777778
2 0.4814453125 0.45237499999999997 0.0506796875 0.09516666666666666
2 0.5331953125 0.44540277777777776 0.051390625 0.09644444444444444
2 0.5849453125 0.43398611111111113 0.0506796875 0.09897222222222223
2 0.3833046875 0.6972916666666666 0.0599609375 0.10531944444444444
2 0.4432578125 0.6839583333333333 0.0571015625 0.10659722222222222
2 0.501078125 0.6699999999999999 0.0571015625 0.10912499999999999
2 0.5581796875 0.6573194444444445 0.055671875 0.10659722222222222
2 0.6142109375 0.6433611111111112 0.054960937499999994 0.10405555555555555
2 0.6706015625 0.6306666666666666 0.05639062500000001 0.10659722222222222
2 0.7284140625 0.6205138888888888 0.05639062500000001 0.10151388888888889
2 0.7830234375 0.6090972222222223 0.0528203125 0.10659722222222222
2 0.5888671875 0.9269722222222222 0.0642421875 0.11801388888888889
2 0.653109375 0.9091944444444444 0.061382812499999995 0.11801388888888889
2 0.7166406249999999 0.8952361111111112 0.06281250000000001 0.11801388888888889
2 0.7794531250000001 0.8800138888888889 0.061382812499999995 0.11293055555555556
2 0.8429765625 0.8666944444444444 0.06281250000000001 0.11927777777777777
2 0.9061484375 0.8508333333333333 0.060671875 0.11293055555555556
2 0.968953125 0.8400416666666667 0.0620859375 0.11166666666666668