0 0.17578125 0.44345833333333334 0.036828125 0.13293055555555555
0 0.232140625 0.4365138888888889 0.046875 0.15079166666666666
0 0.321984375 0.45734722222222224 0.036828125 0.1527777777777778
0 0.44810156250000005 0.4375 0.0390625 0.13690277777777776
0 0.5027890625 0.3740138888888889 0.0435234375 0.13690277777777776
0 0.5513359375 0.3611111111111111 0.033484375 0.15079166666666666
2 0.195484375 0.08777777777777779 0.0433125 0.0811111111111111
2 0.152171875 0.0954861111111111 0.04215625 0.08418055555555555
2 0.10770312500000001 0.10318055555555557 0.045625 0.08316666666666667
2 0.0615078125 0.110875 0.04446875 0.08418055555555555
2 0.019289062500000002 0.11909722222222222 0.036265625 0.08829166666666667
2 0.0176171875 0.2890138888888889 0.0340703125 0.09343055555555554
2 0.0603515625 0.28079166666666666 0.0502421875 0.09137500000000001
2 0.11059375 0.26949999999999996 0.0502421875 0.08931944444444445
2 0.1608359375 0.25769444444444445 0.0479296875 0.08829166666666667
2 0.20905468749999997 0.24743055555555557 0.0473515625 0.08623611111111111
2 0.2564140625 0.23768055555555556 0.046203125 0.08520833333333333
2 0.3023203125 0.22740277777777776 0.04446875 0.08520833333333333
2 0.34765625 0.22073611111111113 0.043890625 0.08829166666666667
2 0.170078125 0.4558472222222222 0.054859375 0.09445833333333334
2 0.224359375 0.43993055555555555 0.0537109375 0.09752777777777778
2 0.27633593749999996 0.428125 0.049085937499999996 0.09855555555555555
2 0.32715625 0.41374999999999995 0.0502421875 0.09445833333333334
2 0.37710937499999997 0.4024583333333333 0.048507812500000004 0.09445833333333334
2 0.4261953125 0.38962499999999994 0.0496640625 0.09137500000000001
2 0.4761484375 0.3783333333333333 0.049085937499999996 0.0954861111111111
2 0.5223515625 0.36652777777777773 0.0433125 0.09034722222222222
2 0.354875 0.6478333333333334 0.056015625 0.10472222222222223
2 0.41089062500000006 0.6319166666666667 0.054859375 0.10369444444444444
2 0.46517968749999994 0.6144583333333333 0.0537109375 0.10369444444444444
2 0.51859375 0.6000833333333333 0.0531328125 0.09958333333333334
2 0.5714375 0.5836666666666667 0.052554687499999996 0.10575
2 0.62428125 0.572375 0.051976562500000004 0.09958333333333334
2 0.676546875 0.5559444444444444 0.0502421875 0.0954861111111111
2 0.7264999999999999 0.543625 0.0473515625 0.1016388888888889
2 0.576921875 0.8847916666666666 0.05775 0.12279166666666666
2 0.635828125 0.8629166666666666 0.0600625 0.11806944444444445
2 0.6953125 0.8464861111111112 0.05775 0.11395833333333333
2 0.7545078125 0.8285277777777778 0.059484375 0.11498611111111112
2 0.813125 0.8110694444444445 0.05775 0.11293055555555556
2 0.8717421875 0.7925972222222222 0.057171875000000004 0.11293055555555556
2 0.9294921875 0.7802638888888889 0.056015625 0.11293055555555556
2 0.9796171875 0.7648750000000001 0.040765625 0.110875