0 0.1528984375 0.5684583333333334 0.1160703125 0.2043611111111111
0 0.232140625 0.5803611111111111 0.053570312499999995 0.29959722222222224
0 0.303015625 0.5456388888888889 0.0591484375 0.29365277777777776
0 0.5 0.5029722222222222 0.09375 0.14880555555555555
0 0.6240234375 0.5004305555555556 0.11028906249999999 0.14941666666666667
0 0.5341796875 0.40018055555555554 0.0608515625 0.231125
0 0.77734375 0.407125 0.103390625 0.18087499999999998
0 0.692875 0.45443055555555556 0.11614843749999999 0.14941666666666667
2 0.0747734375 0.1597222222222222 0.0736640625 0.1527777777777778
2 0.017296875 0.171625 0.0346015625 0.16468055555555555
2 0.0909609375 0.5178611111111111 0.088171875 0.06745833333333333
2 0.1395078125 0.39087500000000003 0.0848203125 0.17856944444444445
2 0.2265625 0.375 0.0870546875 0.1745972222222222
2 0.3119453125 0.35218055555555555 0.0792421875 0.17658333333333334
2 0.3939765625 0.3402777777777778 0.0825859375 0.172625
2 0.47377343749999995 0.32143055555555555 0.0770078125 0.1706388888888889
2 0.22265625 0.6914722222222223 0.0971015625 0.16070833333333331
2 0.3236640625 0.6795694444444444 0.1004453125 0.18848611111111113
2 0.424109375 0.6607083333333333 0.0982109375 0.19841666666666669
2 0.521765625 0.640875 0.0948671875 0.202375
2 0.619421875 0.6200416666666667 0.0982109375 0.20040277777777776
2 0.712609375 0.5952361111111111 0.088171875 0.19444444444444445
2 0.8030156249999999 0.5744027777777778 0.0903984375 0.19643055555555555
2 0.8922968750000001 0.5486111111111112 0.088171875 0.19245833333333331
2 0.96875 0.5307499999999999 0.0625 0.19245833333333331
2 0.8297968750000001 0.9652777777777778 0.11942187500000001 0.06944444444444445
2 0.9441953125 0.9464305555555554 0.11160937500000001 0.1071388888888889