0 0.12276562499999999 0.5634861111111111 0.0714296875 0.13491666666666666
0 0.2237734375 0.5555555555555556 0.0591484375 0.12698611111111113
0 0.3253359375 0.5505972222222222 0.0747734375 0.13690277777777776
0 0.428015625 0.5505972222222222 0.068078125 0.13293055555555555
0 0.5245546875 0.5486111111111112 0.0736640625 0.13690277777777776
0 0.6261171875 0.5416666666666666 0.0714296875 0.13095833333333334
0 0.7271171875 0.5436527777777778 0.068078125 0.12301388888888888
0 0.8253359375 0.5347222222222222 0.072546875 0.125
2 0.447546875 0.7559583333333333 0.11160937500000001 0.19841666666666669
2 0.564171875 0.751986111111111 0.1171875 0.19444444444444445
2 0.6752265625 0.7390833333333333 0.11383593750000001 0.18055555555555555
2 0.7879453125 0.7331388888888889 0.11160937500000001 0.17658333333333334
2 0.9017890625 0.7271805555555556 0.11160937500000001 0.17658333333333334
2 0.9793515625 0.7301527777777779 0.041296875 0.1706388888888889
2 0.7142890625 0.9146805555555556 0.12276562499999999 0.1706388888888889
2 0.8387265625 0.9107083333333333 0.1283515625 0.17856944444444445
2 0.9514531249999999 0.9107083333333333 0.0971015625 0.17856944444444445