0 0.19140625 0.7242083333333332 0.0747734375 0.3055555555555556
0 0.19921875 0.6210277777777777 0.12164843750000001 0.2777777777777778
0 0.2801328125 0.6011944444444445 0.064734375 0.31348611111111113
0 0.298546875 0.3373055555555556 0.1015625 0.2222222222222222
0 0.49944531249999996 0.5892916666666667 0.0658515625 0.31745833333333334
0 0.60546875 0.5347222222222222 0.10379687500000001 0.2956388888888889
0 0.5931953125 0.4861111111111111 0.088171875 0.3015833333333333
0 0.5652890625 0.36706944444444445 0.0658515625 0.25
2 0.255578125 0.2986111111111111 0.053570312499999995 0.1845277777777778
2 0.201453125 0.3234166666666667 0.0546875 0.18651388888888887
2 0.146203125 0.36012500000000003 0.053570312499999995 0.18055555555555555
2 0.0825859375 0.4027777777777778 0.0625 0.1904722222222222
2 0.0278984375 0.44643055555555555 0.046875 0.19444444444444445
2 0.552453125 0.8879027777777777 0.0513359375 0.22420833333333334
2 0.6104921875 0.828375 0.0580390625 0.22420833333333334
2 0.6690859375 0.7698472222222221 0.0546875 0.24602777777777776
2 0.7221015625 0.7004027777777778 0.049109375 0.21429166666666666
2 0.7728828125 0.6567500000000001 0.052453125 0.21824999999999997
2 0.8214296875 0.6130972222222222 0.044640625 0.21824999999999997
2 0.8699765625 0.5625 0.0457578125 0.2202361111111111
2 0.9157343750000001 0.5138888888888888 0.0435234375 0.202375
2 0.9575859375 0.45337500000000003 0.0424140625 0.19643055555555555