0 0.1322578125 0.5267916666666667 0.130578125 0.125
0 0.279015625 0.7152777777777778 0.060265625 0.27181944444444445
0 0.40513281250000005 0.6210277777777777 0.0580390625 0.25
0 0.584265625 0.6240138888888889 0.0770078125 0.24404166666666668
0 0.6495546875 0.5426527777777778 0.0736640625 0.24801388888888887
0 0.53515625 0.5228194444444445 0.056921875 0.24008333333333334
0 0.47991406249999996 0.3879027777777778 0.0669609375 0.19643055555555555
0 0.537390625 0.2668611111111111 0.1238828125 0.10515277777777778
0 0.6138359375 0.3819444444444444 0.0736640625 0.2162638888888889
2 0.088171875 0.6964305555555556 0.055804687500000005 0.19444444444444445
2 0.1495546875 0.6517916666666667 0.0669609375 0.17658333333333334
2 0.23492968749999998 0.6656805555555556 0.0747734375 0.10119444444444445
2 0.275671875 0.5545694444444444 0.053570312499999995 0.16070833333333331
2 0.328125 0.5228194444444445 0.049109375 0.15675
2 0.42522656249999996 0.5575416666666667 0.1183046875 0.08730555555555555
2 0.4609375 0.4623055555555556 0.0625 0.13491666666666666
2 0.52734375 0.3740138888888889 0.0814765625 0.16468055555555555
2 0.743859375 0.9255972222222222 0.056921875 0.14880555555555555
2 0.8030156249999999 0.8779722222222222 0.0502265625 0.2043611111111111
2 0.8577031249999999 0.8343194444444445 0.0502265625 0.19643055555555555
2 0.9129453125 0.7847222222222222 0.053570312499999995 0.18848611111111113
2 0.9676328125 0.7301527777777779 0.0513359375 0.1706388888888889