0 0.154578125 0.5902777777777778 0.041296875 0.1289722222222222
0 0.197546875 0.5347222222222222 0.049109375 0.11309722222222224
0 0.2784609375 0.5456388888888889 0.0435234375 0.13491666666666666
0 0.416296875 0.5208333333333334 0.0580390625 0.125
0 0.40736718749999995 0.4136944444444445 0.029015625 0.13293055555555555
0 0.42689843749999995 0.35318055555555555 0.0390625 0.12698611111111113
2 0.1847109375 0.28570833333333334 0.0546875 0.047625
2 0.12276562499999999 0.26190277777777776 0.033484375 0.07936111111111112
2 0.0859375 0.28175 0.0379453125 0.09126388888888888
2 0.0463203125 0.30258333333333337 0.041296875 0.08929166666666667
2 0.013390625 0.32241666666666663 0.0267890625 0.08929166666666667
2 0.1316953125 0.5823472222222222 0.044640625 0.08929166666666667
2 0.17578125 0.5515833333333333 0.041296875 0.08730555555555555
2 0.2176328125 0.5208333333333334 0.0401796875 0.09722222222222222
2 0.2583671875 0.48809722222222224 0.0390625 0.0952361111111111
2 0.2963203125 0.4623055555555556 0.0346015625 0.09126388888888888
2 0.3331484375 0.43352777777777773 0.036828125 0.08929166666666667
2 0.3705390625 0.41468055555555555 0.033484375 0.0952361111111111
2 0.404015625 0.3928611111111111 0.03125 0.0952361111111111
2 0.427453125 0.7956388888888889 0.0424140625 0.10318055555555557
2 0.470984375 0.7559583333333333 0.0401796875 0.1111111111111111
2 0.509484375 0.7192500000000001 0.036828125 0.10119444444444445
2 0.5479921875 0.6914722222222223 0.0379453125 0.09325
2 0.5870546875 0.6537638888888888 0.0379453125 0.09722222222222222
2 0.6238828125 0.6269861111111111 0.033484375 0.0952361111111111
2 0.657921875 0.5962361111111112 0.0346015625 0.09325
2 0.693640625 0.5694444444444444 0.0301328125 0.10318055555555557
2 0.9592656249999999 0.9156805555555555 0.0390625 0.11706944444444445
2 0.9899531250000001 0.8819444444444444 0.0200859375 0.11309722222222224