0 0.134484375 0.47123611111111113 0.0636171875 0.2162638888888889
0 0.248328125 0.4613055555555555 0.052453125 0.19245833333333331
0 0.3431953125 0.4761944444444445 0.0502265625 0.21031944444444445
0 0.4140625 0.4672638888888889 0.049109375 0.22420833333333334
0 0.48549218749999995 0.44245833333333334 0.055804687500000005 0.2063472222222222
0 0.5887265625 0.4593194444444444 0.0457578125 0.2162638888888889
0 0.6886171875 0.45237499999999997 0.0513359375 0.21031944444444445
0 0.751671875 0.4444444444444444 0.0502265625 0.2063472222222222
0 0.8303593749999999 0.42758333333333337 0.0580390625 0.21230555555555558
2 0.251671875 0.5813472222222222 0.0903984375 0.16269444444444445
2 0.3426328125 0.5763888888888888 0.0892890625 0.15675
2 0.43359375 0.5654722222222222 0.0903984375 0.14681944444444445
2 0.5239921875 0.5605138888888889 0.088171875 0.140875
2 0.6143984375 0.5555555555555556 0.0926328125 0.1388888888888889
2 0.703125 0.5515833333333333 0.0848203125 0.1388888888888889
2 0.791296875 0.5446388888888889 0.0892890625 0.140875
2 0.8800234375 0.5456388888888889 0.088171875 0.14681944444444445
2 0.9626093750000001 0.5406805555555556 0.0747734375 0.14484722222222224
2 0.470421875 0.7222222222222222 0.0948671875 0.1706388888888889
2 0.56640625 0.7182499999999999 0.0971015625 0.1706388888888889
2 0.6640625 0.7123055555555555 0.1004453125 0.1745972222222222
2 0.7628359375 0.7063472222222222 0.0971015625 0.17856944444444445
2 0.8610468750000001 0.7063472222222222 0.0971015625 0.18254166666666669
2 0.9559140625 0.6974166666666667 0.088171875 0.172625
2 0.7232109375 0.8928611111111111 0.109375 0.1904722222222222
2 0.8337031250000001 0.8888888888888888 0.11160937500000001 0.19444444444444445
2 0.9436406249999999 0.8839305555555554 0.10379687500000001 0.19245833333333331