0 0.1941953125 0.5684583333333334 0.049109375 0.2361111111111111
0 0.21428906250000002 0.5129027777777778 0.044640625 0.24404166666666668
0 0.2684140625 0.4613055555555555 0.0792421875 0.2361111111111111
0 0.419640625 0.4642916666666667 0.0982109375 0.2301527777777778
0 0.47711718750000004 0.42758333333333337 0.068078125 0.22818055555555555
0 0.42466406250000005 0.3422638888888889 0.056921875 0.172625
0 0.416296875 0.2876944444444444 0.0714296875 0.1547638888888889
0 0.53125 0.25495833333333334 0.064734375 0.2043611111111111
2 0.232140625 0.21925000000000003 0.0424140625 0.14880555555555555
2 0.1875 0.25595833333333334 0.044640625 0.1388888888888889
2 0.1417421875 0.2916666666666667 0.0401796875 0.1428611111111111
2 0.0948671875 0.33431944444444445 0.046875 0.14880555555555555
2 0.044640625 0.37004166666666666 0.046875 0.15675
2 0.4765625 0.7142916666666667 0.044640625 0.1706388888888889
2 0.5206484375 0.6626944444444445 0.0435234375 0.15873611111111113
2 0.564171875 0.6150833333333333 0.0435234375 0.15873611111111113
2 0.609375 0.5724166666666667 0.0424140625 0.1527777777777778
2 0.650109375 0.5188472222222222 0.0390625 0.16070833333333331
2 0.6902890625 0.4761944444444445 0.036828125 0.15079166666666666
2 0.7265625 0.43254166666666666 0.0357109375 0.15079166666666666
2 0.763390625 0.3988055555555555 0.033484375 0.15079166666666666