0 0.171875 0.3888888888888889 0.091515625 0.1428611111111111
0 0.247765625 0.37698611111111113 0.0848203125 0.11904166666666666
0 0.3348203125 0.3640833333333333 0.080359375 0.11706944444444445
0 0.41294531250000005 0.3571388888888889 0.0736640625 0.09920833333333334
0 0.5027890625 0.35218055555555555 0.0814765625 0.11706944444444445
0 0.5753359375 0.32837500000000003 0.0658515625 0.10515277777777778
0 0.6512265625 0.32540277777777776 0.0770078125 0.1071388888888889
0 0.7410703125 0.30654166666666666 0.0825859375 0.125
2 0.057476562499999995 0.2827361111111111 0.0770078125 0.14880555555555555
2 0.0089296875 0.28968055555555555 0.015625 0.15079166666666666
2 0.13671875 0.26984722222222224 0.072546875 0.14681944444444445
2 0.21038281250000002 0.26290277777777776 0.0747734375 0.14880555555555555
2 0.3074765625 0.33134722222222224 0.099328125 0.051583333333333335
2 0.3666328125 0.2470277777777778 0.0703125 0.13690277777777776
2 0.43861718749999995 0.2361111111111111 0.0736640625 0.1428611111111111
2 0.1791328125 0.49801388888888887 0.083703125 0.1547638888888889
2 0.263953125 0.48512500000000003 0.0814765625 0.1527777777777778
2 0.3465390625 0.4791666666666667 0.0792421875 0.15675
2 0.428015625 0.4672638888888889 0.0792421875 0.15675
2 0.5089296875 0.4553611111111111 0.080359375 0.1527777777777778
2 0.588171875 0.4484166666666667 0.078125 0.1547638888888889
2 0.666296875 0.4365138888888889 0.078125 0.1547638888888889
2 0.7421875 0.42559722222222224 0.0736640625 0.14880555555555555
2 0.5011171875 0.7321388888888889 0.0870546875 0.16666666666666666
2 0.588171875 0.7182499999999999 0.0870546875 0.16666666666666666
2 0.6752265625 0.703375 0.0870546875 0.172625
2 0.7622734375 0.6934583333333334 0.0848203125 0.1686527777777778
2 0.8498906249999999 0.6815416666666666 0.088171875 0.1686527777777778
2 0.9369453125 0.6686527777777778 0.083703125 0.16666666666666666
2 0.9665156250000001 0.9563472222222222 0.0669609375 0.08730555555555555