0 0.251671875 0.7222222222222222 0.0479921875 0.1071388888888889
0 0.22600781250000002 0.6369027777777778 0.0747734375 0.07540277777777778
0 0.3046875 0.6269861111111111 0.053570312499999995 0.13095833333333334
0 0.3777890625 0.5376944444444445 0.0390625 0.1071388888888889
0 0.3097109375 0.42262500000000003 0.0636171875 0.07936111111111112
2 0.19793750000000002 0.7348472222222223 0.0241640625 0.108375
2 0.21759374999999997 0.6875277777777777 0.025312499999999998 0.10205555555555557
2 0.2345703125 0.6408888888888888 0.018515625 0.09656944444444444
2 0.2493828125 0.5849166666666666 0.01975 0.10095833333333333
2 0.2657421875 0.5399305555555556 0.0191328125 0.10315277777777777
2 0.281484375 0.49383333333333335 0.016046875 0.10315277777777777
2 0.29784375 0.4554305555555556 0.0178984375 0.09218055555555556
2 0.3101875 0.4230555555555556 0.014195312500000001 0.07572222222222223
1 0.81328125 0.7495277777777777 0.036421875 0.4631111111111111