0 0.2254453125 0.7817500000000001 0.060265625 0.25397222222222227
0 0.248328125 0.6825416666666667 0.0636171875 0.18254166666666669
0 0.329796875 0.6845277777777778 0.0703125 0.18651388888888887
0 0.42857031250000005 0.6974166666666667 0.078125 0.2361111111111111
0 0.482703125 0.6597222222222222 0.083703125 0.24008333333333334
0 0.552453125 0.5952361111111111 0.049109375 0.21031944444444445
0 0.607703125 0.6617083333333333 0.0591484375 0.22420833333333334
0 0.701453125 0.6130972222222222 0.0636171875 0.234125
2 0.33984375 0.5238055555555555 0.052453125 0.14681944444444445
2 0.2818046875 0.5495972222222222 0.0546875 0.15079166666666666
2 0.2198671875 0.5694444444444444 0.060265625 0.15079166666666666
2 0.158484375 0.5912638888888888 0.0625 0.14681944444444445
2 0.0926328125 0.6200416666666667 0.0691953125 0.1527777777777778
2 0.02734375 0.6438472222222222 0.052453125 0.16070833333333331
2 0.40625 0.8918611111111111 0.060265625 0.172625
2 0.470421875 0.8581388888888889 0.0658515625 0.172625
2 0.53515625 0.8254027777777777 0.0636171875 0.16666666666666666
2 0.5987734375 0.8035694444444446 0.061382812499999995 0.16666666666666666
2 0.66015625 0.7748055555555555 0.056921875 0.16468055555555555
2 0.720421875 0.7539722222222223 0.0591484375 0.1706388888888889
2 0.7806953125 0.7212361111111111 0.056921875 0.16070833333333331
2 0.8353828125 0.6974166666666667 0.052453125 0.16070833333333331