0 0.1450859375 0.7708333333333334 0.0825859375 0.1527777777777778
0 0.2449765625 0.7549583333333334 0.088171875 0.14880555555555555
0 0.3387265625 0.7470277777777778 0.0770078125 0.14880555555555555
0 0.44866406249999996 0.7440416666666667 0.080359375 0.13491666666666666
0 0.549109375 0.7331388888888889 0.078125 0.13690277777777776
0 0.6489921875 0.7251944444444445 0.072546875 0.13690277777777776
0 0.7566953125 0.7212361111111111 0.0736640625 0.1289722222222222
0 0.859375 0.7123055555555555 0.078125 0.1388888888888889
2 0.6796875 0.9751944444444445 0.11383593750000001 0.04959722222222222
2 0.796875 0.9702361111111112 0.11383593750000001 0.05952777777777778
2 0.9107109375 0.9652777777777778 0.109375 0.06944444444444445
2 0.9832578125 0.9632916666666668 0.033484375 0.07341666666666667