0 0.11774218750000001 0.5396805555555555 0.0658515625 0.234125
0 0.2137265625 0.5218194444444444 0.0703125 0.21824999999999997
0 0.2963203125 0.5129027777777778 0.0703125 0.22818055555555555
0 0.4453125 0.5257916666666667 0.064734375 0.234125
0 0.48102343750000004 0.4642916666666667 0.060265625 0.22619444444444448
0 0.564734375 0.5 0.0513359375 0.2301527777777778
0 0.5831484375 0.42262500000000003 0.0479921875 0.2222222222222222
0 0.6674140625 0.4077361111111111 0.0580390625 0.22420833333333334
0 0.7310234375 0.3759861111111111 0.060265625 0.22420833333333334
2 0.0284609375 0.09920833333333334 0.0546875 0.13491666666666666
2 0.025671875 0.2886944444444445 0.046875 0.14484722222222224
2 0.0853828125 0.27181944444444445 0.0747734375 0.1388888888888889
2 0.193078125 0.3373055555555556 0.09375 0.047625
2 0.2393984375 0.24801388888888887 0.056921875 0.13095833333333334
2 0.3409609375 0.3125 0.0971015625 0.04959722222222222
2 0.0184140625 0.5099166666666667 0.0346015625 0.15079166666666666
2 0.0747734375 0.4930555555555556 0.0736640625 0.16070833333333331
2 0.154578125 0.4791666666666667 0.083703125 0.16468055555555555
2 0.23828125 0.46329166666666666 0.083703125 0.15675
2 0.3197578125 0.4484166666666667 0.0770078125 0.1547638888888889
2 0.4140625 0.5049583333333333 0.080359375 0.057541666666666665
2 0.48828125 0.47420833333333334 0.0770078125 0.05555555555555555
2 0.5613828125 0.3988055555555555 0.0691953125 0.15873611111111113
2 0.62890625 0.38987499999999997 0.068078125 0.15675
2 0.338171875 0.7162638888888889 0.0870546875 0.1745972222222222
2 0.423546875 0.6934583333333334 0.083703125 0.1686527777777778
2 0.509484375 0.6775833333333333 0.0859375 0.18848611111111113
2 0.5948671875 0.6587361111111112 0.0848203125 0.1706388888888889
2 0.681359375 0.640875 0.083703125 0.1745972222222222
2 0.765625 0.6170694444444444 0.0825859375 0.1706388888888889
2 0.8487734375 0.6011944444444445 0.083703125 0.16269444444444445
2 0.9319218749999999 0.5833333333333334 0.0825859375 0.15873611111111113
2 0.9877265625 0.5704305555555556 0.0245546875 0.1686527777777778
2 0.7572578125 0.9335277777777777 0.0903984375 0.13293055555555555
2 0.8482109375 0.9206388888888889 0.091515625 0.15873611111111113
2 0.9419609375 0.9117083333333332 0.091515625 0.17658333333333334