0 0.1400703125 0.5208333333333334 0.0546875 0.23213888888888887
0 0.228796875 0.5188472222222222 0.049109375 0.22818055555555555
0 0.3359375 0.5029722222222222 0.0513359375 0.2202361111111111
0 0.40234375 0.5009861111111111 0.041296875 0.23213888888888887
0 0.46986718749999995 0.47420833333333334 0.053570312499999995 0.2301527777777778
0 0.5747734375 0.4791666666666667 0.053570312499999995 0.2202361111111111
0 0.65625 0.47718055555555555 0.046875 0.20833333333333334
0 0.7176328125 0.4791666666666667 0.0379453125 0.22420833333333334
0 0.7784609375 0.46626388888888887 0.0457578125 0.21824999999999997
2 0.0831484375 0.3611111111111111 0.0814765625 0.13491666666666666
2 0.161828125 0.3571388888888889 0.0714296875 0.1388888888888889
2 0.23492968749999998 0.35515277777777776 0.0747734375 0.15079166666666666
2 0.3800234375 0.34920833333333334 0.0747734375 0.13491666666666666
2 0.0424140625 0.49801388888888887 0.080359375 0.14681944444444445
2 0.20647656250000002 0.4781805555555556 0.0848203125 0.15079166666666666
2 0.2896171875 0.4732083333333333 0.0747734375 0.1527777777777778
2 0.3677421875 0.46329166666666666 0.0792421875 0.140875
2 0.44475781249999996 0.46031944444444445 0.0747734375 0.15079166666666666
2 0.51953125 0.45634722222222224 0.0747734375 0.14681944444444445
2 0.5971015625 0.45237499999999997 0.080359375 0.13491666666666666
2 0.24944531250000002 0.6289722222222223 0.0948671875 0.15873611111111113
2 0.341515625 0.6200416666666667 0.091515625 0.15675
2 0.43080468749999995 0.6111111111111112 0.0870546875 0.15873611111111113
2 0.5184140625 0.6071388888888889 0.088171875 0.15873611111111113
2 0.60546875 0.5992083333333333 0.0859375 0.15873611111111113
2 0.6902890625 0.5952361111111111 0.0859375 0.1547638888888889
2 0.7762265625 0.5892916666666667 0.083703125 0.16269444444444445
2 0.8610468750000001 0.5823472222222222 0.0814765625 0.16070833333333331
2 0.9425234375 0.5754027777777778 0.083703125 0.15079166666666666
2 0.5161796875 0.7926527777777779 0.0948671875 0.17658333333333334
2 0.61328125 0.7837361111111111 0.0971015625 0.18254166666666669
2 0.7103828125 0.751986111111111 0.0971015625 0.12698611111111113
2 0.8069218749999999 0.7698472222222221 0.095984375 0.17856944444444445
2 0.90234375 0.7619027777777778 0.0926328125 0.17856944444444445
2 0.9748906249999999 0.7539722222222223 0.0502265625 0.1706388888888889
2 0.8471015625 0.953375 0.11383593750000001 0.09325
2 0.9536796875 0.9494027777777778 0.0926328125 0.10119444444444445