0 0.142859375 0.7738055555555555 0.0892890625 0.1428611111111111
0 0.244421875 0.7579305555555556 0.080359375 0.15079166666666666
0 0.3392890625 0.7450416666666666 0.078125 0.14880555555555555
0 0.454796875 0.7470277777777778 0.083703125 0.13690277777777776
0 0.5502265625 0.734125 0.0714296875 0.13491666666666666
0 0.6512265625 0.7222222222222222 0.0770078125 0.1428611111111111
0 0.7572578125 0.7182499999999999 0.0703125 0.13491666666666666
0 0.8610468750000001 0.7132916666666668 0.0792421875 0.14484722222222224
2 0.6791328125 0.9751944444444445 0.11272656249999999 0.04959722222222222
2 0.7957578125 0.9662638888888889 0.109375 0.06745833333333333
2 0.9107109375 0.9652777777777778 0.1160703125 0.06944444444444445
2 0.984375 0.9642916666666667 0.03125 0.07143055555555555