0 0.2667421875 0.7995972222222223 0.0736640625 0.2738055555555555
0 0.291296875 0.6785694444444444 0.0513359375 0.19841666666666669
0 0.3426328125 0.6636944444444445 0.0625 0.2202361111111111
0 0.45814843749999995 0.6527777777777778 0.072546875 0.24206944444444442
0 0.48492968750000004 0.6130972222222222 0.052453125 0.26190277777777776
0 0.521765625 0.5109166666666667 0.0747734375 0.24008333333333334
0 0.6322578125 0.6180555555555556 0.072546875 0.2797638888888889
0 0.705359375 0.5248055555555555 0.11160937500000001 0.2678611111111111
2 0.26953125 0.4672638888888889 0.0479921875 0.16468055555555555
2 0.2254453125 0.49602777777777773 0.044640625 0.1745972222222222
2 0.1729921875 0.5327361111111111 0.053570312499999995 0.1686527777777778
2 0.013390625 0.6498055555555555 0.0245546875 0.18055555555555555
2 0.5982109375 0.9166666666666666 0.049109375 0.16666666666666666
2 0.650671875 0.8859166666666667 0.053570312499999995 0.19245833333333331
2 0.703125 0.8462361111111111 0.0513359375 0.2043611111111111
2 0.7527890625 0.7916666666666666 0.0457578125 0.1904722222222222
2 0.799109375 0.7351249999999999 0.046875 0.1686527777777778
2 0.8443046875 0.7083333333333334 0.0435234375 0.18254166666666669
2 0.890625 0.672625 0.046875 0.1904722222222222
2 0.9341484375 0.6309583333333334 0.0401796875 0.18651388888888887