0 0.279015625 0.8134861111111111 0.0580390625 0.26587500000000003
0 0.30078125 0.6904722222222222 0.0747734375 0.16269444444444445
0 0.3677421875 0.6815416666666666 0.0546875 0.18848611111111113
0 0.48883593750000004 0.6954305555555556 0.053570312499999995 0.2361111111111111
0 0.5150703125 0.6567500000000001 0.036828125 0.22619444444444448
0 0.568078125 0.5843194444444444 0.075890625 0.22818055555555555
0 0.6556953125 0.610125 0.0903984375 0.16468055555555555
0 0.74609375 0.5634861111111111 0.0814765625 0.16666666666666666
2 0.259484375 0.49504166666666666 0.0502265625 0.15675
2 0.2059140625 0.5257916666666667 0.0591484375 0.16269444444444445
2 0.146765625 0.5535694444444444 0.0591484375 0.15079166666666666
2 0.0870546875 0.578375 0.055804687500000005 0.1686527777777778
2 0.029015625 0.6140833333333333 0.0513359375 0.18055555555555555
2 0.43805468750000004 0.9097222222222222 0.056921875 0.18055555555555555
2 0.497765625 0.873013888888889 0.060265625 0.18651388888888887
2 0.5574765625 0.8363055555555555 0.0591484375 0.18055555555555555
2 0.6166328125 0.7995972222222223 0.0546875 0.1904722222222222
2 0.6729921875 0.7698472222222221 0.053570312499999995 0.17856944444444445
2 0.7265625 0.7321388888888889 0.055804687500000005 0.1706388888888889
2 0.7818046875 0.7004027777777778 0.052453125 0.1706388888888889
2 0.8297968750000001 0.6666666666666666 0.0435234375 0.1745972222222222