0 0.1300234375 0.5555555555555556 0.0546875 0.2301527777777778
0 0.2421875 0.547625 0.064734375 0.21824999999999997
0 0.314734375 0.5386944444444445 0.0691953125 0.24008333333333334
0 0.42689843749999995 0.5416666666666666 0.061382812499999995 0.2301527777777778
0 0.5011171875 0.5089305555555556 0.0625 0.2202361111111111
0 0.5853828125 0.5198472222222222 0.061382812499999995 0.234125
0 0.681359375 0.5029722222222222 0.0502265625 0.22818055555555555
0 0.7494453125 0.4761944444444445 0.0658515625 0.22619444444444448
0 0.8621640625 0.46626388888888887 0.056921875 0.23809722222222224
2 0.3058046875 0.7202361111111112 0.09375 0.1745972222222222
2 0.40122656250000005 0.7053611111111111 0.0948671875 0.172625
2 0.49497656250000005 0.6904722222222222 0.0903984375 0.1745972222222222
2 0.587609375 0.6805555555555556 0.0948671875 0.1706388888888889
2 0.68359375 0.6646805555555555 0.0926328125 0.16666666666666666
2 0.7745546875 0.6607083333333333 0.0892890625 0.17856944444444445
2 0.8677421875 0.6448472222222222 0.0948671875 0.17856944444444445
2 0.9581484375 0.6319444444444444 0.083703125 0.172625
2 0.6222109375 0.9107083333333333 0.0971015625 0.17856944444444445
2 0.724328125 0.9057499999999999 0.10714062499999999 0.18848611111111113
2 0.8286796875 0.8928611111111111 0.1015625 0.18254166666666669
2 0.9302421875 0.8829305555555556 0.10379687500000001 0.18651388888888887