0 0.1328125 0.47718055555555555 0.0736640625 0.16070833333333331
0 0.236046875 0.4553611111111111 0.072546875 0.1686527777777778
0 0.3292421875 0.44643055555555555 0.064734375 0.16666666666666666
0 0.5228828125 0.4166666666666667 0.068078125 0.15873611111111113
0 0.7137265625 0.39087500000000003 0.0747734375 0.16666666666666666
0 0.80078125 0.38095833333333334 0.072546875 0.16666666666666666
2 0.5089296875 0.9057499999999999 0.10491406249999999 0.17658333333333334
2 0.6171875 0.8918611111111111 0.10491406249999999 0.1845277777777778
2 0.7254453125 0.8779722222222222 0.10714062499999999 0.19643055555555555
2 0.8342656249999999 0.8630972222222222 0.1082578125 0.19444444444444445
2 0.9436406249999999 0.8511944444444445 0.10602343750000001 0.18651388888888887