0 0.17972656250000002 0.4943611111111111 0.057078125 0.18238888888888888
0 0.263421875 0.47584722222222225 0.048593750000000005 0.19747222222222224
0 0.34750000000000003 0.4525416666666666 0.0532265625 0.11244444444444443
0 0.509875 0.4257916666666667 0.060164062500000004 0.10284722222222221
0 0.625578125 0.421 0.057078125 0.18101388888888892
0 0.7092734375 0.41140277777777773 0.057851562499999995 0.15906944444444446
2 0.2314140625 0.5745833333333333 0.0725078125 0.12890277777777778
2 0.3031484375 0.560875 0.07096875 0.12616666666666668
2 0.3745 0.5485277777777777 0.0686484375 0.12890277777777778
2 0.44469531250000005 0.5361805555555555 0.0686484375 0.12341666666666666
2 0.5148906249999999 0.5252222222222223 0.0686484375 0.11793055555555555
2 0.5843125 0.5149305555555556 0.0686484375 0.12204166666666667
2 0.6533515624999999 0.5032777777777778 0.0678828125 0.12341666666666666
2 0.7212265625 0.49230555555555555 0.0678828125 0.12341666666666666
2 0.43235156249999995 0.8035972222222223 0.07328124999999999 0.1343888888888889
2 0.5091015624999999 0.7871388888888889 0.0786796875 0.139875
2 0.586625 0.7720555555555555 0.0748203125 0.1371388888888889
2 0.6626015625 0.7604027777777778 0.07559375 0.1385
2 0.7378125 0.7487361111111112 0.07328124999999999 0.1371388888888889
2 0.8126328125000001 0.7350277777777778 0.0748203125 0.13165277777777779
2 0.8893906250000001 0.7233750000000001 0.07714062499999999 0.13576388888888888
2 0.9643671875000001 0.7103472222222222 0.07127343750000001 0.13165277777777779