0 0.3839296875 0.8134861111111111 0.060265625 0.28175
0 0.3549140625 0.6805555555555556 0.078125 0.17856944444444445
0 0.41350781249999996 0.6696388888888889 0.0926328125 0.25595833333333334
0 0.45982031250000005 0.6359166666666667 0.0580390625 0.2916666666666667
0 0.48772656249999996 0.5724166666666667 0.046875 0.25991666666666663
0 0.46038281249999996 0.4444444444444444 0.0770078125 0.19444444444444445
0 0.6417421875 0.44643055555555555 0.1004453125 0.24602777777777776
0 0.6646171875 0.5654722222222222 0.1082578125 0.24602777777777776
2 0.1316953125 0.8363055555555555 0.0401796875 0.21230555555555558
2 0.201453125 0.6914722222222223 0.0323671875 0.17658333333333334
2 0.279015625 0.7123055555555555 0.09375 0.07143055555555555
2 0.341515625 0.46031944444444445 0.029015625 0.18254166666666669
2 0.3130546875 0.5238055555555555 0.025671875 0.1745972222222222
2 0.283484375 0.5744027777777778 0.029015625 0.1686527777777778
2 0.256140625 0.6210277777777777 0.025671875 0.16666666666666666