0 0.1484375 0.5109166666666667 0.109375 0.14880555555555555
0 0.26171875 0.48115277777777776 0.0859375 0.12102777777777778
0 0.3604921875 0.48512500000000003 0.0892890625 0.1527777777777778
0 0.46819531249999996 0.514875 0.061382812499999995 0.24404166666666668
0 0.521765625 0.45237499999999997 0.0747734375 0.18254166666666669
0 0.615515625 0.4593194444444444 0.061382812499999995 0.2043611111111111
0 0.603796875 0.4017916666666667 0.064734375 0.16070833333333331
0 0.7276796875 0.39384722222222224 0.0580390625 0.13690277777777776
0 0.767859375 0.35218055555555555 0.095984375 0.11309722222222224
2 0.0870546875 0.19940277777777776 0.0691953125 0.140875
2 0.01953125 0.38491666666666663 0.036828125 0.1547638888888889
2 0.075890625 0.37301388888888887 0.075890625 0.14681944444444445
2 0.1551328125 0.3581388888888889 0.075890625 0.140875
2 0.23102343749999998 0.3472222222222222 0.0736640625 0.1428611111111111
2 0.3777890625 0.327375 0.068078125 0.13095833333333334
2 0.1763359375 0.25198611111111113 0.09375 0.03175
2 0.0440859375 0.27181944444444445 0.0814765625 0.035708333333333335
2 0.161828125 0.5952361111111111 0.0848203125 0.16666666666666666
2 0.248328125 0.577375 0.0859375 0.16666666666666666
2 0.3431953125 0.5654722222222222 0.0903984375 0.14681944444444445
2 0.420203125 0.546625 0.088171875 0.16468055555555555
2 0.5083671875 0.5357083333333333 0.0814765625 0.1547638888888889
2 0.5814765625 0.514875 0.075890625 0.16070833333333331
2 0.658484375 0.4970277777777778 0.0736640625 0.14880555555555555
2 0.7338203125 0.4861111111111111 0.0747734375 0.15873611111111113
2 0.8091484375 0.4751944444444444 0.075890625 0.16468055555555555
2 0.5714296875 0.8293611111111111 0.0982109375 0.19444444444444445
2 0.6690859375 0.8085277777777777 0.0926328125 0.20040277777777776
2 0.76171875 0.7827361111111112 0.0903984375 0.20040277777777776
2 0.8526796875 0.7698472222222221 0.09375 0.19444444444444445
2 0.9441953125 0.7440416666666667 0.0892890625 0.18254166666666669