0 0.140625 0.35615277777777776 0.0714296875 0.16070833333333331
0 0.23046875 0.3452361111111111 0.0636171875 0.17856944444444445
0 0.3387265625 0.3422638888888889 0.0747734375 0.1686527777777778
0 0.42299218749999995 0.3293611111111111 0.0714296875 0.16666666666666666
0 0.5206484375 0.32540277777777776 0.0703125 0.15079166666666666
0 0.6043515625 0.3194444444444444 0.0636171875 0.15873611111111113
0 0.6964296875 0.30356944444444445 0.060265625 0.16666666666666666
0 0.787390625 0.3125 0.072546875 0.1527777777777778
2 0.591515625 0.6974166666666667 0.09375 0.1845277777777778
2 0.69140625 0.6894861111111111 0.099328125 0.18848611111111113
2 0.7957578125 0.6765833333333333 0.0982109375 0.18651388888888887
2 0.90234375 0.671625 0.1015625 0.18848611111111113
2 0.9776796875 0.6626944444444445 0.044640625 0.1904722222222222
2 0.952734375 0.9345277777777778 0.09296875 0.13095833333333334