0 0.28515625 0.828375 0.0703125 0.2638888888888889
0 0.2890625 0.6884861111111111 0.064734375 0.15873611111111113
0 0.3588203125 0.6845277777777778 0.0636171875 0.17856944444444445
0 0.47210156249999996 0.7073472222222222 0.078125 0.25991666666666663
0 0.517296875 0.6686527777777778 0.0636171875 0.26190277777777776
0 0.5625 0.5813472222222222 0.0513359375 0.2222222222222222
0 0.6484375 0.6587361111111112 0.064734375 0.23809722222222224
0 0.7388359375 0.6011944444444445 0.075890625 0.23809722222222224
2 0.2979921875 0.5138888888888888 0.049109375 0.16269444444444445
2 0.244421875 0.5416666666666666 0.055804687500000005 0.16269444444444445
2 0.1847109375 0.5664722222222223 0.0591484375 0.15675
2 0.1261171875 0.5992083333333333 0.0580390625 0.1547638888888889
2 0.064171875 0.6299583333333333 0.0636171875 0.16070833333333331
2 0.015070312499999999 0.6547638888888889 0.0301328125 0.15873611111111113
2 0.47600781249999996 0.9206388888888889 0.056921875 0.15873611111111113
2 0.5357109375 0.8928611111111111 0.0625 0.18651388888888887
2 0.5971015625 0.8531805555555555 0.060265625 0.17856944444444445
2 0.65625 0.8134861111111111 0.0580390625 0.18651388888888887
2 0.7142890625 0.7817500000000001 0.053570312499999995 0.16666666666666666
2 0.767859375 0.7400833333333333 0.0513359375 0.16269444444444445
2 0.8203125 0.7113055555555555 0.0513359375 0.18055555555555555
2 0.8699765625 0.6835277777777777 0.0479921875 0.172625