0 0.1596015625 0.3968194444444444 0.053570312499999995 0.22619444444444448
0 0.2315859375 0.3918611111111111 0.0636171875 0.23213888888888887
0 0.3431953125 0.38393055555555555 0.056921875 0.2202361111111111
0 0.42299218749999995 0.3680555555555556 0.055804687500000005 0.23213888888888887
0 0.5245546875 0.3680555555555556 0.0513359375 0.2202361111111111
0 0.6121640625 0.34820833333333334 0.061382812499999995 0.22420833333333334
0 0.6925234375 0.34920833333333334 0.072546875 0.2222222222222222
0 0.8136171875 0.3412638888888889 0.0580390625 0.234125
2 0.42242968750000004 0.6379027777777778 0.0948671875 0.17658333333333334
2 0.51953125 0.6279722222222222 0.0948671875 0.17658333333333334
2 0.6171875 0.6210277777777777 0.0982109375 0.1745972222222222
2 0.713171875 0.6111111111111112 0.09375 0.1745972222222222
2 0.8080390625 0.6041666666666666 0.09375 0.17658333333333334
2 0.9040156250000001 0.5962361111111112 0.0982109375 0.172625
2 0.9765625 0.5882916666666667 0.046875 0.172625
2 0.7611640625 0.8938472222222222 0.0982109375 0.18848611111111113