0 0.12164843750000001 0.5446388888888889 0.0691953125 0.14880555555555555
0 0.224328125 0.5446388888888889 0.064734375 0.13690277777777776
0 0.321984375 0.5367083333333333 0.0814765625 0.1527777777777778
0 0.423546875 0.5347222222222222 0.068078125 0.16070833333333331
0 0.5234375 0.5357083333333333 0.0714296875 0.1388888888888889
0 0.627234375 0.5198472222222222 0.080359375 0.16666666666666666
0 0.724890625 0.5218194444444444 0.068078125 0.13491666666666666
0 0.828125 0.5257916666666667 0.0669609375 0.1388888888888889
2 0.447546875 0.748013888888889 0.109375 0.19444444444444445
2 0.5619453125 0.7470277777777778 0.11272656249999999 0.20833333333333334
2 0.67578125 0.7321388888888889 0.11495312499999999 0.18254166666666669
2 0.7901796875 0.7281805555555555 0.11383593750000001 0.17856944444444445
2 0.9040156250000001 0.7222222222222222 0.11160937500000001 0.1745972222222222
2 0.9815859375 0.7222222222222222 0.036828125 0.18254166666666669
2 0.7137265625 0.9117083333333332 0.1283515625 0.17658333333333334
2 0.8415156250000001 0.9107083333333333 0.125 0.17856944444444445
2 0.9525703125 0.9067500000000001 0.0948671875 0.18651388888888887