0 0.26953125 0.751986111111111 0.0703125 0.11508333333333333
0 0.232703125 0.6865138888888889 0.056921875 0.11904166666666666
0 0.33203125 0.6448472222222222 0.036828125 0.11904166666666666
0 0.388390625 0.5416666666666666 0.0669609375 0.11508333333333333
0 0.296875 0.44543055555555555 0.049109375 0.125
1 0.7003359375 0.7063472222222222 0.0323671875 0.4642916666666667
2 0.06278125 0.7504583333333333 0.0253828125 0.10923611111111112
2 0.08415625 0.6910833333333333 0.021374999999999998 0.10923611111111112
2 0.10118750000000001 0.6394305555555555 0.020703125 0.10568055555555556
2 0.11922656250000001 0.5895555555555556 0.0193671875 0.10330555555555555
2 0.1355859375 0.5450277777777778 0.018703125 0.09974999999999999
2 0.15028125 0.4987222222222222 0.018703125 0.097375
2 0.1656484375 0.4535972222222222 0.014695312499999998 0.1045
2 0.17933593750000001 0.41559722222222223 0.015359375 0.08787500000000001