0 0.193078125 0.5208333333333334 0.078125 0.2202361111111111
0 0.23382031250000002 0.4791666666666667 0.0457578125 0.20833333333333334
0 0.2935234375 0.45237499999999997 0.0691953125 0.202375
0 0.400671875 0.4652777777777778 0.053570312499999995 0.2162638888888889
0 0.470421875 0.44643055555555555 0.041296875 0.21031944444444445
0 0.47767968749999995 0.375 0.0691953125 0.18651388888888887
0 0.5228828125 0.37102777777777773 0.0479921875 0.19841666666666669
0 0.6127265625 0.33431944444444445 0.075890625 0.20040277777777776
2 0.041296875 0.11606944444444443 0.053570312499999995 0.1289722222222222
2 0.415734375 0.2916666666666667 0.052453125 0.1388888888888889
2 0.361046875 0.31745833333333334 0.0546875 0.1388888888888889
2 0.3058046875 0.3422638888888889 0.055804687500000005 0.13690277777777776
2 0.247765625 0.36309722222222224 0.0580390625 0.1428611111111111
2 0.1886171875 0.3859166666666667 0.060265625 0.14484722222222224
2 0.1255546875 0.4077361111111111 0.061382812499999995 0.13690277777777776
2 0.0128359375 0.4504027777777778 0.025671875 0.1547638888888889
2 0.091515625 0.4761944444444445 0.0982109375 0.10318055555555557
2 0.439171875 0.7053611111111111 0.061382812499999995 0.16070833333333331
2 0.5033515625 0.671625 0.064734375 0.15675
2 0.5675234375 0.6418611111111111 0.0591484375 0.1527777777777778
2 0.626671875 0.6140833333333333 0.0591484375 0.14880555555555555
2 0.6863828125 0.5863055555555555 0.0580390625 0.1527777777777778
2 0.744421875 0.5525833333333333 0.055804687500000005 0.14484722222222224
2 0.8002265625 0.5228194444444445 0.053570312499999995 0.140875
2 0.8537968749999999 0.4970277777777778 0.0513359375 0.14880555555555555