0 0.2109375 0.49602777777777773 0.044640625 0.21031944444444445
0 0.24944531250000002 0.4722222222222222 0.0390625 0.22619444444444448
0 0.3309140625 0.4553611111111111 0.052453125 0.22420833333333334
0 0.421875 0.4513888888888889 0.049109375 0.20833333333333334
0 0.47991406249999996 0.4305555555555556 0.049109375 0.21031944444444445
0 0.5278984375 0.3968194444444444 0.0513359375 0.21031944444444445
0 0.5809140625 0.3918611111111111 0.041296875 0.2162638888888889
0 0.689171875 0.36606944444444445 0.0502265625 0.20833333333333334
2 0.1004453125 0.10318055555555557 0.055804687500000005 0.11904166666666666
2 0.0401796875 0.11408333333333333 0.0580390625 0.1289722222222222
2 0.025671875 0.3620972222222222 0.0513359375 0.14880555555555555
2 0.0864921875 0.34425 0.068078125 0.14484722222222224
2 0.1534609375 0.3263888888888889 0.0636171875 0.125
2 0.21875 0.31348611111111113 0.0669609375 0.13095833333333334
2 0.283484375 0.29959722222222224 0.0625 0.12698611111111113
2 0.345984375 0.2847222222222222 0.060265625 0.1289722222222222
2 0.404578125 0.26884722222222224 0.056921875 0.12102777777777778
2 0.2935234375 0.5952361111111111 0.0669609375 0.15079166666666666
2 0.3638359375 0.5754027777777778 0.0714296875 0.15079166666666666
2 0.43303906249999996 0.5525833333333333 0.0669609375 0.1527777777777778
2 0.5 0.5347222222222222 0.0669609375 0.14880555555555555
2 0.568640625 0.5178611111111111 0.068078125 0.14681944444444445
2 0.635046875 0.49801388888888887 0.064734375 0.14681944444444445
2 0.700890625 0.48015277777777776 0.064734375 0.13095833333333334
2 0.765625 0.4642916666666667 0.060265625 0.1388888888888889
2 0.7042421875 0.8611111111111112 0.0736640625 0.15873611111111113
2 0.8532343750000001 0.7678611111111111 0.0747734375 0.06348611111111112
2 0.9268984375 0.7847222222222222 0.0703125 0.1527777777777778
2 0.9810234375 0.7767916666666667 0.0379453125 0.1527777777777778
2 0.779015625 0.8353194444444444 0.0691953125 0.15873611111111113