0 0.1183046875 0.5287638888888888 0.0736640625 0.24404166666666668
0 0.20647656250000002 0.5248055555555555 0.055804687500000005 0.25991666666666663
0 0.2918515625 0.5019861111111111 0.068078125 0.25397222222222227
0 0.44196093750000004 0.5188472222222222 0.0691953125 0.22818055555555555
0 0.46484375 0.44940277777777776 0.0502265625 0.19245833333333331
0 0.5496640625 0.4870972222222222 0.0479921875 0.2361111111111111
0 0.58203125 0.3928611111111111 0.0502265625 0.1547638888888889
0 0.6690859375 0.40675 0.061382812499999995 0.21824999999999997
0 0.73046875 0.375 0.0591484375 0.21429166666666666
2 0.064171875 0.12102777777777778 0.072546875 0.13491666666666666
2 0.015070312499999999 0.13095833333333334 0.0301328125 0.1388888888888889
2 0.057476562499999995 0.30754166666666666 0.0703125 0.15873611111111113
2 0.011164062499999999 0.32143055555555555 0.0223203125 0.1388888888888889
2 0.1316953125 0.29662499999999997 0.0736640625 0.140875
2 0.2393984375 0.3581388888888889 0.0971015625 0.04959722222222222
2 0.2846015625 0.27181944444444445 0.0580390625 0.13491666666666666
2 0.3856015625 0.33431944444444445 0.0971015625 0.03373611111111111
2 0.0401796875 0.5426527777777778 0.0736640625 0.14880555555555555
2 0.11942187500000001 0.5257916666666667 0.0825859375 0.14681944444444445
2 0.205359375 0.5079305555555556 0.0848203125 0.1547638888888889
2 0.2879453125 0.49206944444444445 0.075890625 0.1547638888888889
2 0.3666328125 0.4761944444444445 0.0770078125 0.15873611111111113
2 0.45424218749999995 0.5208333333333334 0.0892890625 0.05356944444444445
2 0.6060234375 0.43352777777777773 0.064734375 0.14484722222222224
2 0.67578125 0.42262500000000003 0.0747734375 0.13491666666666666
2 0.3833671875 0.7460277777777777 0.0859375 0.1745972222222222
2 0.470421875 0.7242083333333332 0.088171875 0.1706388888888889
2 0.55859375 0.7063472222222222 0.0859375 0.1706388888888889
2 0.6439765625 0.6894861111111111 0.0825859375 0.172625
2 0.73046875 0.6696388888888889 0.0859375 0.1686527777777778
2 0.81640625 0.6517916666666667 0.0859375 0.1686527777777778
2 0.90234375 0.6319444444444444 0.083703125 0.1686527777777778
2 0.9732109375 0.6180555555555556 0.053570312499999995 0.172625
2 0.8046875 0.9504027777777777 0.1004453125 0.09920833333333334
2 0.9028984375 0.9384861111111111 0.095984375 0.12301388888888888
2 0.9765625 0.9325416666666666 0.046875 0.13491666666666666