0 0.154578125 0.37897222222222227 0.0479921875 0.21031944444444445
0 0.2354921875 0.3779722222222222 0.0580390625 0.21230555555555558
0 0.334265625 0.37897222222222227 0.0658515625 0.2222222222222222
0 0.42466406250000005 0.36012500000000003 0.061382812499999995 0.20833333333333334
0 0.5245546875 0.35515277777777776 0.055804687500000005 0.2301527777777778
0 0.619421875 0.3472222222222222 0.060265625 0.2301527777777778
0 0.6986640625 0.34325 0.055804687500000005 0.2301527777777778
0 0.8035703125 0.3303611111111111 0.0736640625 0.2162638888888889
2 0.458703125 0.6547638888888889 0.09375 0.17856944444444445
2 0.5546875 0.6468194444444444 0.095984375 0.17856944444444445
2 0.654015625 0.6418611111111111 0.1026796875 0.18848611111111113
2 0.7533515625 0.6269861111111111 0.091515625 0.16666666666666666
2 0.8493281250000001 0.6190416666666666 0.09375 0.1706388888888889
2 0.9441953125 0.6081388888888889 0.095984375 0.172625
2 0.9815859375 0.9017916666666667 0.036828125 0.19643055555555555