0 0.185265625 0.6130972222222222 0.0848203125 0.21031944444444445
0 0.2723203125 0.5704305555555556 0.060265625 0.20040277777777776
0 0.3465390625 0.5694444444444444 0.0658515625 0.24602777777777776
0 0.5089296875 0.5922638888888889 0.0580390625 0.25991666666666663
0 0.49888281250000005 0.4642916666666667 0.0848203125 0.13095833333333334
0 0.618859375 0.5287638888888888 0.0591484375 0.2361111111111111
0 0.5792421875 0.39484722222222224 0.078125 0.1071388888888889
0 0.6958671875 0.4027777777777778 0.072546875 0.11904166666666666
0 0.6947578125 0.32837500000000003 0.052453125 0.10119444444444445
2 0.0245546875 0.14484722222222224 0.049109375 0.14681944444444445
2 0.357703125 0.2986111111111111 0.0658515625 0.140875
2 0.2890625 0.3125 0.0669609375 0.14484722222222224
2 0.21930468749999998 0.3293611111111111 0.072546875 0.15079166666666666
2 0.1484375 0.3452361111111111 0.0691953125 0.14681944444444445
2 0.0753359375 0.36606944444444445 0.0770078125 0.1527777777777778
2 0.017296875 0.37995833333333334 0.0346015625 0.16070833333333331
2 0.1478828125 0.6537638888888888 0.072546875 0.16468055555555555
2 0.22265625 0.6210277777777777 0.0770078125 0.16269444444444445
2 0.303015625 0.5992083333333333 0.0814765625 0.1547638888888889
2 0.3833671875 0.5744027777777778 0.0770078125 0.16070833333333331
2 0.4609375 0.5525833333333333 0.075890625 0.1527777777777778
2 0.5346015625 0.5287638888888888 0.0691953125 0.15675
2 0.607140625 0.5049583333333333 0.075890625 0.16468055555555555
2 0.6824765625 0.4861111111111111 0.0703125 0.16666666666666666
2 0.7505546875 0.46626388888888887 0.0658515625 0.15873611111111113
2 0.591515625 0.890875 0.080359375 0.19444444444444445
2 0.673546875 0.8611111111111112 0.0792421875 0.18651388888888887
2 0.755578125 0.8353194444444444 0.0848203125 0.18254166666666669
2 0.8415156250000001 0.810513888888889 0.0825859375 0.18055555555555555
2 0.9235468750000001 0.7807499999999999 0.0792421875 0.1845277777777778
2 0.9821406250000001 0.7609166666666667 0.0357109375 0.1686527777777778