0 0.1222109375 0.4761944444444445 0.0502265625 0.22619444444444448
0 0.21539843749999998 0.4890833333333333 0.0580390625 0.23213888888888887
0 0.3013359375 0.4722222222222222 0.0625 0.21429166666666666
0 0.3794609375 0.4613055555555555 0.0513359375 0.2162638888888889
0 0.44085156249999996 0.45734722222222224 0.046875 0.24404166666666668
0 0.5496640625 0.4484166666666667 0.0591484375 0.21429166666666666
0 0.6417421875 0.4543611111111111 0.044640625 0.2063472222222222
0 0.7075859375 0.4484166666666667 0.0424140625 0.21824999999999997
0 0.78125 0.4513888888888889 0.044640625 0.21230555555555558
2 0.0753359375 0.5099166666666667 0.0792421875 0.1547638888888889
2 0.5033515625 0.4791666666666667 0.078125 0.13690277777777776
2 0.42689843749999995 0.4821388888888889 0.0814765625 0.13491666666666666
2 0.3487734375 0.4870972222222222 0.072546875 0.1289722222222222
2 0.28515625 0.6388888888888888 0.0903984375 0.16666666666666666
2 0.3755546875 0.6359166666666667 0.0926328125 0.16468055555555555
2 0.46819531249999996 0.6299583333333333 0.0926328125 0.16070833333333331
2 0.5591484375 0.6269861111111111 0.0892890625 0.15873611111111113
2 0.6484375 0.6190416666666666 0.0892890625 0.1547638888888889
2 0.7388359375 0.6150833333333333 0.091515625 0.15079166666666666
2 0.8286796875 0.6111111111111112 0.088171875 0.1547638888888889
2 0.9185234375 0.6041666666666666 0.091515625 0.1527777777777778
2 0.9815859375 0.6011944444444445 0.036828125 0.1547638888888889
2 0.5228828125 0.7986111111111112 0.1015625 0.18055555555555555
2 0.623328125 0.7956388888888889 0.099328125 0.1904722222222222
2 0.7237734375 0.7569444444444444 0.1015625 0.125
2 0.8253359375 0.7827361111111112 0.1015625 0.1845277777777778
2 0.9268984375 0.7738055555555555 0.1015625 0.1745972222222222
2 0.82421875 0.9474166666666667 0.11272656249999999 0.10515277777777778
2 0.9397343749999999 0.9444444444444444 0.12053906249999999 0.1111111111111111