0 0.2706484375 0.7123055555555555 0.0971015625 0.26190277777777776
0 0.134484375 0.5396805555555555 0.1395078125 0.1547638888888889
0 0.396203125 0.6180555555555556 0.0982109375 0.2638888888888889
0 0.568640625 0.6180555555555556 0.11495312499999999 0.24404166666666668
0 0.6534609375 0.5327361111111111 0.056921875 0.23213888888888887
0 0.5284609375 0.5099166666666667 0.056921875 0.21429166666666666
0 0.4765625 0.3680555555555556 0.0714296875 0.13293055555555555
0 0.5479921875 0.27679166666666666 0.095984375 0.13690277777777776
0 0.6199765625 0.3720277777777778 0.061382812499999995 0.20040277777777776
2 0.12444531249999999 0.7063472222222222 0.0636171875 0.19841666666666669
2 0.3643984375 0.5327361111111111 0.056921875 0.17658333333333334
2 0.7918515625 0.9236111111111112 0.0546875 0.1527777777777778
2 0.8482109375 0.8918611111111111 0.0580390625 0.18848611111111113
2 0.9073671875 0.8442500000000001 0.0580390625 0.18848611111111113
2 0.9637265625 0.8045694444444444 0.056921875 0.18848611111111113
2 0.4453125 0.5684583333333334 0.1160703125 0.08531944444444445
2 0.5786796875 0.38293055555555555 0.0502265625 0.1706388888888889
2 0.5228828125 0.4245972222222222 0.0479921875 0.1547638888888889
2 0.279578125 0.6388888888888888 0.0926328125 0.0952361111111111
2 0.0513359375 0.21824999999999997 0.0513359375 0.16269444444444445