0 0.16015625 0.5218194444444444 0.0636171875 0.24602777777777776
0 0.259484375 0.514875 0.0636171875 0.24801388888888887
0 0.3621640625 0.5019861111111111 0.052453125 0.24602777777777776
0 0.454796875 0.5029722222222222 0.0636171875 0.24801388888888887
0 0.5050234375 0.46626388888888887 0.0636171875 0.24206944444444442
0 0.5965390625 0.4642916666666667 0.061382812499999995 0.2301527777777778
0 0.6690859375 0.41765277777777776 0.072546875 0.22420833333333334
0 0.736609375 0.4404722222222222 0.053570312499999995 0.24206944444444442
0 0.7806953125 0.4126944444444444 0.0546875 0.21429166666666666
2 0.11383593750000001 0.2043611111111111 0.0625 0.13491666666666666
2 0.0457578125 0.2043611111111111 0.0669609375 0.12301388888888888
2 0.072546875 0.35318055555555555 0.0714296875 0.14681944444444445
2 0.017296875 0.3611111111111111 0.0346015625 0.14681944444444445
2 0.1082578125 0.5386944444444445 0.080359375 0.1527777777777778
2 0.1981015625 0.5327361111111111 0.0859375 0.13293055555555555
2 0.2801328125 0.5188472222222222 0.0892890625 0.1527777777777778
2 0.3627265625 0.5029722222222222 0.080359375 0.16468055555555555
2 0.44252343749999995 0.49504166666666666 0.0814765625 0.1527777777777778
2 0.5301328125 0.4831388888888889 0.0892890625 0.1527777777777778
2 0.619421875 0.5337361111111112 0.1004453125 0.09126388888888888
2 0.6830390625 0.4613055555555555 0.078125 0.1527777777777778
2 0.7628359375 0.4583333333333333 0.0747734375 0.13491666666666666
2 0.44866406249999996 0.7410694444444446 0.0892890625 0.172625
2 0.5396171875 0.7281805555555555 0.0948671875 0.1745972222222222
2 0.6328125 0.7093194444444444 0.091515625 0.18055555555555555
2 0.7232109375 0.6954305555555556 0.0892890625 0.17658333333333334
2 0.8125 0.6815416666666666 0.0870546875 0.18055555555555555
2 0.9012265625 0.6676527777777778 0.0859375 0.18055555555555555
2 0.9709843749999999 0.6567500000000001 0.0580390625 0.1745972222222222
2 0.8922968750000001 0.9523750000000001 0.1082578125 0.0952361111111111
2 0.9743281250000001 0.9454305555555556 0.0513359375 0.10912499999999999