0 0.1356015625 0.6319444444444444 0.0903984375 0.2956388888888889
0 0.213171875 0.5634861111111111 0.075890625 0.2738055555555555
0 0.2801328125 0.5525833333333333 0.080359375 0.3194444444444444
0 0.482703125 0.5734166666666667 0.099328125 0.3015833333333333
0 0.49163281249999996 0.3779722222222222 0.083703125 0.2797638888888889
0 0.625 0.5575416666666667 0.053570312499999995 0.31348611111111113
0 0.678015625 0.5079305555555556 0.068078125 0.297625
0 0.732703125 0.4345277777777778 0.0546875 0.28968055555555555
2 0.0831484375 0.171625 0.0658515625 0.16468055555555555
2 0.0262265625 0.17956944444444442 0.0479921875 0.16468055555555555
2 0.0424140625 0.49008333333333337 0.075890625 0.202375
2 0.1796875 0.5495972222222222 0.140625 0.07936111111111112
2 0.2237734375 0.4265833333333333 0.0770078125 0.17856944444444445
2 0.33984375 0.5049583333333333 0.1171875 0.06944444444444445
2 0.3939765625 0.38293055555555555 0.0736640625 0.17856944444444445
2 0.470421875 0.36309722222222224 0.0770078125 0.1706388888888889
2 0.5479921875 0.34920833333333334 0.0736640625 0.17856944444444445
2 0.41852343750000004 0.8234166666666667 0.09375 0.24206944444444442
2 0.5161796875 0.7876944444444445 0.1015625 0.2301527777777778
2 0.6138359375 0.7529722222222222 0.0892890625 0.20833333333333334
2 0.7059140625 0.7152777777777778 0.0948671875 0.20040277777777776
2 0.80078125 0.6845277777777778 0.0903984375 0.21824999999999997
2 0.8883906250000001 0.6547638888888889 0.0825859375 0.21429166666666666
2 0.9681953125 0.6379027777777778 0.0636171875 0.20833333333333334