0 0.150109375 0.7688472222222222 0.0814765625 0.1527777777777778
0 0.2472109375 0.7470277777777778 0.0814765625 0.1686527777777778
0 0.3409609375 0.7370972222222223 0.0792421875 0.16070833333333331
0 0.45257031249999996 0.7271805555555556 0.0792421875 0.172625
0 0.5541328125 0.7192500000000001 0.072546875 0.16070833333333331
0 0.650109375 0.7182499999999999 0.072546875 0.15079166666666666
0 0.7578125 0.7103194444444445 0.0736640625 0.1547638888888889
0 0.8599296875 0.7103194444444445 0.0747734375 0.1547638888888889
2 0.6796875 0.9742083333333332 0.1160703125 0.051583333333333335
2 0.795203125 0.9712361111111111 0.11272656249999999 0.057541666666666665
2 0.9107109375 0.9672638888888888 0.11160937500000001 0.06547222222222222
2 0.9832578125 0.9613055555555555 0.033484375 0.077375