0 0.1339296875 0.4722222222222222 0.0691953125 0.16666666666666666
0 0.236046875 0.46031944444444445 0.0814765625 0.1745972222222222
0 0.330359375 0.45237499999999997 0.0669609375 0.1547638888888889
0 0.5239921875 0.42559722222222224 0.0703125 0.15675
0 0.713171875 0.39087500000000003 0.078125 0.1745972222222222
0 0.8002265625 0.3759861111111111 0.0669609375 0.1527777777777778
2 0.5089296875 0.9067500000000001 0.10491406249999999 0.18651388888888887
2 0.6177421875 0.890875 0.10379687500000001 0.18651388888888887
2 0.7271171875 0.8779722222222222 0.10602343750000001 0.18848611111111113
2 0.8348203125 0.8640833333333333 0.10714062499999999 0.1845277777777778
2 0.9447578125 0.8531805555555555 0.1082578125 0.18651388888888887