0 0.14453125 0.3640833333333333 0.0636171875 0.13293055555555555
0 0.23828125 0.36012500000000003 0.061382812499999995 0.125
0 0.3370546875 0.35912499999999997 0.0714296875 0.11904166666666666
0 0.4296875 0.34325 0.078125 0.12698611111111113
0 0.5234375 0.33134722222222224 0.075890625 0.12698611111111113
0 0.607703125 0.32837500000000003 0.0658515625 0.1289722222222222
0 0.7003359375 0.3194444444444444 0.0658515625 0.13095833333333334
0 0.7879453125 0.31448611111111113 0.0669609375 0.13293055555555555
2 0.5948671875 0.6924583333333333 0.1004453125 0.18254166666666669
2 0.700890625 0.6855138888888889 0.1004453125 0.1845277777777778
2 0.8030156249999999 0.6755972222222222 0.099328125 0.19245833333333331
2 0.90625 0.671625 0.1026796875 0.19643055555555555
2 0.9799140625 0.6597222222222222 0.0401796875 0.20040277777777776