2 0.0703125 0.15376388888888887 0.0736640625 0.14880555555555555
0 0.11104687499999999 0.5922638888888889 0.0948671875 0.2837361111111111
0 0.2137265625 0.514875 0.088171875 0.140875
0 0.290734375 0.48015277777777776 0.083703125 0.15873611111111113
0 0.48325781250000005 0.5625 0.0825859375 0.29959722222222224
0 0.5619453125 0.375 0.0658515625 0.16269444444444445
0 0.583703125 0.5486111111111112 0.0736640625 0.2876944444444444
0 0.6752265625 0.5049583333333333 0.080359375 0.2916666666666667
0 0.799109375 0.4136944444444445 0.091515625 0.2162638888888889
2 0.0161796875 0.16568055555555555 0.0323671875 0.16468055555555555
2 0.084265625 0.35515277777777776 0.0814765625 0.1706388888888889
2 0.170203125 0.33829166666666666 0.0903984375 0.172625
2 0.2578125 0.3293611111111111 0.0870546875 0.1706388888888889
2 0.342078125 0.3154722222222222 0.0814765625 0.1706388888888889
2 0.42299218749999995 0.30754166666666666 0.078125 0.17856944444444445
2 0.083703125 0.6369027777777778 0.1026796875 0.202375
2 0.204796875 0.6170694444444444 0.11272656249999999 0.1706388888888889
2 0.287390625 0.5932499999999999 0.0948671875 0.19444444444444445
2 0.41517968749999995 0.6180555555555556 0.140625 0.06151388888888889
2 0.4921875 0.5565416666666666 0.0870546875 0.19643055555555555
2 0.580359375 0.5367083333333333 0.09375 0.18848611111111113
2 0.674109375 0.5208333333333334 0.09375 0.18848611111111113
2 0.7661796875 0.4990138888888889 0.088171875 0.1845277777777778
2 0.8560234375 0.49008333333333337 0.0870546875 0.18254166666666669
2 0.5747734375 0.8968194444444445 0.10714062499999999 0.2063472222222222
2 0.685828125 0.8759861111111111 0.1104921875 0.2202361111111111
2 0.796875 0.859125 0.109375 0.2301527777777778
2 0.9068046875 0.8373055555555555 0.1104921875 0.2301527777777778
2 0.9810234375 0.8184583333333333 0.0379453125 0.22818055555555555