0 0.19140625 0.4702361111111111 0.0546875 0.24206944444444442
0 0.24163281250000002 0.4513888888888889 0.0591484375 0.22818055555555555
0 0.3314765625 0.4305555555555556 0.060265625 0.22619444444444448
0 0.41294531250000005 0.4365138888888889 0.060265625 0.22619444444444448
0 0.482703125 0.4236111111111111 0.0546875 0.23213888888888887
0 0.5318046875 0.3819444444444444 0.052453125 0.2043611111111111
0 0.5971015625 0.38293055555555555 0.060265625 0.21429166666666666
0 0.7103828125 0.3720277777777778 0.052453125 0.22818055555555555
2 0.1690859375 0.11408333333333333 0.0546875 0.125
2 0.1082578125 0.12301388888888888 0.0625 0.13095833333333334
2 0.0401796875 0.13095833333333334 0.0625 0.12698611111111113
2 0.0440859375 0.35615277777777776 0.072546875 0.14484722222222224
2 0.1171875 0.34325 0.0714296875 0.14681944444444445
2 0.189734375 0.3293611111111111 0.0714296875 0.1388888888888889
2 0.259484375 0.3154722222222222 0.068078125 0.1388888888888889
2 0.3292421875 0.30258333333333337 0.0669609375 0.140875
2 0.3956484375 0.29265277777777776 0.0636171875 0.13690277777777776
2 0.4765625 0.29662499999999997 0.0736640625 0.10912499999999999
2 0.29296875 0.5833333333333334 0.0747734375 0.1428611111111111
2 0.3705390625 0.5694444444444444 0.078125 0.15079166666666666
2 0.44642968749999995 0.5535694444444444 0.0714296875 0.14681944444444445
2 0.51953125 0.5386944444444445 0.072546875 0.1527777777777778
2 0.5926328125 0.5208333333333334 0.0714296875 0.14880555555555555
2 0.6646171875 0.5099166666666667 0.0703125 0.14681944444444445
2 0.7354921875 0.49504166666666666 0.0691953125 0.14484722222222224
2 0.8041328125 0.4761944444444445 0.0636171875 0.15079166666666666
2 0.674109375 0.8462361111111111 0.075890625 0.1686527777777778
2 0.7533515625 0.8244027777777778 0.078125 0.172625
2 0.8348203125 0.7579305555555556 0.0825859375 0.07540277777777778
2 0.9146171875 0.7807499999999999 0.0747734375 0.1527777777777778
2 0.9765625 0.7748055555555555 0.046875 0.1686527777777778