0 0.1065859375 0.5297638888888889 0.0770078125 0.16269444444444445
0 0.20257031250000002 0.5248055555555555 0.068078125 0.14484722222222224
0 0.2979921875 0.5109166666666667 0.0736640625 0.14880555555555555
0 0.385046875 0.5009861111111111 0.0691953125 0.14880555555555555
0 0.478796875 0.48809722222222224 0.064734375 0.15079166666666666
0 0.56640625 0.48115277777777776 0.0703125 0.14484722222222224
0 0.6517890625 0.47123611111111113 0.0691953125 0.13293055555555555
0 0.744421875 0.45734722222222224 0.0669609375 0.14880555555555555
0 0.828125 0.44741666666666663 0.064734375 0.14880555555555555
2 0.529578125 0.8095277777777778 0.1015625 0.18651388888888887
2 0.6316953125 0.796625 0.1004453125 0.1845277777777778
2 0.7332578125 0.7807499999999999 0.1026796875 0.1845277777777778
2 0.8376093750000001 0.7708333333333334 0.10602343750000001 0.1845277777777778
2 0.9419609375 0.7599166666666667 0.1004453125 0.17856944444444445
2 0.8722109375 0.9662638888888889 0.11272656249999999 0.06745833333333333
2 0.9653984375 0.9623055555555555 0.0691953125 0.07540277777777778