0 0.174109375 0.43948611111111113 0.055804687500000005 0.2162638888888889
0 0.2293515625 0.4206388888888889 0.056921875 0.21429166666666666
0 0.3208671875 0.4107083333333333 0.0546875 0.2301527777777778
0 0.400109375 0.40376388888888887 0.0591484375 0.2202361111111111
0 0.48828125 0.3998055555555556 0.056921875 0.21230555555555558
0 0.5541328125 0.3779722222222222 0.0479921875 0.2202361111111111
0 0.6216484375 0.37102777777777773 0.0580390625 0.21824999999999997
0 0.73046875 0.35515277777777776 0.061382812499999995 0.22619444444444448
2 0.302453125 0.1577361111111111 0.0669609375 0.13293055555555555
2 0.232140625 0.16568055555555555 0.0691953125 0.13293055555555555
2 0.178015625 0.25 0.099328125 0.051583333333333335
2 0.0831484375 0.18055555555555555 0.0658515625 0.13491666666666666
2 0.0228828125 0.18848611111111113 0.0457578125 0.1388888888888889
2 0.053015625 0.40575 0.0770078125 0.14880555555555555
2 0.1322578125 0.3958333333333333 0.0814765625 0.1527777777777778
2 0.21428906250000002 0.38987499999999997 0.0825859375 0.1527777777777778
2 0.296875 0.375 0.0825859375 0.15079166666666666
2 0.3761171875 0.36309722222222224 0.0691953125 0.15079166666666666
2 0.453125 0.35218055555555555 0.0825859375 0.1527777777777778
2 0.529578125 0.3412638888888889 0.068078125 0.1547638888888889
2 0.59765625 0.3363055555555555 0.068078125 0.14880555555555555
2 0.3627265625 0.6279722222222222 0.0825859375 0.1527777777777778
2 0.446984375 0.6160694444444444 0.083703125 0.16070833333333331
2 0.5301328125 0.6031805555555556 0.0825859375 0.16269444444444445
2 0.6121640625 0.5902777777777778 0.0814765625 0.16070833333333331
2 0.6953125 0.5803611111111111 0.0825859375 0.16070833333333331
2 0.7762265625 0.5664722222222223 0.0792421875 0.15675
2 0.8549140625 0.5545694444444444 0.078125 0.15675
2 0.9358281249999999 0.5406805555555556 0.0747734375 0.1527777777777778
2 0.73046875 0.890875 0.088171875 0.17856944444444445
2 0.9810234375 0.8531805555555555 0.0379453125 0.17856944444444445