0 0.15625 0.5535694444444444 0.060265625 0.21824999999999997
0 0.2533515625 0.546625 0.055804687500000005 0.22818055555555555
0 0.345984375 0.5297638888888889 0.0580390625 0.21824999999999997
0 0.42633593750000004 0.5386944444444445 0.0669609375 0.19643055555555555
0 0.525109375 0.5119027777777778 0.052453125 0.2301527777777778
0 0.619421875 0.5109166666666667 0.055804687500000005 0.22420833333333334
0 0.703125 0.49602777777777773 0.0625 0.21429166666666666
0 0.795203125 0.47420833333333334 0.0546875 0.21429166666666666
0 0.8755546875 0.4593194444444444 0.061382812499999995 0.21230555555555558
2 0.450890625 0.7827361111111112 0.09375 0.18848611111111113
2 0.5457578125 0.7678611111111111 0.0982109375 0.18651388888888887
2 0.64453125 0.7569444444444444 0.0971015625 0.1845277777777778
2 0.7427421875 0.7450416666666666 0.099328125 0.1845277777777778
2 0.8420781249999999 0.7321388888888889 0.0971015625 0.17856944444444445
2 0.9402890625 0.7192500000000001 0.0971015625 0.18055555555555555
2 0.7784609375 0.9484166666666667 0.10602343750000001 0.10318055555555557
2 0.8861640625 0.9404722222222222 0.11160937500000001 0.11904166666666666
2 0.9721015625 0.935513888888889 0.055804687500000005 0.1289722222222222