0 0.197546875 0.5099166666666667 0.0736640625 0.2063472222222222
0 0.24664843749999998 0.4761944444444445 0.0424140625 0.19841666666666669
0 0.31640625 0.4504027777777778 0.068078125 0.19841666666666669
0 0.412390625 0.4583333333333333 0.061382812499999995 0.2222222222222222
0 0.48325781250000005 0.4245972222222222 0.0691953125 0.19444444444444445
0 0.5011171875 0.3740138888888889 0.0580390625 0.172625
0 0.5479921875 0.3720277777777778 0.046875 0.20833333333333334
0 0.6339296875 0.34820833333333334 0.0714296875 0.21230555555555558
2 0.1875 0.171625 0.049109375 0.12102777777777778
2 0.134484375 0.19147222222222224 0.056921875 0.12102777777777778
2 0.0747734375 0.20833333333333334 0.0580390625 0.13095833333333334
2 0.0223203125 0.2301527777777778 0.044640625 0.13491666666666666
2 0.138953125 0.5218194444444444 0.0636171875 0.1388888888888889
2 0.3984375 0.42956944444444445 0.064734375 0.16468055555555555
2 0.3309140625 0.4553611111111111 0.068078125 0.15675
2 0.2120546875 0.514875 0.0736640625 0.12102777777777778
2 0.267296875 0.48015277777777776 0.0591484375 0.14681944444444445
2 0.46038281249999996 0.40079166666666666 0.0591484375 0.14681944444444445
2 0.513953125 0.375 0.0457578125 0.15873611111111113
2 0.5625 0.3541666666666667 0.0513359375 0.140875
2 0.5864921875 0.7827361111111112 0.061382812499999995 0.15675
2 0.6517890625 0.7490138888888889 0.0669609375 0.16070833333333331
2 0.717078125 0.7172638888888888 0.0636171875 0.14880555555555555
2 0.779015625 0.6884861111111111 0.060265625 0.15873611111111113
2 0.8403984375 0.6617083333333333 0.060265625 0.14484722222222224
2 0.9028984375 0.6309583333333334 0.060265625 0.1547638888888889
2 0.9626093750000001 0.6021805555555555 0.056921875 0.14880555555555555