0 0.169640625 0.3779722222222222 0.078125 0.140875
0 0.2533515625 0.37698611111111113 0.0870546875 0.11904166666666666
0 0.349890625 0.34920833333333334 0.0814765625 0.1071388888888889
0 0.42633593750000004 0.3422638888888889 0.075890625 0.10515277777777778
0 0.5184140625 0.3511944444444445 0.0814765625 0.12301388888888888
0 0.6010078125 0.33134722222222224 0.0770078125 0.1111111111111111
0 0.6847109375 0.32241666666666663 0.0814765625 0.09722222222222222
0 0.7745546875 0.2956388888888889 0.0848203125 0.15079166666666666
2 0.1729921875 0.4831388888888889 0.0825859375 0.15675
2 0.2606015625 0.4761944444444445 0.088171875 0.1547638888888889
2 0.349328125 0.46825 0.0825859375 0.16269444444444445
2 0.43414843750000004 0.4583333333333333 0.0848203125 0.15873611111111113
2 0.517859375 0.4484166666666667 0.080359375 0.1706388888888889
2 0.603234375 0.44345833333333334 0.083703125 0.16070833333333331
2 0.6863828125 0.43154166666666666 0.080359375 0.16468055555555555
2 0.7684140625 0.4245972222222222 0.0792421875 0.15873611111111113
2 0.47767968749999995 0.7123055555555555 0.0892890625 0.1745972222222222
2 0.5714296875 0.702375 0.09375 0.1745972222222222
2 0.6646171875 0.6904722222222222 0.0903984375 0.1745972222222222
2 0.756140625 0.6825416666666667 0.0903984375 0.17856944444444445
2 0.8471015625 0.671625 0.0892890625 0.1686527777777778
2 0.9363828125 0.6617083333333333 0.0870546875 0.1686527777777778
2 0.9905156249999999 0.6567500000000001 0.0189765625 0.1745972222222222