0 0.11495312499999999 0.49602777777777773 0.0580390625 0.25
0 0.2254453125 0.4870972222222222 0.055804687500000005 0.24008333333333334
0 0.2890625 0.4642916666666667 0.0513359375 0.24206944444444442
0 0.424109375 0.4732083333333333 0.0669609375 0.24801388888888887
0 0.47544531250000005 0.44643055555555555 0.046875 0.2301527777777778
0 0.5597109375 0.44543055555555555 0.0502265625 0.21230555555555558
0 0.6121640625 0.42559722222222224 0.0457578125 0.23213888888888887
0 0.703125 0.4017916666666667 0.046875 0.25198611111111113
0 0.786828125 0.37897222222222227 0.060265625 0.2222222222222222
2 0.0496640625 0.4384861111111111 0.083703125 0.16269444444444445
2 0.135046875 0.4245972222222222 0.0870546875 0.15079166666666666
2 0.2265625 0.4384861111111111 0.0870546875 0.09126388888888888
2 0.306921875 0.40376388888888887 0.0825859375 0.14880555555555555
2 0.3895078125 0.3928611111111111 0.080359375 0.15079166666666666
2 0.5574765625 0.3680555555555556 0.0747734375 0.1527777777777778
2 0.630578125 0.3571388888888889 0.0714296875 0.14681944444444445
2 0.256140625 0.6279722222222222 0.083703125 0.172625
2 0.345421875 0.6170694444444444 0.0948671875 0.16666666666666666
2 0.4375 0.6011944444444445 0.0848203125 0.16666666666666666
2 0.525109375 0.5873055555555555 0.088171875 0.16666666666666666
2 0.6121640625 0.5724166666666667 0.083703125 0.16070833333333331
2 0.697546875 0.5575416666666667 0.0825859375 0.15873611111111113
2 0.7846015625 0.546625 0.0892890625 0.16070833333333331
2 0.8716484375 0.5327361111111111 0.0848203125 0.16070833333333331
2 0.95703125 0.5208333333333334 0.0859375 0.15675
2 0.587609375 0.8313472222222222 0.0926328125 0.18651388888888887
2 0.6824765625 0.8154722222222222 0.0971015625 0.18651388888888887
2 0.77734375 0.8005972222222222 0.0926328125 0.18055555555555555
2 0.8733281249999999 0.7857083333333333 0.099328125 0.17856944444444445
2 0.9614921875 0.7757916666666668 0.0770078125 0.18254166666666669