0 0.174109375 0.6646805555555555 0.0870546875 0.11508333333333333
0 0.2622734375 0.6636944444444445 0.0669609375 0.19245833333333331
0 0.375 0.6527777777777778 0.0714296875 0.13095833333333334
0 0.459265625 0.6478194444444445 0.0636171875 0.12102777777777778
0 0.5362734375 0.6349166666666667 0.0703125 0.10318055555555557
0 0.6183046875 0.6359166666666667 0.0736640625 0.125
0 0.705359375 0.6150833333333333 0.0669609375 0.1388888888888889
0 0.775109375 0.6259861111111111 0.068078125 0.14880555555555555
2 0.20758593749999998 0.7430555555555556 0.09375 0.07341666666666667
2 0.2979921875 0.7420694444444444 0.0825859375 0.08333333333333333
2 0.384484375 0.7738055555555555 0.0859375 0.1706388888888889
2 0.46930468750000004 0.7619027777777778 0.083703125 0.1706388888888889
2 0.552453125 0.751986111111111 0.0848203125 0.15873611111111113
2 0.6378359375 0.748013888888889 0.0814765625 0.15873611111111113
2 0.720421875 0.7400833333333333 0.083703125 0.15873611111111113
2 0.8046875 0.7321388888888889 0.0848203125 0.1547638888888889
2 0.5385078125 0.9434583333333333 0.0948671875 0.11309722222222224
2 0.6339296875 0.935513888888889 0.091515625 0.1289722222222222
2 0.7265625 0.9325416666666666 0.091515625 0.13491666666666666
2 0.9107109375 0.9285694444444446 0.0848203125 0.1428611111111111
2 0.9776796875 0.921625 0.044640625 0.15675