0 0.1358515625 0.5231527777777778 0.0651015625 0.11727777777777777
0 0.224828125 0.5200555555555556 0.064234375 0.120375
0 0.3190078125 0.5154305555555556 0.0616328125 0.11419444444444445
0 0.40364843749999996 0.5115694444444444 0.06596874999999999 0.11573611111111111
0 0.49088281250000004 0.504625 0.0598984375 0.120375
0 0.5807265625 0.5084861111111111 0.060765625000000004 0.11265277777777778
0 0.66796875 0.5084861111111111 0.0633671875 0.10030555555555555
0 0.7495625 0.49845833333333334 0.0651015625 0.11727777777777777
0 0.8307265625 0.49459722222222224 0.05903125 0.11573611111111111
2 0.424046875 0.6929027777777778 0.0963515625 0.16975
2 0.5212656250000001 0.6890416666666667 0.0946171875 0.17129166666666668
2 0.62065625 0.6820972222222222 0.095484375 0.16666666666666666
2 0.7183125 0.6751527777777778 0.0946171875 0.16204166666666667
2 0.81640625 0.6736111111111112 0.0963515625 0.16204166666666667
2 0.9145 0.6697500000000001 0.0963515625 0.1605
2 0.9813359374999999 0.6666666666666666 0.037328125000000004 0.15740277777777778
2 0.6588515625 0.8518472222222223 0.10416406250000002 0.19136111111111112
2 0.7643203125 0.8456805555555555 0.10503124999999999 0.18518055555555557
2 0.8719609374999999 0.8410555555555554 0.10677343749999998 0.18518055555555557
2 0.9631093749999999 0.834875 0.07378124999999999 0.17901388888888886
2 0.93359375 0.9675972222222222 0.1328125 0.06481944444444444