0 0.2254453125 0.6904722222222222 0.055804687500000005 0.1706388888888889
0 0.271765625 0.6676527777777778 0.056921875 0.21230555555555558
0 0.385046875 0.6775833333333333 0.0513359375 0.19643055555555555
0 0.45814843749999995 0.6775833333333333 0.056921875 0.20833333333333334
0 0.5150703125 0.6696388888888889 0.041296875 0.2162638888888889
0 0.6183046875 0.6656805555555556 0.060265625 0.20833333333333334
0 0.669640625 0.6379027777777778 0.0379453125 0.2162638888888889
0 0.7338203125 0.6428611111111111 0.0502265625 0.21429166666666666
2 0.252234375 0.46626388888888887 0.0625 0.1388888888888889
2 0.1841484375 0.47420833333333334 0.0714296875 0.1388888888888889
2 0.1160703125 0.48015277777777776 0.0669609375 0.1388888888888889
2 0.068640625 0.5535694444444444 0.0814765625 0.03968055555555556
2 0.033484375 0.6686527777777778 0.0625 0.1547638888888889
2 0.1886171875 0.6468194444444444 0.064734375 0.14681944444444445
2 0.2583671875 0.6349166666666667 0.072546875 0.1388888888888889
2 0.41127343749999995 0.6180555555555556 0.0658515625 0.140875
2 0.47711718750000004 0.6051527777777778 0.0636171875 0.1388888888888889
2 0.5474296875 0.5972222222222222 0.0703125 0.14681944444444445
2 0.435265625 0.8234166666666667 0.078125 0.15873611111111113
2 0.513953125 0.8125 0.0747734375 0.1686527777777778
2 0.591515625 0.7986111111111112 0.078125 0.1527777777777778
2 0.670203125 0.7896805555555556 0.0747734375 0.15079166666666666
2 0.7433046875 0.7787638888888889 0.0714296875 0.15675
2 0.8191953125 0.7539722222222223 0.080359375 0.13095833333333334
2 0.8962031250000001 0.7609166666666667 0.0714296875 0.15675
2 0.734375 0.9751944444444445 0.0825859375 0.04959722222222222
2 0.8219843750000001 0.9682499999999999 0.088171875 0.06348611111111112
2 0.9073671875 0.9623055555555555 0.080359375 0.07540277777777778
2 0.9743281250000001 0.9563472222222222 0.0513359375 0.08730555555555555