0 0.24664843749999998 0.6805555555555556 0.060265625 0.1111111111111111
0 0.2940859375 0.7648750000000001 0.0435234375 0.1289722222222222
0 0.337609375 0.6388888888888888 0.0591484375 0.1071388888888889
0 0.3989921875 0.5416666666666666 0.041296875 0.12698611111111113
0 0.310265625 0.4484166666666667 0.060265625 0.1111111111111111
2 0.0317734375 0.7607916666666666 0.025609375 0.10705555555555556
2 0.0526328125 0.6967361111111111 0.024656249999999998 0.102
2 0.070890625 0.6453055555555556 0.0194453125 0.09356944444444446
2 0.0884375 0.5947361111111111 0.0213359375 0.09694444444444444
2 0.10384374999999998 0.5492083333333333 0.01896875 0.0952638888888889
2 0.11973437499999999 0.5015833333333333 0.020390625000000002 0.08936111111111111
2 0.13371875 0.45775 0.018015625 0.09104166666666666
2 0.1481796875 0.41980555555555554 0.014703125000000001 0.08261111111111111
1 0.679265625 0.7005277777777777 0.024179687499999998 0.4636388888888889