0 0.1456484375 0.7668611111111111 0.0859375 0.14484722222222224
0 0.2472109375 0.7529722222222222 0.083703125 0.140875
0 0.338171875 0.7420694444444444 0.075890625 0.1428611111111111
0 0.454796875 0.7420694444444444 0.0747734375 0.13095833333333334
0 0.5552421875 0.734125 0.072546875 0.13095833333333334
0 0.650109375 0.7271805555555556 0.072546875 0.1289722222222222
0 0.756140625 0.7162638888888889 0.0703125 0.13095833333333334
0 0.8565859375 0.7083333333333334 0.0792421875 0.1428611111111111
2 0.6785703125 0.9722222222222222 0.1160703125 0.05555555555555555
2 0.7963203125 0.9672638888888888 0.11272656249999999 0.06547222222222222
2 0.9096015625 0.9623055555555555 0.11383593750000001 0.07540277777777778
2 0.9838203125 0.9613055555555555 0.0323671875 0.077375