0 0.171875 0.7380972222222222 0.0625 0.31348611111111113
0 0.1925234375 0.610125 0.11495312499999999 0.25991666666666663
0 0.2762265625 0.5962361111111112 0.0792421875 0.3234166666666667
0 0.329796875 0.297625 0.12164843750000001 0.09920833333333334
0 0.501671875 0.5982083333333333 0.088171875 0.2956388888888889
0 0.6138359375 0.5674583333333333 0.0513359375 0.28570833333333334
0 0.611046875 0.49404166666666666 0.1104921875 0.2738055555555555
0 0.5864921875 0.34920833333333334 0.072546875 0.202375
2 0.46539843750000004 0.35318055555555555 0.049109375 0.1745972222222222
2 0.41015625 0.38987499999999997 0.0546875 0.18055555555555555
2 0.3549140625 0.4236111111111111 0.0580390625 0.18055555555555555
2 0.2935234375 0.46329166666666666 0.0580390625 0.1845277777777778
2 0.2371640625 0.5089305555555556 0.0591484375 0.20833333333333334
2 0.0870546875 0.6011944444444445 0.0669609375 0.21429166666666666
2 0.025109375 0.6418611111111111 0.0479921875 0.21230555555555558
2 0.771765625 0.9325416666666666 0.0591484375 0.13491666666666666
2 0.8342656249999999 0.8998055555555555 0.061382812499999995 0.20040277777777776
2 0.8956484375 0.8541666666666666 0.0636171875 0.2361111111111111
2 0.9559140625 0.7976249999999999 0.0546875 0.21824999999999997