0 0.1143984375 0.5446388888888889 0.068078125 0.27579166666666666
0 0.23772656250000002 0.5495972222222222 0.0424140625 0.26984722222222224
0 0.2784609375 0.5208333333333334 0.0479921875 0.27181944444444445
0 0.42466406250000005 0.5396805555555555 0.0546875 0.24602777777777776
0 0.5513359375 0.5248055555555555 0.0625 0.2797638888888889
0 0.611046875 0.5059583333333334 0.0435234375 0.26984722222222224
0 0.6863828125 0.4970277777777778 0.0625 0.25595833333333334
0 0.7935234375 0.4970277777777778 0.064734375 0.2678611111111111
2 0.0418515625 0.3541666666666667 0.0770078125 0.1686527777777778
2 0.1238828125 0.33929166666666666 0.0892890625 0.15079166666666666
2 0.2137265625 0.3333333333333333 0.088171875 0.1428611111111111
2 0.2996640625 0.3303611111111111 0.0859375 0.140875
2 0.3856015625 0.32440277777777776 0.0859375 0.13690277777777776
2 0.47265625 0.32241666666666663 0.088171875 0.140875
2 0.012273437500000001 0.5109166666666667 0.0245546875 0.172625
2 0.0825859375 0.5129027777777778 0.09375 0.15675
2 0.165734375 0.4930555555555556 0.1104921875 0.1686527777777778
2 0.37109375 0.48115277777777776 0.0903984375 0.1686527777777778
2 0.46038281249999996 0.47420833333333334 0.0859375 0.16666666666666666
2 0.65234375 0.46626388888888887 0.088171875 0.1706388888888889
2 0.7421875 0.4593194444444444 0.0848203125 0.1686527777777778
2 0.2315859375 0.672625 0.10602343750000001 0.18651388888888887
2 0.342078125 0.6666666666666666 0.1082578125 0.19841666666666669
2 0.44866406249999996 0.6607083333333333 0.1026796875 0.19444444444444445
2 0.5502265625 0.6507916666666667 0.10714062499999999 0.18254166666666669
2 0.65625 0.640875 0.1026796875 0.18254166666666669
2 0.759484375 0.6339305555555556 0.10379687500000001 0.18848611111111113
2 0.8621640625 0.6279722222222222 0.10379687500000001 0.19643055555555555
2 0.95703125 0.6220277777777778 0.0859375 0.19245833333333331
2 0.546875 0.8740138888888889 0.11383593750000001 0.21230555555555558
2 0.6646171875 0.8611111111111112 0.12164843750000001 0.2063472222222222
2 0.783484375 0.8561527777777778 0.1160703125 0.2043611111111111
2 0.9001093750000001 0.8452361111111112 0.1171875 0.2063472222222222
2 0.9799140625 0.8382916666666668 0.0401796875 0.21230555555555558