0 0.15234375 0.5 0.0636171875 0.12301388888888888
0 0.2511171875 0.49206944444444445 0.0691953125 0.12301388888888888
0 0.33984375 0.4761944444444445 0.068078125 0.11904166666666666
0 0.525109375 0.44940277777777776 0.068078125 0.12102777777777778
0 0.704796875 0.42758333333333337 0.0770078125 0.13293055555555555
0 0.7901796875 0.4156805555555556 0.0714296875 0.11706944444444445
2 0.5111640625 0.9027777777777778 0.1026796875 0.1745972222222222
2 0.614953125 0.8898750000000001 0.1026796875 0.18055555555555555
2 0.7181953125 0.873013888888889 0.099328125 0.1745972222222222
2 0.8219843750000001 0.8630972222222222 0.10602343750000001 0.17856944444444445
2 0.92578125 0.8462361111111111 0.10379687500000001 0.172625