0 0.126671875 0.4761944444444445 0.0658515625 0.19841666666666669
0 0.2215390625 0.4642916666666667 0.0546875 0.202375
0 0.3214296875 0.45734722222222224 0.049109375 0.2043611111111111
0 0.513390625 0.43254166666666666 0.078125 0.18651388888888887
0 0.696984375 0.39781944444444445 0.056921875 0.20833333333333334
0 0.7974296875 0.39781944444444445 0.0546875 0.20040277777777776
2 0.439171875 0.875 0.10602343750000001 0.18651388888888887
2 0.5440859375 0.8521805555555556 0.1015625 0.18848611111111113
2 0.6456484375 0.8373055555555555 0.1015625 0.18651388888888887
2 0.7505546875 0.8224166666666667 0.10379687500000001 0.18055555555555555
2 0.8543515625 0.8095277777777778 0.1015625 0.18254166666666669
2 0.9536796875 0.7986111111111112 0.0926328125 0.18848611111111113