0 0.22991406250000002 0.609125 0.060265625 0.23809722222222224
0 0.2527890625 0.5218194444444444 0.0948671875 0.1904722222222222
0 0.2979921875 0.49206944444444445 0.080359375 0.22619444444444448
0 0.45703125 0.4821388888888889 0.083703125 0.21429166666666666
0 0.5033515625 0.43352777777777773 0.064734375 0.21230555555555558
0 0.42466406250000005 0.3581388888888889 0.0546875 0.21230555555555558
0 0.419640625 0.30258333333333337 0.080359375 0.19245833333333331
0 0.502234375 0.2708333333333333 0.0513359375 0.2162638888888889
2 0.099890625 0.6666666666666666 0.099328125 0.07936111111111112
2 0.1456484375 0.5763888888888888 0.0770078125 0.09325
2 0.15625 0.4990138888888889 0.0357109375 0.1527777777777778
2 0.1925234375 0.44543055555555555 0.0346015625 0.16468055555555555
2 0.228796875 0.40079166666666666 0.0379453125 0.15079166666666666
2 0.2667421875 0.35912499999999997 0.0379453125 0.13491666666666666
2 0.3035703125 0.31348611111111113 0.033484375 0.1428611111111111
2 0.337609375 0.2748055555555556 0.0323671875 0.140875
2 0.724890625 0.7976249999999999 0.0278984375 0.17856944444444445
2 0.7544609375 0.7331388888888889 0.033484375 0.16468055555555555
2 0.78515625 0.6825416666666667 0.0278984375 0.16269444444444445
2 0.81640625 0.6289722222222223 0.0301328125 0.15873611111111113
2 0.8443046875 0.5754027777777778 0.025671875 0.16269444444444445
2 0.8733281249999999 0.5198472222222222 0.0301328125 0.1428611111111111
2 0.9017890625 0.47718055555555555 0.0245546875 0.15675
2 0.9252265625 0.4245972222222222 0.0223203125 0.15079166666666666