0 0.23828125 0.6547638888888889 0.0301328125 0.11904166666666666
0 0.263390625 0.5892916666666667 0.0401796875 0.11508333333333333
0 0.3314765625 0.5942500000000001 0.049109375 0.12102777777777778
0 0.44028906250000005 0.5248055555555555 0.0479921875 0.08531944444444445
0 0.400671875 0.4404722222222222 0.029015625 0.1071388888888889
0 0.2700859375 0.3263888888888889 0.029015625 0.08134722222222222
2 0.0155234375 0.292125 0.029976562499999998 0.076125
2 0.064234375 0.2997361111111111 0.0471015625 0.03806944444444445
2 0.085375 0.5818888888888889 0.031578125 0.08659722222222223
2 0.11775781249999999 0.54525 0.0321171875 0.07993055555555555
2 0.1488046875 0.5119444444444444 0.02890625 0.08373611111111111
2 0.1782421875 0.483875 0.02890625 0.08088888888888889
2 0.206875 0.4515138888888889 0.027296874999999998 0.0789861111111111
2 0.23390624999999998 0.4253472222222222 0.026765624999999998 0.08183333333333334
2 0.26013281250000003 0.3996527777777778 0.0256953125 0.076125
2 0.284484375 0.37681944444444443 0.0219453125 0.07422222222222222
2 0.3765546875 0.7327083333333333 0.0294375 0.09515277777777778
2 0.404921875 0.6917916666666666 0.024085937499999998 0.09134722222222222
2 0.43034375 0.6580138888888889 0.0256953125 0.08088888888888889
2 0.45549999999999996 0.6209027777777778 0.024625 0.08088888888888889
2 0.48039062499999996 0.5899722222222222 0.023015625 0.07993055555555555
2 0.5042109375 0.554763888888889 0.022484375 0.08183333333333334
2 0.5269609375 0.522888888888889 0.0198046875 0.08279166666666667
2 0.5478359375 0.4924305555555556 0.0219453125 0.07518055555555556
2 0.7177734375 0.9215972222222222 0.0256953125 0.10943055555555556
2 0.7418671875 0.8773472222222223 0.023554687499999998 0.10086111111111112
2 0.7630078124999999 0.8345277777777778 0.0219453125 0.09325
2 0.7844140625 0.7945555555555556 0.023015625 0.08563888888888889
2 0.8047578124999999 0.7498333333333334 0.0219453125 0.08754166666666667
2 0.82509375 0.71225 0.0219453125 0.09420833333333332
2 0.8451718749999999 0.6708472222222223 0.018195312499999998 0.09705555555555555
2 0.8636328125 0.6304166666666666 0.0176640625 0.0885