0 0.134484375 0.5019861111111111 0.0747734375 0.15873611111111113
0 0.21930468749999998 0.5009861111111111 0.061382812499999995 0.14880555555555555
0 0.3136171875 0.49504166666666666 0.0669609375 0.14484722222222224
0 0.40178906249999996 0.49602777777777773 0.0669609375 0.15873611111111113
0 0.48883593750000004 0.4870972222222222 0.0714296875 0.15675
0 0.5770078125 0.49106944444444445 0.0625 0.1289722222222222
0 0.6651796875 0.48115277777777776 0.0625 0.140875
0 0.74609375 0.4831388888888889 0.0658515625 0.14880555555555555
0 0.8275703125 0.4781805555555556 0.0591484375 0.15079166666666666
2 0.42132031249999996 0.6954305555555556 0.0971015625 0.18055555555555555
2 0.5206484375 0.6855138888888889 0.0971015625 0.1686527777777778
2 0.6183046875 0.671625 0.095984375 0.16070833333333331
2 0.7153984375 0.6696388888888889 0.095984375 0.16070833333333331
2 0.8147343749999999 0.6706388888888889 0.0982109375 0.16269444444444445
2 0.9112734375 0.6646805555555555 0.0971015625 0.16269444444444445
2 0.9810234375 0.6626944444444445 0.0379453125 0.15873611111111113
2 0.65625 0.8501944444444445 0.109375 0.19245833333333331
2 0.763390625 0.8412638888888889 0.10714062499999999 0.18651388888888887
2 0.8688593750000001 0.8412638888888889 0.10602343750000001 0.17856944444444445
2 0.9620546875 0.8363055555555555 0.075890625 0.1845277777777778
2 0.9330390625 0.9672638888888888 0.12276562499999999 0.06547222222222222