0 0.2098203125 0.7142916666666667 0.049109375 0.12698611111111113
0 0.244421875 0.6835277777777777 0.0513359375 0.18848611111111113
0 0.318640625 0.6795694444444444 0.0546875 0.19643055555555555
0 0.423546875 0.6894861111111111 0.0814765625 0.2361111111111111
0 0.46596093749999995 0.6597222222222222 0.0479921875 0.22818055555555555
0 0.5535703125 0.5992083333333333 0.053570312499999995 0.2301527777777778
0 0.6004453125 0.6696388888888889 0.046875 0.22420833333333334
0 0.6947578125 0.6160694444444444 0.0435234375 0.2361111111111111
2 0.0239921875 0.4107083333333333 0.0479921875 0.1388888888888889
2 0.0703125 0.702375 0.0714296875 0.16666666666666666
2 0.017296875 0.7281805555555555 0.0346015625 0.16269444444444445
2 0.138390625 0.6765833333333333 0.064734375 0.16269444444444445
2 0.2059140625 0.6547638888888889 0.068078125 0.15873611111111113
2 0.2700859375 0.6299583333333333 0.055804687500000005 0.1527777777777778
2 0.330359375 0.6081388888888889 0.060265625 0.1527777777777778
2 0.39453125 0.5863055555555555 0.061382812499999995 0.14880555555555555
2 0.453125 0.5654722222222222 0.053570312499999995 0.1388888888888889
2 0.515625 0.9226249999999999 0.0669609375 0.1547638888888889
2 0.583703125 0.9017916666666667 0.0669609375 0.172625
2 0.650671875 0.876986111111111 0.0669609375 0.1745972222222222
2 0.7159609375 0.8561527777777778 0.061382812499999995 0.16468055555555555
2 0.7778984375 0.8224166666666667 0.060265625 0.1686527777777778
2 0.83984375 0.8035694444444446 0.061382812499999995 0.17856944444444445
2 0.9034609375 0.7767916666666667 0.061382812499999995 0.172625
2 0.9609375 0.748013888888889 0.055804687500000005 0.1706388888888889