0 0.125 0.5615138888888889 0.0736640625 0.1428611111111111
0 0.2237734375 0.5505972222222222 0.0747734375 0.13293055555555555
0 0.326453125 0.5436527777777778 0.0658515625 0.1428611111111111
0 0.42466406250000005 0.5456388888888889 0.0658515625 0.13095833333333334
0 0.5278984375 0.5367083333333333 0.0691953125 0.140875
0 0.62890625 0.5357083333333333 0.0747734375 0.13491666666666666
0 0.7276796875 0.5367083333333333 0.0625 0.1289722222222222
0 0.8253359375 0.5297638888888889 0.0703125 0.13491666666666666
2 0.447546875 0.7509861111111111 0.11383593750000001 0.19643055555555555
2 0.560828125 0.7440416666666667 0.11272656249999999 0.19841666666666669
2 0.6746640625 0.7321388888888889 0.11272656249999999 0.18254166666666669
2 0.7885078125 0.7251944444444445 0.11495312499999999 0.172625
2 0.9034609375 0.7261944444444445 0.11495312499999999 0.1745972222222222
2 0.9793515625 0.7212361111111111 0.041296875 0.18055555555555555
2 0.713171875 0.9126944444444445 0.127234375 0.1745972222222222
2 0.8415156250000001 0.9077361111111112 0.125 0.1845277777777778
2 0.9525703125 0.9067500000000001 0.0948671875 0.18651388888888887