0 0.125 0.5575416666666667 0.0714296875 0.13491666666666666
0 0.228796875 0.547625 0.0669609375 0.1428611111111111
0 0.322546875 0.5436527777777778 0.0714296875 0.13491666666666666
0 0.427453125 0.5406805555555556 0.0691953125 0.13293055555555555
0 0.5228828125 0.5357083333333333 0.068078125 0.1428611111111111
0 0.6261171875 0.5337361111111112 0.0714296875 0.12698611111111113
0 0.728796875 0.5367083333333333 0.0714296875 0.1289722222222222
0 0.82421875 0.5277777777777778 0.068078125 0.14681944444444445
2 0.447546875 0.751986111111111 0.11160937500000001 0.19841666666666669
2 0.5658515625 0.7490138888888889 0.11383593750000001 0.20040277777777776
2 0.6752265625 0.734125 0.11383593750000001 0.1904722222222222
2 0.7901796875 0.7281805555555555 0.11160937500000001 0.18254166666666669
2 0.9028984375 0.7261944444444445 0.109375 0.17856944444444445
2 0.9787968749999999 0.7222222222222222 0.0424140625 0.18254166666666669
2 0.712609375 0.9107083333333333 0.1238828125 0.17856944444444445
2 0.8403984375 0.9077361111111112 0.12276562499999999 0.1845277777777778
2 0.9525703125 0.9087361111111111 0.0948671875 0.18254166666666669