0 0.22265625 0.6319444444444444 0.0792421875 0.10912499999999999
0 0.247765625 0.6964305555555556 0.0580390625 0.06745833333333333
0 0.310265625 0.6180555555555556 0.0513359375 0.09325
0 0.377234375 0.5297638888888889 0.055804687500000005 0.10318055555555557
0 0.3046875 0.41765277777777776 0.0625 0.08134722222222222
1 0.8571406250000001 0.7629027777777777 0.044640625 0.4623055555555556
2 0.0153046875 0.41636111111111107 0.0238125 0.08811111111111111
2 0.03765625 0.3775 0.020890625 0.07775
2 0.24125000000000002 0.7403055555555556 0.0238125 0.10538888888888888
2 0.2616640625 0.6863194444444444 0.0179765625 0.10106944444444443
2 0.2786640625 0.6400972222222222 0.0170078125 0.10020833333333334
2 0.294703125 0.5956111111111111 0.0179765625 0.10106944444444443
2 0.3112265625 0.551125 0.0179765625 0.09329166666666668
2 0.3294453125 0.5070694444444445 0.016523437499999998 0.09502777777777778
2 0.34475 0.46344444444444444 0.014093749999999999 0.09070833333333334
2 0.3573828125 0.4310555555555556 0.014093749999999999 0.08983333333333335