0 0.23582031250000002 0.6403611111111112 0.049070312500000005 0.05209722222222222
0 0.2572890625 0.5912916666666667 0.0429375 0.08238888888888889
0 0.327484375 0.5894722222222223 0.0429375 0.07633333333333334
0 0.40995312500000003 0.541611111111111 0.04975 0.10420833333333333
0 0.3731484375 0.4277083333333333 0.06065625 0.07269444444444445
0 0.1891328125 0.3265416666666667 0.0293046875 0.10056944444444443
2 0.009882812500000001 0.5258611111111111 0.019765625000000002 0.08723611111111111
2 0.03578125 0.49495833333333333 0.027945312500000003 0.08361111111111111
2 0.06475 0.4634583333333333 0.027265624999999998 0.07876388888888888
2 0.09303125 0.43013888888888885 0.026578125 0.08481944444444445
2 0.11859375000000001 0.40529166666666666 0.0245390625 0.07876388888888888
2 0.144828125 0.38106944444444446 0.026578125 0.07876388888888888
2 0.16834375 0.355625 0.0204453125 0.07148611111111111
2 0.26546875000000003 0.6851944444444444 0.02521875 0.10298611111111113
2 0.2906796875 0.6470277777777778 0.026578125 0.08966666666666667
2 0.3158984375 0.6137083333333333 0.0238515625 0.07391666666666666
2 0.3380546875 0.5785694444444445 0.021812500000000002 0.08118055555555556
2 0.360546875 0.5446388888888889 0.023171875 0.08602777777777777
2 0.383375 0.5101111111111111 0.021124999999999998 0.07754166666666666
2 0.4038203125 0.48041666666666666 0.019765625000000002 0.07633333333333334
2 0.4222265625 0.4549722222222222 0.0170390625 0.07391666666666666
2 0.5871640625000001 0.8439166666666666 0.0224921875 0.09329166666666668
2 0.6079453125 0.7906111111111112 0.021812500000000002 0.08844444444444445
2 0.6280546874999999 0.746375 0.019765625000000002 0.08723611111111111
2 0.6461171875 0.7070000000000001 0.0190859375 0.08844444444444445
2 0.6638359375 0.6718611111111111 0.01771875 0.08602777777777777
2 0.680875 0.6300555555555556 0.016359375000000002 0.07754166666666666
2 0.696890625 0.5955277777777778 0.0156796875 0.08118055555555556
2 0.7125703125 0.5628194444444444 0.0156796875 0.07876388888888888