0 0.11885937499999999 0.5952361111111111 0.0926328125 0.26587500000000003
0 0.2315859375 0.6577361111111111 0.1015625 0.11706944444444445
0 0.3755546875 0.5763888888888888 0.10602343750000001 0.14484722222222224
0 0.525109375 0.609125 0.10379687500000001 0.24602777777777776
0 0.6316953125 0.5307499999999999 0.0691953125 0.22420833333333334
0 0.6104921875 0.36309722222222224 0.1004453125 0.13095833333333334
0 0.51953125 0.32043055555555555 0.0747734375 0.2202361111111111
0 0.45200781250000005 0.42262500000000003 0.049109375 0.234125
0 0.490515625 0.4732083333333333 0.0792421875 0.11706944444444445
2 0.248328125 0.7698472222222221 0.0591484375 0.1904722222222222
2 0.3113828125 0.7202361111111112 0.0625 0.18651388888888887
2 0.375 0.6775833333333333 0.064734375 0.17658333333333334
2 0.43861718749999995 0.6388888888888888 0.0580390625 0.17856944444444445
2 0.497765625 0.5912638888888888 0.0580390625 0.16666666666666666
2 0.58203125 0.5535694444444444 0.068078125 0.13095833333333334
2 0.716515625 0.4404722222222222 0.053570312499999995 0.16269444444444445
2 0.650671875 0.47718055555555555 0.0691953125 0.1686527777777778
2 0.1841484375 0.26884722222222224 0.049109375 0.16468055555555555
2 0.1322578125 0.30356944444444445 0.0502265625 0.16666666666666666
2 0.1104921875 0.36706944444444445 0.10491406249999999 0.07540277777777778