0 0.1222109375 0.46329166666666666 0.099328125 0.09722222222222222
0 0.22711718749999998 0.44643055555555555 0.0703125 0.1071388888888889
0 0.3309140625 0.43948611111111113 0.068078125 0.10119444444444445
0 0.415734375 0.4484166666666667 0.0770078125 0.10318055555555557
0 0.493859375 0.4097222222222222 0.072546875 0.10912499999999999
0 0.5859375 0.42262500000000003 0.0669609375 0.12301388888888888
0 0.666296875 0.4027777777777778 0.0714296875 0.0952361111111111
0 0.7159609375 0.3958333333333333 0.056921875 0.10119444444444445
0 0.7734375 0.3918611111111111 0.075890625 0.1289722222222222
2 0.036828125 0.16568055555555555 0.0669609375 0.10515277777777778
2 0.0284609375 0.2797638888888889 0.056921875 0.12698611111111113
2 0.092078125 0.27679166666666666 0.0703125 0.125
2 0.1629453125 0.26984722222222224 0.0714296875 0.12698611111111113
2 0.23492968749999998 0.2668611111111111 0.0703125 0.125
2 0.08203125 0.41468055555555555 0.0770078125 0.1428611111111111
2 0.162390625 0.4077361111111111 0.0792421875 0.14880555555555555
2 0.24163281250000002 0.3988055555555555 0.0747734375 0.1388888888888889
2 0.318078125 0.3928611111111111 0.075890625 0.1428611111111111
2 0.3939765625 0.38393055555555555 0.075890625 0.140875
2 0.46819531249999996 0.38293055555555555 0.068078125 0.1388888888888889
2 0.1629453125 0.5724166666666667 0.0892890625 0.16070833333333331
2 0.25 0.5615138888888889 0.0848203125 0.15873611111111113
2 0.3359375 0.5575416666666667 0.0870546875 0.15873611111111113
2 0.41908593749999995 0.5446388888888889 0.0814765625 0.15675
2 0.5033515625 0.5376944444444445 0.0825859375 0.1706388888888889
2 0.5864921875 0.5307499999999999 0.0814765625 0.15675
2 0.6651796875 0.5208333333333334 0.078125 0.15675
2 0.74609375 0.5119027777777778 0.0814765625 0.1547638888888889
2 0.8258906250000001 0.5059583333333334 0.075890625 0.15873611111111113
2 0.45703125 0.7529722222222222 0.0948671875 0.172625
2 0.5513359375 0.7420694444444444 0.091515625 0.1706388888888889
2 0.6456484375 0.7301527777777779 0.0926328125 0.17856944444444445
2 0.73828125 0.7172638888888888 0.0926328125 0.172625
2 0.8314765625 0.7093194444444444 0.091515625 0.17658333333333334
2 0.921875 0.703375 0.09375 0.1845277777777778
2 0.984375 0.6914722222222223 0.03125 0.172625
2 0.83203125 0.9414722222222223 0.1104921875 0.11706944444444445
2 0.9441953125 0.9345277777777778 0.11160937500000001 0.13095833333333334