0 0.1277890625 0.48412499999999997 0.0502265625 0.17856944444444445
0 0.2098203125 0.4870972222222222 0.053570312499999995 0.1686527777777778
0 0.3158515625 0.48115277777777776 0.053570312499999995 0.1686527777777778
0 0.40960156249999996 0.4722222222222222 0.053570312499999995 0.18651388888888887
0 0.48382031249999996 0.46626388888888887 0.061382812499999995 0.1745972222222222
0 0.5753359375 0.4761944444444445 0.0479921875 0.18254166666666669
0 0.6724296875 0.4593194444444444 0.052453125 0.172625
0 0.7472109375 0.4553611111111111 0.041296875 0.172625
0 0.8364921875 0.45237499999999997 0.056921875 0.1745972222222222
2 0.40234375 0.6795694444444444 0.0948671875 0.17658333333333334
2 0.5011171875 0.672625 0.095984375 0.18254166666666669
2 0.5987734375 0.6636944444444445 0.0948671875 0.16468055555555555
2 0.697546875 0.6587361111111112 0.0982109375 0.16269444444444445
2 0.794640625 0.6527777777777778 0.09375 0.1547638888888889
2 0.8917421875 0.6527777777777778 0.1004453125 0.16666666666666666
2 0.97265625 0.6478194444444445 0.0546875 0.16070833333333331
2 0.6356015625 0.8333333333333334 0.10602343750000001 0.19841666666666669
2 0.743859375 0.8254027777777777 0.10379687500000001 0.19841666666666669
2 0.8532343750000001 0.8214305555555554 0.1082578125 0.19444444444444445
2 0.953125 0.8214305555555554 0.09375 0.18254166666666669
2 0.9146171875 0.9593194444444445 0.1171875 0.08134722222222222
2 0.98828125 0.953375 0.0234375 0.08134722222222222