0 0.154578125 0.6081388888888889 0.10602343750000001 0.20040277777777776
0 0.314734375 0.6120972222222222 0.10491406249999999 0.2797638888888889
0 0.4140625 0.5704305555555556 0.078125 0.25991666666666663
0 0.5574765625 0.5763888888888888 0.0636171875 0.24404166666666668
0 0.564171875 0.5228194444444445 0.0457578125 0.2678611111111111
0 0.5982109375 0.48115277777777776 0.046875 0.24801388888888887
0 0.6238828125 0.3998055555555556 0.0513359375 0.2361111111111111
0 0.5786796875 0.29959722222222224 0.0658515625 0.09920833333333334
2 0.11551562500000001 0.31151388888888887 0.0971015625 0.05555555555555555
2 0.0223203125 0.2678611111111111 0.0401796875 0.1428611111111111
2 0.125 0.6795694444444444 0.0625 0.19245833333333331
2 0.204796875 0.6349166666666667 0.0747734375 0.1745972222222222
2 0.2628359375 0.5972222222222222 0.061382812499999995 0.1706388888888889
2 0.3231015625 0.5545694444444444 0.0546875 0.172625
2 0.37890625 0.5198472222222222 0.056921875 0.16666666666666666
2 0.45758593750000004 0.5009861111111111 0.09375 0.11706944444444445
2 0.486609375 0.44940277777777776 0.049109375 0.16070833333333331
2 0.5379453125 0.4236111111111111 0.053570312499999995 0.14880555555555555
2 0.8443046875 0.9186527777777778 0.052453125 0.16269444444444445
2 0.8995546875 0.8809583333333333 0.0580390625 0.202375
2 0.9553593749999999 0.8353194444444444 0.0513359375 0.19841666666666669
2 0.9905156249999999 0.7976249999999999 0.0189765625 0.19444444444444445