0 0.239953125 0.6865138888888889 0.064734375 0.1904722222222222
0 0.2823671875 0.6507916666666667 0.0513359375 0.21429166666666666
0 0.3705390625 0.6607083333333333 0.0580390625 0.21429166666666666
0 0.486046875 0.6537638888888888 0.0770078125 0.2043611111111111
0 0.5284609375 0.640875 0.036828125 0.22619444444444448
0 0.6322578125 0.6507916666666667 0.0479921875 0.19841666666666669
0 0.646765625 0.5843194444444444 0.0457578125 0.1845277777777778
0 0.7472109375 0.6071388888888889 0.0591484375 0.21824999999999997
2 0.2198671875 0.4345277777777778 0.0580390625 0.1428611111111111
2 0.1551328125 0.44741666666666663 0.064734375 0.13690277777777776
2 0.08984375 0.4613055555555555 0.0658515625 0.13690277777777776
2 0.02734375 0.47420833333333334 0.0546875 0.1388888888888889
2 0.083703125 0.6835277777777777 0.0736640625 0.1527777777777778
2 0.157921875 0.6656805555555556 0.0747734375 0.1527777777777778
2 0.22991406250000002 0.6498055555555555 0.0691953125 0.15675
2 0.3699765625 0.6180555555555556 0.068078125 0.14880555555555555
2 0.4375 0.6031805555555556 0.0625 0.14681944444444445
2 0.50390625 0.5912638888888888 0.068078125 0.1428611111111111
2 0.5675234375 0.5754027777777778 0.0591484375 0.1428611111111111
2 0.48046875 0.8720277777777778 0.068078125 0.1686527777777778
2 0.553015625 0.8501944444444445 0.072546875 0.16468055555555555
2 0.6277890625 0.8293611111111111 0.072546875 0.16666666666666666
2 0.700890625 0.8184583333333333 0.0714296875 0.16468055555555555
2 0.7739921875 0.7728194444444444 0.0703125 0.10515277777777778
2 0.8448671875 0.7867083333333332 0.0691953125 0.16468055555555555
2 0.9174140625 0.7648750000000001 0.0669609375 0.16468055555555555
2 0.9771171875 0.7529722222222222 0.0457578125 0.16070833333333331