0 0.22600781250000002 0.7063472222222222 0.0435234375 0.15079166666666666
0 0.2578125 0.6755972222222222 0.053570312499999995 0.20833333333333334
0 0.3392890625 0.6745972222222222 0.0669609375 0.1904722222222222
0 0.45257031249999996 0.6974166666666667 0.0703125 0.24008333333333334
0 0.498328125 0.6636944444444445 0.0435234375 0.2162638888888889
0 0.619421875 0.6815416666666666 0.0513359375 0.2202361111111111
0 0.595984375 0.609125 0.0424140625 0.21429166666666666
0 0.720421875 0.6379027777777778 0.0502265625 0.24008333333333334
2 0.1183046875 0.43352777777777773 0.055804687500000005 0.13690277777777776
2 0.0546875 0.44940277777777776 0.0625 0.140875
2 0.011164062499999999 0.4652777777777778 0.0223203125 0.1527777777777778
2 0.03515625 0.7103194444444445 0.0636171875 0.15873611111111113
2 0.10323437499999999 0.6924583333333333 0.0703125 0.16666666666666666
2 0.1752265625 0.6676527777777778 0.0691953125 0.16070833333333331
2 0.2472109375 0.6478194444444445 0.0703125 0.16070833333333331
2 0.3158515625 0.6299583333333333 0.0625 0.1527777777777778
2 0.3783515625 0.6061527777777778 0.060265625 0.1527777777777778
2 0.44252343749999995 0.5922638888888889 0.0636171875 0.14484722222222224
2 0.506140625 0.5793611111111111 0.061382812499999995 0.16666666666666666
2 0.48325781250000005 0.9097222222222222 0.064734375 0.17658333333333334
2 0.552453125 0.8888888888888888 0.0691953125 0.1745972222222222
2 0.6238828125 0.8710277777777777 0.0669609375 0.17856944444444445
2 0.6925234375 0.8422638888888888 0.0636171875 0.172625
2 0.759484375 0.8204305555555556 0.0658515625 0.1686527777777778
2 0.8303593749999999 0.8015833333333333 0.0669609375 0.18254166666666669
2 0.8989921875 0.7807499999999999 0.0658515625 0.1686527777777778
2 0.9659609375 0.7609166666666667 0.061382812499999995 0.16468055555555555