0 0.14453125 0.6289722222222223 0.0948671875 0.19841666666666669
0 0.3431953125 0.4097222222222222 0.072546875 0.17658333333333334
0 0.39453125 0.32143055555555555 0.0658515625 0.18254166666666669
0 0.447546875 0.5406805555555556 0.11160937500000001 0.09325
0 0.5267890625 0.37102777777777773 0.0669609375 0.1706388888888889
0 0.5396171875 0.5277777777777778 0.0591484375 0.18651388888888887
0 0.525109375 0.7132916666666668 0.0770078125 0.18055555555555555
0 0.5463203125 0.6150833333333333 0.0546875 0.1745972222222222
0 0.607703125 0.5734166666666667 0.0926328125 0.21031944444444445
1 0.9905156249999999 0.7162638888888889 0.0189765625 0.547625
2 0.0161796875 0.639875 0.025671875 0.15675
2 0.044640625 0.5882916666666667 0.03125 0.1527777777777778
2 0.0747734375 0.5317500000000001 0.029015625 0.15079166666666666
2 0.1043515625 0.4861111111111111 0.0301328125 0.14681944444444445
2 0.1328125 0.4375 0.029015625 0.1527777777777778
2 0.1590390625 0.3968194444444444 0.0234375 0.15079166666666666