0 0.142859375 0.4970277777777778 0.0669609375 0.13293055555555555
0 0.2410703125 0.48512500000000003 0.0691953125 0.13690277777777776
0 0.3364921875 0.4781805555555556 0.068078125 0.12698611111111113
0 0.5239921875 0.44643055555555555 0.072546875 0.12698611111111113
0 0.713171875 0.4196388888888889 0.0714296875 0.1289722222222222
0 0.7963203125 0.41170833333333334 0.068078125 0.12102777777777778
2 0.5111640625 0.9087361111111111 0.10714062499999999 0.17856944444444445
2 0.618859375 0.8968194444444445 0.10602343750000001 0.1904722222222222
2 0.7232109375 0.8819444444444444 0.1004453125 0.1845277777777778
2 0.8286796875 0.8690416666666667 0.1082578125 0.18651388888888887
2 0.9358281249999999 0.8551527777777779 0.10602343750000001 0.18254166666666669