0 0.232140625 0.6815416666666666 0.053570312499999995 0.1845277777777778
0 0.279015625 0.6557499999999999 0.053570312499999995 0.23213888888888887
0 0.3722109375 0.6537638888888888 0.061382812499999995 0.20833333333333334
0 0.47544531250000005 0.6636944444444445 0.044640625 0.2202361111111111
0 0.517296875 0.6428611111111111 0.036828125 0.2222222222222222
0 0.619421875 0.6418611111111111 0.0580390625 0.2043611111111111
0 0.6573671875 0.5992083333333333 0.0513359375 0.2063472222222222
0 0.7421875 0.6130972222222222 0.049109375 0.21429166666666666
2 0.236046875 0.4375 0.061382812499999995 0.13293055555555555
2 0.1713203125 0.44643055555555555 0.0636171875 0.13491666666666666
2 0.10323437499999999 0.4553611111111111 0.0658515625 0.13293055555555555
2 0.055804687500000005 0.6587361111111112 0.0714296875 0.15079166666666666
2 0.1294609375 0.6428611111111111 0.0736640625 0.1547638888888889
2 0.20367968749999998 0.6230138888888889 0.0703125 0.1428611111111111
2 0.306359375 0.6845277777777778 0.0948671875 0.05952777777777778
2 0.345421875 0.6011944444444445 0.0658515625 0.1388888888888889
2 0.4140625 0.5932499999999999 0.0714296875 0.1388888888888889
2 0.484375 0.5763888888888888 0.0625 0.140875
2 0.5502265625 0.5714305555555556 0.0669609375 0.1428611111111111
2 0.40625 0.8303611111111111 0.0714296875 0.16070833333333331
2 0.48325781250000005 0.8184583333333333 0.078125 0.16070833333333331
2 0.5613828125 0.8015833333333333 0.075890625 0.16269444444444445
2 0.6333671875 0.7906805555555555 0.068078125 0.15675
2 0.7059140625 0.7767916666666667 0.0747734375 0.1527777777777778
2 0.779578125 0.7529722222222222 0.072546875 0.140875
2 0.8543515625 0.7460277777777777 0.072546875 0.14681944444444445
2 0.9246640625 0.7351249999999999 0.068078125 0.14880555555555555
2 0.828125 0.9801527777777779 0.0825859375 0.03968055555555556
2 0.9107109375 0.9732083333333333 0.080359375 0.05356944444444445
2 0.9754453125 0.9662638888888889 0.049109375 0.06745833333333333