0 0.14453125 0.36904166666666666 0.0703125 0.13095833333333334
0 0.239953125 0.36706944444444445 0.0625 0.12698611111111113
0 0.338171875 0.36309722222222224 0.0736640625 0.11904166666666666
0 0.42913281249999996 0.34820833333333334 0.0747734375 0.125
0 0.5239921875 0.34325 0.072546875 0.12698611111111113
0 0.6082578125 0.33531944444444445 0.060265625 0.13095833333333334
0 0.7042421875 0.32837500000000003 0.064734375 0.125
0 0.790734375 0.32241666666666663 0.0747734375 0.1289722222222222
2 0.5965390625 0.6964305555555556 0.0971015625 0.18254166666666669
2 0.69921875 0.6914722222222223 0.1015625 0.18848611111111113
2 0.8046875 0.6795694444444444 0.10491406249999999 0.19245833333333331
2 0.9096015625 0.6775833333333333 0.1026796875 0.18848611111111113
2 0.9815859375 0.6696388888888889 0.036828125 0.19245833333333331
2 0.9553593749999999 0.9365138888888889 0.0892890625 0.12698611111111113