0 0.146203125 0.748013888888889 0.0892890625 0.16666666666666666
0 0.24664843749999998 0.7291666666666666 0.0848203125 0.18848611111111113
0 0.3403984375 0.7212361111111111 0.078125 0.1527777777777778
0 0.45424218749999995 0.7281805555555555 0.078125 0.1745972222222222
0 0.55078125 0.7093194444444444 0.0814765625 0.172625
0 0.6512265625 0.7063472222222222 0.0747734375 0.16269444444444445
0 0.760046875 0.6894861111111111 0.0691953125 0.15675
0 0.8565859375 0.6894861111111111 0.0792421875 0.16468055555555555
2 0.6824765625 0.9751944444444445 0.11495312499999999 0.04959722222222222
2 0.7979921875 0.9712361111111111 0.11383593750000001 0.057541666666666665
2 0.9112734375 0.9672638888888888 0.11272656249999999 0.06547222222222222
2 0.984375 0.9632916666666668 0.03125 0.07341666666666667