0 0.2767890625 0.5863055555555555 0.1294609375 0.1845277777777778
0 0.248328125 0.5495972222222222 0.041296875 0.234125
0 0.3203125 0.46329166666666666 0.064734375 0.17658333333333334
0 0.49888281250000005 0.4384861111111111 0.09375 0.09920833333333334
0 0.517859375 0.38491666666666663 0.091515625 0.13491666666666666
0 0.4375 0.31151388888888887 0.1160703125 0.15873611111111113
0 0.40569531249999996 0.30059722222222224 0.0390625 0.20833333333333334
0 0.494421875 0.21130555555555552 0.0892890625 0.1289722222222222
2 0.3833671875 0.6884861111111111 0.0301328125 0.1706388888888889
2 0.4140625 0.6269861111111111 0.029015625 0.14681944444444445
2 0.44252343749999995 0.5714305555555556 0.0278984375 0.15873611111111113
2 0.46875 0.5119027777777778 0.0267890625 0.15873611111111113
2 0.493859375 0.46031944444444445 0.025671875 0.16666666666666666
2 0.5189765625 0.4097222222222222 0.0223203125 0.172625
2 0.5435234375 0.36309722222222224 0.0223203125 0.14681944444444445
2 0.564734375 0.32440277777777776 0.017859375 0.14880555555555555