0 0.196984375 0.5386944444444445 0.0814765625 0.2043611111111111
0 0.22991406250000002 0.4652777777777778 0.075890625 0.15675
0 0.290734375 0.4206388888888889 0.0859375 0.15079166666666666
0 0.42633593750000004 0.45734722222222224 0.0625 0.2361111111111111
0 0.482140625 0.3968194444444444 0.0848203125 0.1904722222222222
0 0.44810156250000005 0.31151388888888887 0.0457578125 0.11904166666666666
0 0.46205468749999995 0.25893055555555555 0.060265625 0.09722222222222222
0 0.5597109375 0.27281944444444445 0.0658515625 0.20040277777777776
2 0.0234375 0.125 0.044640625 0.14681944444444445
2 0.162390625 0.5843194444444444 0.0770078125 0.10912499999999999
2 0.21875 0.514875 0.049109375 0.1686527777777778
2 0.263953125 0.48412499999999997 0.0457578125 0.1547638888888889
2 0.310828125 0.44245833333333334 0.0502265625 0.15873611111111113
2 0.3621640625 0.40575 0.0479921875 0.1527777777777778
2 0.411828125 0.36508333333333337 0.046875 0.1428611111111111
2 0.45814843749999995 0.33431944444444445 0.0435234375 0.16070833333333331
2 0.5 0.297625 0.0401796875 0.14681944444444445
2 0.7421875 0.8184583333333333 0.0424140625 0.1845277777777778
2 0.7890625 0.7569444444444444 0.044640625 0.140875
2 0.8364921875 0.7162638888888889 0.0457578125 0.15873611111111113
2 0.8811406249999999 0.6706388888888889 0.0457578125 0.16269444444444445
2 0.9268984375 0.6299583333333333 0.0435234375 0.14484722222222224
2 0.9721015625 0.5823472222222222 0.049109375 0.1527777777777778