0 0.185265625 0.49106944444444445 0.1026796875 0.10912499999999999
0 0.220421875 0.4375 0.0703125 0.11309722222222224
0 0.2979921875 0.4077361111111111 0.0982109375 0.10912499999999999
0 0.40289843750000004 0.43154166666666666 0.060265625 0.14880555555555555
0 0.46875 0.4206388888888889 0.053570312499999995 0.1745972222222222
0 0.474890625 0.3263888888888889 0.099328125 0.10119444444444445
0 0.5089296875 0.30456944444444445 0.0625 0.09325
0 0.595984375 0.2797638888888889 0.10491406249999999 0.10318055555555557
2 0.1590390625 0.1736111111111111 0.0457578125 0.12102777777777778
2 0.0502265625 0.2202361111111111 0.0580390625 0.13491666666666666
2 0.10714062499999999 0.19543055555555558 0.053570312499999995 0.13293055555555555
2 0.189171875 0.577375 0.061382812499999995 0.15079166666666666
2 0.25 0.5446388888888889 0.0625 0.16070833333333331
2 0.3113828125 0.5089305555555556 0.0580390625 0.14880555555555555
2 0.37109375 0.4722222222222222 0.056921875 0.1547638888888889
2 0.43024218750000004 0.44543055555555555 0.061382812499999995 0.15675
2 0.48549218749999995 0.41170833333333334 0.049109375 0.15675
2 0.5340390625 0.3888888888888889 0.0502265625 0.14681944444444445
2 0.5853828125 0.36309722222222224 0.0502265625 0.1428611111111111
2 0.7103828125 0.8442500000000001 0.0546875 0.1686527777777778
2 0.76953125 0.8015833333333333 0.061382812499999995 0.19444444444444445
2 0.8286796875 0.7380972222222222 0.0546875 0.11508333333333333
2 0.8856015625 0.7232083333333333 0.056921875 0.14880555555555555
2 0.9430781250000001 0.6924583333333333 0.053570312499999995 0.16666666666666666
2 0.9866093749999999 0.6686527777777778 0.0267890625 0.1706388888888889