0 0.13671875 0.5099166666666667 0.0636171875 0.23809722222222224
0 0.22711718749999998 0.49206944444444445 0.068078125 0.19841666666666669
0 0.3097109375 0.48809722222222224 0.083703125 0.2063472222222222
0 0.40625 0.4890833333333333 0.0580390625 0.22818055555555555
0 0.467078125 0.4513888888888889 0.068078125 0.1845277777777778
0 0.55859375 0.47718055555555555 0.0658515625 0.2361111111111111
0 0.638390625 0.4593194444444444 0.0736640625 0.19643055555555555
0 0.7114921875 0.4652777777777778 0.061382812499999995 0.21230555555555558
0 0.7762265625 0.42956944444444445 0.056921875 0.1845277777777778
2 0.23492968749999998 0.26984722222222224 0.0658515625 0.12301388888888888
2 0.09375 0.27281944444444445 0.0691953125 0.12102777777777778
2 0.029015625 0.26984722222222224 0.0580390625 0.11508333333333333
2 0.0625 0.39781944444444445 0.080359375 0.140875
2 0.142296875 0.39484722222222224 0.0792421875 0.1388888888888889
2 0.2198671875 0.38987499999999997 0.0736640625 0.13293055555555555
2 0.294640625 0.38491666666666663 0.0736640625 0.13491666666666666
2 0.368859375 0.38095833333333334 0.0747734375 0.12698611111111113
2 0.443078125 0.3680555555555556 0.0736640625 0.125
2 0.11383593750000001 0.5575416666666667 0.1004453125 0.13491666666666666
2 0.204796875 0.5386944444444445 0.0792421875 0.14484722222222224
2 0.28125 0.5287638888888888 0.0892890625 0.14880555555555555
2 0.3671875 0.5198472222222222 0.080359375 0.15873611111111113
2 0.44866406249999996 0.5119027777777778 0.078125 0.1547638888888889
2 0.5301328125 0.5029722222222222 0.080359375 0.15675
2 0.611046875 0.5009861111111111 0.0814765625 0.14880555555555555
2 0.693078125 0.49801388888888887 0.080359375 0.14681944444444445
2 0.775109375 0.49206944444444445 0.0792421875 0.1388888888888889
2 0.3643984375 0.6974166666666667 0.0948671875 0.16070833333333331
2 0.45758593750000004 0.6904722222222222 0.091515625 0.1706388888888889
2 0.5496640625 0.6825416666666667 0.0926328125 0.16666666666666666
2 0.6400703125 0.6706388888888889 0.088171875 0.1706388888888889
2 0.7299140625 0.6636944444444445 0.0870546875 0.1686527777777778
2 0.8197578125 0.6587361111111112 0.088171875 0.16269444444444445
2 0.90625 0.6488055555555555 0.0870546875 0.1706388888888889
2 0.9771171875 0.6438472222222222 0.0457578125 0.16070833333333331
2 0.6808046875 0.9007916666666668 0.0982109375 0.1904722222222222
2 0.783484375 0.8879027777777777 0.1026796875 0.19245833333333331
2 0.8878359375 0.876986111111111 0.1015625 0.18651388888888887
2 0.9693046875 0.8700416666666666 0.061382812499999995 0.1845277777777778