0 0.279015625 0.8045694444444444 0.080359375 0.25991666666666663
0 0.2857109375 0.6805555555555556 0.0982109375 0.16269444444444445
0 0.361046875 0.671625 0.072546875 0.20833333333333334
0 0.47600781249999996 0.6676527777777778 0.0747734375 0.25198611111111113
0 0.5066953125 0.6269861111111111 0.091515625 0.24602777777777776
0 0.5625 0.5337361111111112 0.078125 0.21824999999999997
0 0.6551328125 0.6309583333333334 0.055804687500000005 0.25
0 0.72265625 0.5644861111111111 0.056921875 0.25991666666666663
2 0.134484375 0.8095277777777778 0.056921875 0.19841666666666669
2 0.40625 0.6587361111111112 0.0513359375 0.16269444444444445
2 0.43303906249999996 0.6111111111111112 0.053570312499999995 0.16666666666666666
2 0.48772656249999996 0.577375 0.049109375 0.1745972222222222
2 0.5301328125 0.5416666666666666 0.0424140625 0.16269444444444445
2 0.283484375 0.7053611111111111 0.053570312499999995 0.1289722222222222
2 0.8627265625 0.9702361111111112 0.053570312499999995 0.05952777777777778
2 0.9190859375 0.9464305555555554 0.0546875 0.1071388888888889
2 0.9732109375 0.9245972222222223 0.053570312499999995 0.15079166666666666