0 0.1941953125 0.45237499999999997 0.055804687500000005 0.07540277777777778
0 0.2689765625 0.43254166666666666 0.0580390625 0.07143055555555555
0 0.3565859375 0.4781805555555556 0.036828125 0.12698611111111113
0 0.467078125 0.46626388888888887 0.0591484375 0.15079166666666666
0 0.5482265625 0.38918055555555553 0.054070312499999995 0.07076388888888889
0 0.6064296875 0.39319444444444446 0.059328124999999995 0.08677777777777777
2 0.4318203125 0.2923888888888889 0.0480625 0.08811111111111111
2 0.3822578125 0.3017361111111111 0.0480625 0.09079166666666667
2 0.33307031249999997 0.3104166666666667 0.0503203125 0.092125
2 0.28125 0.3190972222222222 0.0518203125 0.08811111111111111
2 0.2301796875 0.3297777777777778 0.0503203125 0.08811111111111111
2 0.178734375 0.33770833333333333 0.052671875 0.09056944444444444
2 0.12606250000000002 0.34654166666666664 0.0518046875 0.08980555555555556
2 0.0803046875 0.40524999999999994 0.066484375 0.030694444444444448
2 0.2238515625 0.520375 0.053968749999999996 0.09516666666666666
2 0.27932812500000004 0.50925 0.056125 0.10054166666666667
2 0.335453125 0.498125 0.0552578125 0.09670833333333333
2 0.389640625 0.4862222222222222 0.0531015625 0.09440277777777778
2 0.44274218750000005 0.47548611111111116 0.0531015625 0.09440277777777778
2 0.4954140625 0.46243055555555557 0.0522421875 0.09133333333333334
2 0.5485156250000001 0.4509166666666667 0.0522421875 0.08980555555555556
2 0.600109375 0.4424722222222222 0.05094531249999999 0.08826388888888889
2 0.39740625 0.7103472222222222 0.0600078125 0.1036111111111111
2 0.4565546875 0.6949861111111111 0.05828124999999999 0.10208333333333333
2 0.5150546874999999 0.6819444444444445 0.057851562499999995 0.10208333333333333
2 0.573984375 0.6704305555555555 0.05828124999999999 0.1036111111111111
2 0.6314062500000001 0.6554583333333334 0.0565546875 0.09823611111111112
2 0.6881796875 0.6428055555555555 0.056125 0.10054166666666667
2 0.744953125 0.6339722222222222 0.055695312500000003 0.10131944444444445
2 0.8015078125 0.6216944444444444 0.0565546875 0.10131944444444445
2 0.6057187500000001 0.9405972222222222 0.0638984375 0.11281944444444444
2 0.669828125 0.9240972222222222 0.0626015625 0.11359722222222222
2 0.733078125 0.9102777777777777 0.06303125000000001 0.11666666666666667
2 0.797625 0.8991527777777778 0.06346093750000001 0.12204166666666667
2 0.8610859375000001 0.8845694444444444 0.0626015625 0.11588888888888889
2 0.925203125 0.8626944444444444 0.0647578125 0.09977777777777778
2 0.9794375000000001 0.8611527777777778 0.041125 0.11052777777777778