0 0.12332812500000001 0.5129027777777778 0.0747734375 0.21230555555555558
0 0.232140625 0.5198472222222222 0.0736640625 0.1745972222222222
0 0.3197578125 0.48512500000000003 0.072546875 0.2162638888888889
0 0.42913281249999996 0.5049583333333333 0.072546875 0.18848611111111113
0 0.5267890625 0.48809722222222224 0.0892890625 0.1904722222222222
0 0.6255546875 0.45734722222222224 0.072546875 0.2678611111111111
0 0.7354921875 0.47718055555555555 0.080359375 0.20833333333333334
0 0.8314765625 0.49504166666666666 0.064734375 0.17658333333333334
2 0.43861718749999995 0.7430555555555556 0.11160937500000001 0.19643055555555555
2 0.5535703125 0.7390833333333333 0.11160937500000001 0.20040277777777776
2 0.665734375 0.7251944444444445 0.11272656249999999 0.1845277777777778
2 0.779015625 0.7202361111111112 0.11160937500000001 0.17856944444444445
2 0.8934140625 0.7172638888888888 0.11495312499999999 0.18055555555555555
2 0.9743281250000001 0.7132916666666668 0.0513359375 0.18055555555555555
2 0.9486640625 0.9007916666666668 0.1026796875 0.19841666666666669
2 0.83203125 0.9047638888888888 0.1261171875 0.1904722222222222
2 0.7036796875 0.9067500000000001 0.12164843750000001 0.18651388888888887