0 0.275109375 0.5684583333333334 0.1484375 0.13293055555555555
0 0.240515625 0.5208333333333334 0.0747734375 0.18848611111111113
0 0.3325859375 0.4444444444444444 0.091515625 0.14681944444444445
0 0.49888281250000005 0.4672638888888889 0.0736640625 0.172625
0 0.510046875 0.41765277777777776 0.0580390625 0.20040277777777776
0 0.435265625 0.29959722222222224 0.12053906249999999 0.12698611111111113
0 0.3956484375 0.2837361111111111 0.088171875 0.1706388888888889
0 0.493859375 0.18948611111111113 0.1015625 0.1289722222222222
2 0.3353828125 0.6745972222222222 0.025671875 0.16666666666666666
2 0.364953125 0.6170694444444444 0.03125 0.15873611111111113
2 0.39453125 0.5605138888888889 0.0278984375 0.16070833333333331
2 0.424109375 0.5049583333333333 0.0267890625 0.15675
2 0.44642968749999995 0.44940277777777776 0.0267890625 0.14880555555555555
2 0.470984375 0.3958333333333333 0.0245546875 0.1686527777777778
2 0.49330468749999995 0.35615277777777776 0.0245546875 0.16468055555555555
2 0.5161796875 0.31151388888888887 0.0189765625 0.13491666666666666