0 0.2215390625 0.6865138888888889 0.0390625 0.11904166666666666
0 0.22357812500000002 0.6252222222222222 0.046640625000000005 0.10945833333333334
0 0.3028671875 0.6130694444444444 0.0422890625 0.10502777777777779
0 0.39864062499999997 0.5406388888888889 0.034828125 0.1061388888888889
0 0.3404921875 0.44445833333333334 0.0429140625 0.1061388888888889
0 0.0733828125 0.3084722222222222 0.0273671875 0.09287500000000001
2 0.1240703125 0.6633611111111111 0.026742187499999997 0.1061388888888889
2 0.1517421875 0.6208055555555556 0.0273671875 0.08734722222222223
2 0.19621093750000002 0.6174861111111111 0.052859375 0.05418055555555555
2 0.1996328125 0.5439583333333333 0.0273671875 0.08844444444444445
2 0.22450781250000001 0.5085833333333334 0.022390625 0.07959722222222222
2 0.24627343750000003 0.4709861111111111 0.019898437499999998 0.07959722222222222
2 0.266484375 0.4411388888888889 0.0180390625 0.08181944444444444
2 0.285453125 0.41129166666666667 0.01865625 0.07518055555555556
2 0.0115078125 0.3294722222222222 0.0205234375 0.07738888888888888
2 0.46021093750000003 0.7894027777777778 0.0236328125 0.09729166666666667
2 0.48073437500000005 0.7374444444444445 0.01865625 0.09066666666666667
2 0.4984609375 0.6926666666666667 0.0180390625 0.09619444444444446
2 0.5161796875 0.6506527777777779 0.016171875 0.08513888888888889
2 0.5320390625 0.6130694444444444 0.0180390625 0.08955555555555555
2 0.5488359375 0.5693888888888888 0.0167890625 0.08623611111111111
2 0.5646953124999999 0.5367777777777778 0.014921875000000001 0.08955555555555555
2 0.5793046875 0.5008472222222222 0.015546874999999998 0.07959722222222222