0 0.12332812500000001 0.5248055555555555 0.0636171875 0.22420833333333334
0 0.2276796875 0.5079305555555556 0.055804687500000005 0.2222222222222222
0 0.3275703125 0.49504166666666666 0.056921875 0.2202361111111111
0 0.40234375 0.4990138888888889 0.0457578125 0.24008333333333334
0 0.47600781249999996 0.4593194444444444 0.0546875 0.2162638888888889
0 0.580359375 0.4831388888888889 0.0513359375 0.22420833333333334
0 0.6512265625 0.46626388888888887 0.0502265625 0.202375
0 0.7098203125 0.4652777777777778 0.0401796875 0.22420833333333334
0 0.765625 0.44741666666666663 0.060265625 0.21230555555555558
2 0.1534609375 0.22420833333333334 0.0658515625 0.11508333333333333
2 0.025109375 0.22916666666666666 0.0502265625 0.11309722222222224
2 0.0652890625 0.35218055555555555 0.0747734375 0.140875
2 0.0128359375 0.3541666666666667 0.0234375 0.13690277777777776
2 0.138953125 0.3412638888888889 0.0747734375 0.13095833333333334
2 0.2137265625 0.33929166666666666 0.072546875 0.13095833333333334
2 0.2862734375 0.33234722222222224 0.0703125 0.125
2 0.357703125 0.327375 0.072546875 0.12698611111111113
2 0.2020078125 0.47718055555555555 0.0825859375 0.14484722222222224
2 0.1400703125 0.5585277777777777 0.1015625 0.041666666666666664
2 0.2857109375 0.47420833333333334 0.0825859375 0.14681944444444445
2 0.3677421875 0.46329166666666666 0.0792421875 0.14880555555555555
2 0.44475781249999996 0.4593194444444444 0.0747734375 0.15675
2 0.5189765625 0.44940277777777776 0.075890625 0.13690277777777776
2 0.6121640625 0.46329166666666666 0.0770078125 0.125
2 0.2818046875 0.6507916666666667 0.0903984375 0.1706388888888889
2 0.3722109375 0.6379027777777778 0.0926328125 0.17658333333333334
2 0.46205468749999995 0.6299583333333333 0.0892890625 0.16070833333333331
2 0.5502265625 0.6220277777777778 0.0870546875 0.16468055555555555
2 0.6356015625 0.6130972222222222 0.0859375 0.16269444444444445
2 0.7221015625 0.6011944444444445 0.0870546875 0.16269444444444445
2 0.8074765625 0.5942500000000001 0.083703125 0.16070833333333331
2 0.8934140625 0.5892916666666667 0.0859375 0.15873611111111113
2 0.96875 0.5833333333333334 0.0625 0.1547638888888889
2 0.588171875 0.8382916666666668 0.0982109375 0.18848611111111113
2 0.685828125 0.8273750000000001 0.0971015625 0.18651388888888887
2 0.7862734375 0.814486111111111 0.099328125 0.18055555555555555
2 0.88671875 0.8055555555555556 0.0971015625 0.18651388888888887
2 0.9681953125 0.7956388888888889 0.0636171875 0.1904722222222222