0 0.1417421875 0.7529722222222222 0.0825859375 0.16468055555555555
0 0.2472109375 0.7281805555555555 0.083703125 0.18651388888888887
0 0.3387265625 0.7261944444444445 0.0747734375 0.1706388888888889
0 0.44977343750000004 0.7331388888888889 0.0825859375 0.172625
0 0.5535703125 0.7093194444444444 0.078125 0.172625
0 0.6484375 0.7053611111111111 0.080359375 0.17658333333333334
0 0.755578125 0.7013888888888888 0.0825859375 0.18055555555555555
0 0.85546875 0.6984166666666667 0.088171875 0.1745972222222222
2 0.6791328125 0.9722222222222222 0.11495312499999999 0.05555555555555555
2 0.795203125 0.9712361111111111 0.11272656249999999 0.057541666666666665
2 0.9112734375 0.9672638888888888 0.1171875 0.06547222222222222
2 0.9838203125 0.9642916666666667 0.0323671875 0.07143055555555555