0 0.154578125 0.5386944444444445 0.0591484375 0.24801388888888887
0 0.2544609375 0.5277777777777778 0.046875 0.24206944444444442
0 0.3744453125 0.5039722222222223 0.056921875 0.21824999999999997
0 0.46596093749999995 0.5168611111111111 0.0636171875 0.27579166666666666
0 0.515625 0.4761944444444445 0.055804687500000005 0.23809722222222224
0 0.6065859375 0.47718055555555555 0.0546875 0.22818055555555555
0 0.650671875 0.45237499999999997 0.0401796875 0.2063472222222222
0 0.732703125 0.4444444444444444 0.0390625 0.22619444444444448
0 0.775109375 0.4206388888888889 0.0435234375 0.234125
2 0.24944531250000002 0.264875 0.068078125 0.125
2 0.013390625 0.4761944444444445 0.0267890625 0.15873611111111113
2 0.154578125 0.4513888888888889 0.0859375 0.14484722222222224
2 0.23883593749999998 0.4404722222222222 0.0736640625 0.1547638888888889
2 0.3152890625 0.43352777777777773 0.0770078125 0.1527777777777778
2 0.3917421875 0.4206388888888889 0.075890625 0.14681944444444445
2 0.5435234375 0.3968194444444444 0.0736640625 0.13095833333333334
2 0.3175234375 0.671625 0.0903984375 0.1686527777777778
2 0.408484375 0.6527777777777778 0.0892890625 0.16269444444444445
2 0.49721093749999995 0.6349166666666667 0.0859375 0.17856944444444445
2 0.584265625 0.6200416666666667 0.0859375 0.1686527777777778
2 0.670203125 0.609125 0.083703125 0.1745972222222222
2 0.7544609375 0.5982083333333333 0.0848203125 0.1686527777777778
2 0.8359375 0.577375 0.078125 0.15873611111111113
2 0.9190859375 0.5664722222222223 0.083703125 0.1686527777777778
2 0.98046875 0.5595277777777778 0.0390625 0.1706388888888889
2 0.8498906249999999 0.8988055555555555 0.099328125 0.1904722222222222
2 0.9475468749999999 0.8819444444444444 0.09375 0.19245833333333331