0 0.12444531249999999 0.5545694444444444 0.056921875 0.27181944444444445
0 0.22711718749999998 0.5327361111111111 0.0591484375 0.24404166666666668
0 0.303015625 0.5168611111111111 0.0546875 0.25595833333333334
0 0.453125 0.5386944444444445 0.064734375 0.2638888888888889
0 0.46875 0.4831388888888889 0.075890625 0.2361111111111111
0 0.568640625 0.49008333333333337 0.0502265625 0.22619444444444448
0 0.5770078125 0.3918611111111111 0.046875 0.14880555555555555
0 0.6752265625 0.42162499999999997 0.055804687500000005 0.2361111111111111
0 0.732140625 0.3819444444444444 0.055804687500000005 0.23213888888888887
2 0.0184140625 0.08730555555555555 0.036828125 0.1388888888888889
2 0.2176328125 0.23213888888888887 0.055804687500000005 0.14681944444444445
2 0.0636171875 0.26290277777777776 0.0669609375 0.14484722222222224
2 0.0552421875 0.4831388888888889 0.0792421875 0.1686527777777778
2 0.13671875 0.4613055555555555 0.0814765625 0.16070833333333331
2 0.21930468749999998 0.4513888888888889 0.083703125 0.15675
2 0.2979921875 0.43948611111111113 0.0736640625 0.14880555555555555
2 0.5390625 0.3928611111111111 0.075890625 0.15079166666666666
2 0.6099296875 0.3720277777777778 0.061382812499999995 0.1527777777777778
2 0.318078125 0.7013888888888888 0.078125 0.18055555555555555
2 0.3995546875 0.6825416666666667 0.0848203125 0.1706388888888889
2 0.48492968750000004 0.6646805555555555 0.083703125 0.1706388888888889
2 0.5714296875 0.6448472222222222 0.0848203125 0.16666666666666666
2 0.6551328125 0.6240138888888889 0.078125 0.1686527777777778
2 0.736609375 0.6081388888888889 0.0848203125 0.172625
2 0.8203125 0.5902777777777778 0.080359375 0.16468055555555555
2 0.90234375 0.5724166666666667 0.0814765625 0.16468055555555555
2 0.9721015625 0.5575416666666667 0.055804687500000005 0.1547638888888889
2 0.728796875 0.921625 0.0892890625 0.15675
2 0.8231015625 0.9136944444444445 0.099328125 0.172625
2 0.9190859375 0.8968194444444445 0.0903984375 0.1904722222222222
2 0.9832578125 0.8849166666666667 0.033484375 0.18651388888888887