0 0.12332812500000001 0.5565416666666666 0.068078125 0.140875
0 0.2237734375 0.546625 0.0658515625 0.13293055555555555
0 0.3247734375 0.5456388888888889 0.0691953125 0.12301388888888888
0 0.42857031250000005 0.5456388888888889 0.0625 0.12301388888888888
0 0.5267890625 0.5357083333333333 0.0714296875 0.1388888888888889
0 0.627234375 0.5386944444444445 0.0669609375 0.1289722222222222
0 0.728234375 0.5357083333333333 0.061382812499999995 0.12301388888888888
0 0.8253359375 0.5307499999999999 0.068078125 0.13293055555555555
2 0.44921875 0.7539722222222223 0.11272656249999999 0.19444444444444445
2 0.5625 0.7460277777777777 0.11383593750000001 0.19841666666666669
2 0.6746640625 0.734125 0.11495312499999999 0.18254166666666669
2 0.7879453125 0.7291666666666666 0.11160937500000001 0.18055555555555555
2 0.9017890625 0.7251944444444445 0.11160937500000001 0.172625
2 0.9787968749999999 0.7242083333333332 0.0424140625 0.18254166666666669
2 0.7159609375 0.9126944444444445 0.11942187500000001 0.1745972222222222
2 0.8415156250000001 0.9087361111111111 0.1294609375 0.18254166666666669
2 0.9520078125 0.9067500000000001 0.095984375 0.18651388888888887