0 0.189171875 0.4623055555555556 0.0591484375 0.1111111111111111
0 0.26171875 0.43948611111111113 0.068078125 0.10119444444444445
0 0.357140625 0.48115277777777776 0.053570312499999995 0.17658333333333334
0 0.49107031250000005 0.4642916666666667 0.0691953125 0.1745972222222222
0 0.6010078125 0.39781944444444445 0.068078125 0.12102777777777778
0 0.674109375 0.40675 0.0625 0.13491666666666666
2 0.1953125 0.5138888888888888 0.0714296875 0.11904166666666666
2 0.263390625 0.5069444444444444 0.0625 0.12102777777777778
2 0.328125 0.49504166666666666 0.064734375 0.11706944444444445
2 0.39453125 0.48512500000000003 0.0658515625 0.11706944444444445
2 0.45982031250000005 0.4751944444444444 0.0625 0.11309722222222224
2 0.5234375 0.4652777777777778 0.064734375 0.11706944444444445
2 0.588171875 0.44940277777777776 0.0625 0.11706944444444445
2 0.6512265625 0.4404722222222222 0.061382812499999995 0.11508333333333333
2 0.3833671875 0.734125 0.068078125 0.12698611111111113
2 0.45424218749999995 0.7182499999999999 0.0714296875 0.12698611111111113
2 0.5262265625 0.7063472222222222 0.0703125 0.13095833333333334
2 0.595984375 0.6914722222222223 0.0669609375 0.125
2 0.6668515625 0.6795694444444444 0.0703125 0.1289722222222222
2 0.736046875 0.6686527777777778 0.0658515625 0.12698611111111113
2 0.8058046875 0.6547638888888889 0.0691953125 0.12698611111111113
2 0.8755546875 0.6418611111111111 0.068078125 0.125
2 0.6060234375 0.9573472222222221 0.075890625 0.08531944444444445
2 0.6830390625 0.9484166666666667 0.075890625 0.10318055555555557
2 0.7611640625 0.9424583333333334 0.078125 0.11508333333333333
2 0.8381718749999999 0.9345277777777778 0.0736640625 0.13095833333333334
2 0.9174140625 0.921625 0.080359375 0.14484722222222224
2 0.9793515625 0.9186527777777778 0.041296875 0.1428611111111111