0 0.1473203125 0.37004166666666666 0.0669609375 0.13293055555555555
0 0.23883593749999998 0.37004166666666666 0.060265625 0.1289722222222222
0 0.33984375 0.3611111111111111 0.068078125 0.12698611111111113
0 0.42857031250000005 0.3541666666666667 0.0714296875 0.125
0 0.5267890625 0.3412638888888889 0.080359375 0.13095833333333334
0 0.6138359375 0.33531944444444445 0.064734375 0.12698611111111113
0 0.701453125 0.3303611111111111 0.061382812499999995 0.125
0 0.7879453125 0.32241666666666663 0.0736640625 0.1289722222222222
2 0.595984375 0.6994027777777778 0.09375 0.18848611111111113
2 0.69921875 0.6894861111111111 0.1015625 0.18848611111111113
2 0.8041328125 0.6805555555555556 0.1015625 0.18651388888888887
2 0.9079218750000001 0.6676527777777778 0.1015625 0.18055555555555555
2 0.9793515625 0.6617083333333333 0.041296875 0.1845277777777778
2 0.9564765625 0.9345277777777778 0.0870546875 0.13095833333333334