0 0.1495546875 0.6259861111111111 0.064734375 0.21230555555555558
0 0.45647656249999996 0.7301527777777779 0.0982109375 0.18254166666666669
0 0.5234375 0.6081388888888889 0.0825859375 0.15675
0 0.44252343749999995 0.43948611111111113 0.068078125 0.2043611111111111
0 0.48549218749999995 0.3402777777777778 0.0625 0.20040277777777776
0 0.63671875 0.5654722222222222 0.10602343750000001 0.12301388888888888
0 0.6065859375 0.5119027777777778 0.0591484375 0.15873611111111113
0 0.634484375 0.46925 0.0390625 0.14484722222222224
0 0.603796875 0.3958333333333333 0.060265625 0.18055555555555555
2 0.036828125 0.5436527777777778 0.0424140625 0.15873611111111113
2 0.0775703125 0.4990138888888889 0.0390625 0.15675
2 0.11942187500000001 0.46031944444444445 0.0424140625 0.15079166666666666
2 0.1590390625 0.4166666666666667 0.036828125 0.1428611111111111
2 0.193078125 0.3680555555555556 0.033484375 0.1527777777777778
2 0.224890625 0.3303611111111111 0.0301328125 0.140875
2 0.010046875 0.5863055555555555 0.0200859375 0.14880555555555555
2 0.540734375 0.8482083333333333 0.036828125 0.172625
2 0.5747734375 0.7946388888888889 0.0357109375 0.15675
2 0.6065859375 0.7301527777777779 0.0323671875 0.1547638888888889
2 0.6372734375 0.6646805555555555 0.0379453125 0.1547638888888889
2 0.6707578125 0.6130972222222222 0.029015625 0.1547638888888889
2 0.69921875 0.5585277777777777 0.0323671875 0.14880555555555555
2 0.7310234375 0.5059583333333334 0.033484375 0.15873611111111113
2 0.763953125 0.4543611111111111 0.0346015625 0.15079166666666666