0 0.3353828125 0.8214305555555554 0.061382812499999995 0.297625
0 0.30859375 0.6845277777777778 0.0636171875 0.18254166666666669
0 0.3822578125 0.6914722222222223 0.0859375 0.27181944444444445
0 0.44586718750000004 0.6547638888888889 0.0703125 0.29365277777777776
0 0.478234375 0.6011944444444445 0.061382812499999995 0.28968055555555555
0 0.474328125 0.4861111111111111 0.0625 0.2301527777777778
0 0.6556953125 0.5267916666666667 0.1395078125 0.16070833333333331
0 0.6690859375 0.4484166666666667 0.0591484375 0.21824999999999997
2 0.0714296875 0.43254166666666666 0.0379453125 0.1745972222222222
2 0.029015625 0.4722222222222222 0.0357109375 0.1745972222222222
2 0.572546875 0.9077361111111112 0.033484375 0.1845277777777778
2 0.6065859375 0.8601249999999999 0.0323671875 0.17658333333333334
2 0.6395078125 0.8045694444444444 0.03125 0.18055555555555555
2 0.671875 0.748013888888889 0.029015625 0.18651388888888887
2 0.701453125 0.7004027777777778 0.025671875 0.1904722222222222
2 0.728234375 0.6448472222222222 0.0278984375 0.19841666666666669
2 0.7611640625 0.5902777777777778 0.033484375 0.17658333333333334
2 0.7896171875 0.5426527777777778 0.025671875 0.18055555555555555