0 0.11551562500000001 0.4970277777777778 0.056921875 0.2638888888888889
0 0.1947578125 0.4870972222222222 0.0591484375 0.24008333333333334
0 0.2767890625 0.46031944444444445 0.0625 0.24206944444444442
0 0.420203125 0.4781805555555556 0.0479921875 0.23809722222222224
0 0.45758593750000004 0.44147222222222227 0.033484375 0.2361111111111111
0 0.5390625 0.45237499999999997 0.053570312499999995 0.24206944444444442
0 0.584265625 0.40873611111111113 0.0479921875 0.2222222222222222
0 0.6746640625 0.39781944444444445 0.0435234375 0.25595833333333334
0 0.7433046875 0.3759861111111111 0.0714296875 0.20833333333333334
2 0.400671875 0.26290277777777776 0.0714296875 0.140875
2 0.3309140625 0.26984722222222224 0.068078125 0.13491666666666666
2 0.1707578125 0.29365277777777776 0.0714296875 0.1388888888888889
2 0.095984375 0.3015833333333333 0.080359375 0.13491666666666666
2 0.0440859375 0.5188472222222222 0.0770078125 0.15675
2 0.385046875 0.4613055555555555 0.075890625 0.16468055555555555
2 0.3080390625 0.46925 0.078125 0.15675
2 0.1489921875 0.5257916666666667 0.0814765625 0.1111111111111111
2 0.228234375 0.5009861111111111 0.0770078125 0.13293055555555555
2 0.46763281250000005 0.4444444444444444 0.078125 0.1547638888888889
2 0.6238828125 0.4245972222222222 0.0848203125 0.15079166666666666
2 0.7198671875 0.4206388888888889 0.09375 0.13095833333333334
2 0.3643984375 0.7083333333333334 0.0814765625 0.17856944444444445
2 0.44866406249999996 0.6904722222222222 0.0870546875 0.1745972222222222
2 0.5385078125 0.6745972222222222 0.088171875 0.15873611111111113
2 0.627234375 0.6587361111111112 0.0848203125 0.1706388888888889
2 0.7142890625 0.640875 0.0892890625 0.16666666666666666
2 0.8046875 0.6259861111111111 0.0870546875 0.1686527777777778
2 0.8922968750000001 0.610125 0.0859375 0.16468055555555555
2 0.9676328125 0.6001944444444445 0.064734375 0.16070833333333331
2 0.7388359375 0.921625 0.0892890625 0.15675
2 0.8325859375 0.9117083333333332 0.0982109375 0.17658333333333334
2 0.9319218749999999 0.8968194444444445 0.1004453125 0.1904722222222222