0 0.135046875 0.5039722222222223 0.064734375 0.1547638888888889
0 0.22265625 0.5019861111111111 0.0658515625 0.14681944444444445
0 0.310828125 0.49504166666666666 0.072546875 0.1527777777777778
0 0.3989921875 0.49504166666666666 0.0658515625 0.140875
0 0.48716406250000005 0.48412499999999997 0.0636171875 0.15079166666666666
0 0.576453125 0.49404166666666666 0.0658515625 0.1428611111111111
0 0.6640625 0.48412499999999997 0.0625 0.1388888888888889
0 0.744421875 0.4791666666666667 0.064734375 0.140875
0 0.8270078125 0.4732083333333333 0.0625 0.14484722222222224
2 0.42075781250000005 0.6924583333333333 0.095984375 0.1706388888888889
2 0.5200859375 0.6875 0.095984375 0.172625
2 0.618859375 0.6775833333333333 0.0971015625 0.16070833333333331
2 0.7153984375 0.6706388888888889 0.091515625 0.15873611111111113
2 0.8152890625 0.6656805555555556 0.099328125 0.16070833333333331
2 0.9129453125 0.6636944444444445 0.095984375 0.16468055555555555
2 0.9810234375 0.6607083333333333 0.0379453125 0.15873611111111113
2 0.6534609375 0.8442500000000001 0.1082578125 0.18848611111111113
2 0.7628359375 0.8422638888888888 0.10602343750000001 0.19245833333333331
2 0.8694218749999999 0.8373055555555555 0.10714062499999999 0.18254166666666669
2 0.9620546875 0.8373055555555555 0.075890625 0.18254166666666669
2 0.9319218749999999 0.9652777777777778 0.127234375 0.06944444444444445