0 0.1015625 0.514875 0.0669609375 0.22818055555555555
0 0.1947578125 0.5069444444444444 0.061382812499999995 0.23213888888888887
0 0.267296875 0.49206944444444445 0.056921875 0.234125
0 0.420203125 0.4930555555555556 0.052453125 0.22818055555555555
0 0.45982031250000005 0.4652777777777778 0.0424140625 0.24404166666666668
0 0.5390625 0.4732083333333333 0.046875 0.2361111111111111
0 0.57421875 0.42162499999999997 0.041296875 0.22420833333333334
0 0.654578125 0.40675 0.0546875 0.2222222222222222
0 0.7388359375 0.3879027777777778 0.055804687500000005 0.22818055555555555
2 0.260046875 0.2043611111111111 0.0714296875 0.13491666666666666
2 0.1875 0.21824999999999997 0.075890625 0.1388888888888889
2 0.036828125 0.23908333333333331 0.0691953125 0.140875
2 0.0346015625 0.5188472222222222 0.064734375 0.06151388888888889
2 0.0982109375 0.5009861111111111 0.1004453125 0.04959722222222222
2 0.1713203125 0.4136944444444445 0.0770078125 0.14880555555555555
2 0.247765625 0.3998055555555556 0.0736640625 0.14880555555555555
2 0.3236640625 0.38690277777777776 0.078125 0.14681944444444445
2 0.48102343750000004 0.36012500000000003 0.0691953125 0.13690277777777776
2 0.22321093749999998 0.6448472222222222 0.0892890625 0.1706388888888889
2 0.3113828125 0.6259861111111111 0.0848203125 0.16468055555555555
2 0.3956484375 0.609125 0.083703125 0.16269444444444445
2 0.48158593749999995 0.5922638888888889 0.088171875 0.16070833333333331
2 0.5658515625 0.5754027777777778 0.080359375 0.1547638888888889
2 0.6489921875 0.5575416666666667 0.0814765625 0.15873611111111113
2 0.7338203125 0.546625 0.0814765625 0.16070833333333331
2 0.8158515625 0.5257916666666667 0.080359375 0.15873611111111113
2 0.8978828125 0.5188472222222222 0.083703125 0.16070833333333331
2 0.58203125 0.8581388888888889 0.0948671875 0.18055555555555555
2 0.6763359375 0.8382916666666668 0.09375 0.18055555555555555
2 0.7700859375 0.8194444444444444 0.09375 0.1745972222222222
2 0.8643984375 0.8005972222222222 0.0948671875 0.1845277777777778
2 0.9564765625 0.7847222222222222 0.0870546875 0.18055555555555555