0 0.142296875 0.7688472222222222 0.083703125 0.140875
0 0.24609375 0.751986111111111 0.0814765625 0.1428611111111111
0 0.3387265625 0.7450416666666666 0.0703125 0.140875
0 0.45200781250000005 0.7470277777777778 0.080359375 0.125
0 0.5513359375 0.7321388888888889 0.0669609375 0.13491666666666666
0 0.6489921875 0.7242083333333332 0.0747734375 0.1388888888888889
0 0.7578125 0.7251944444444445 0.0714296875 0.13690277777777776
0 0.8599296875 0.7113055555555555 0.0770078125 0.14484722222222224
2 0.6802421875 0.9751944444444445 0.11272656249999999 0.04959722222222222
2 0.7957578125 0.9702361111111112 0.11160937500000001 0.05952777777777778
2 0.9118281250000001 0.9672638888888888 0.11383593750000001 0.06547222222222222
2 0.9838203125 0.9632916666666668 0.0323671875 0.07341666666666667