0 0.1674140625 0.6359166666666667 0.1808046875 0.15675
0 0.2254453125 0.5625 0.09375 0.1845277777777778
0 0.2862734375 0.5248055555555555 0.1283515625 0.18848611111111113
0 0.3638359375 0.3680555555555556 0.064734375 0.27181944444444445
0 0.5228828125 0.5694444444444444 0.0948671875 0.25
0 0.6166328125 0.5575416666666667 0.0971015625 0.28968055555555555
0 0.6395078125 0.41865277777777776 0.075890625 0.1388888888888889
0 0.638390625 0.32241666666666663 0.1339296875 0.1527777777777778
2 0.150109375 0.24305555555555555 0.056921875 0.1686527777777778
2 0.0831484375 0.27181944444444445 0.068078125 0.17856944444444445
2 0.0262265625 0.30059722222222224 0.0479921875 0.172625
2 0.209265625 0.7698472222222221 0.0814765625 0.2222222222222222
2 0.2901796875 0.6884861111111111 0.080359375 0.1745972222222222
2 0.3671875 0.6557499999999999 0.0736640625 0.20833333333333334
2 0.45982031250000005 0.6438472222222222 0.080359375 0.172625
2 0.5809140625 0.5386944444444445 0.0658515625 0.20040277777777776
2 0.64453125 0.49404166666666666 0.0591484375 0.19444444444444445
2 0.704796875 0.4553611111111111 0.0591484375 0.18848611111111113
2 0.7622734375 0.4206388888888889 0.053570312499999995 0.19444444444444445
2 0.5161796875 0.6081388888888889 0.056921875 0.14484722222222224