0 0.1294609375 0.5863055555555555 0.060265625 0.25991666666666663
0 0.244421875 0.7073472222222222 0.0736640625 0.22818055555555555
0 0.3777890625 0.6210277777777777 0.0591484375 0.26190277777777776
0 0.454796875 0.3958333333333333 0.0770078125 0.1845277777777778
0 0.510046875 0.5099166666666667 0.053570312499999995 0.2063472222222222
0 0.549109375 0.625 0.0625 0.28175
0 0.6417421875 0.5228194444444445 0.0825859375 0.24008333333333334
0 0.6183046875 0.36309722222222224 0.0870546875 0.13491666666666666
0 0.532921875 0.31845833333333334 0.0479921875 0.23213888888888887
2 0.1261171875 0.2470277777777778 0.046875 0.14880555555555555
2 0.0714296875 0.2738055555555555 0.055804687500000005 0.14681944444444445
2 0.1902890625 0.7509861111111111 0.056921875 0.172625
2 0.2472109375 0.7043611111111111 0.061382812499999995 0.16269444444444445
2 0.3387265625 0.6517916666666667 0.083703125 0.16070833333333331
2 0.44085156249999996 0.5684583333333334 0.0580390625 0.172625
2 0.3839296875 0.6071388888888889 0.046875 0.16269444444444445
2 0.6573671875 0.4097222222222222 0.049109375 0.16468055555555555
2 0.5546875 0.48809722222222224 0.046875 0.15873611111111113
2 0.515625 0.5684583333333334 0.080359375 0.08134722222222222
2 0.6088203125 0.5089305555555556 0.0591484375 0.06151388888888889
2 0.9815859375 0.9146805555555556 0.036828125 0.1706388888888889