0 0.1551328125 0.625 0.060265625 0.21429166666666666
0 0.43359375 0.4305555555555556 0.0479921875 0.21824999999999997
0 0.47210156249999996 0.33929166666666666 0.0580390625 0.19444444444444445
0 0.48828125 0.7331388888888889 0.083703125 0.1845277777777778
0 0.5385078125 0.6379027777777778 0.068078125 0.21230555555555558
0 0.6300234375 0.6001944444444445 0.0903984375 0.2202361111111111
0 0.6060234375 0.49008333333333337 0.055804687500000005 0.13491666666666666
0 0.5965390625 0.43154166666666666 0.0591484375 0.10912499999999999
0 0.59375 0.35515277777777776 0.0625 0.09920833333333334
2 0.0943046875 0.327375 0.036828125 0.1388888888888889
2 0.0161796875 0.42162499999999997 0.0323671875 0.15675
2 0.0541328125 0.38491666666666663 0.0457578125 0.14681944444444445
2 0.41685156250000005 0.8115138888888889 0.036828125 0.16269444444444445
2 0.45647656249999996 0.7589305555555554 0.0424140625 0.14484722222222224
2 0.493859375 0.6944444444444444 0.0323671875 0.13491666666666666
2 0.525109375 0.6220277777777778 0.0323671875 0.140875
2 0.556921875 0.5595277777777778 0.03125 0.12698611111111113
2 0.5909609375 0.514875 0.0346015625 0.13293055555555555
2 0.627234375 0.4365138888888889 0.0401796875 0.14681944444444445