0 0.196984375 0.49008333333333337 0.0591484375 0.2301527777777778
0 0.25 0.4513888888888889 0.060265625 0.2202361111111111
0 0.3208671875 0.4375 0.056921875 0.20833333333333334
0 0.41852343750000004 0.43551388888888887 0.060265625 0.2202361111111111
0 0.4765625 0.42956944444444445 0.049109375 0.22420833333333334
0 0.5150703125 0.3859166666666667 0.056921875 0.2043611111111111
0 0.5825859375 0.38095833333333334 0.0669609375 0.21429166666666666
0 0.6847109375 0.37102777777777773 0.0457578125 0.2222222222222222
2 0.260046875 0.18154166666666668 0.0580390625 0.125
2 0.197546875 0.19245833333333331 0.064734375 0.13095833333333334
2 0.1322578125 0.20536111111111113 0.061382812499999995 0.1289722222222222
2 0.06640625 0.21824999999999997 0.068078125 0.13491666666666666
2 0.015625 0.22916666666666666 0.03125 0.140875
2 0.09765625 0.4672638888888889 0.072546875 0.14484722222222224
2 0.1729921875 0.44940277777777776 0.0736640625 0.14880555555555555
2 0.2505546875 0.4404722222222222 0.0770078125 0.1428611111111111
2 0.3113828125 0.41765277777777776 0.0714296875 0.1527777777777778
2 0.3828125 0.40675 0.0691953125 0.1428611111111111
2 0.451453125 0.3859166666666667 0.0636171875 0.14484722222222224
2 0.515625 0.3720277777777778 0.0625 0.1527777777777778
2 0.5792421875 0.3581388888888889 0.060265625 0.14484722222222224
2 0.454796875 0.703375 0.072546875 0.16070833333333331
2 0.5284609375 0.6865138888888889 0.0747734375 0.16269444444444445
2 0.603796875 0.6636944444444445 0.0736640625 0.1527777777777778
2 0.678015625 0.6448472222222222 0.0703125 0.1547638888888889
2 0.748328125 0.6259861111111111 0.068078125 0.16070833333333331
2 0.8197578125 0.610125 0.0703125 0.1527777777777778
2 0.8917421875 0.5892916666666667 0.0669609375 0.15079166666666666
2 0.9598203125 0.5734166666666667 0.0669609375 0.1547638888888889
2 0.9659609375 0.9434583333333333 0.068078125 0.11309722222222224