0 0.21930468749999998 0.8065416666666667 0.041296875 0.25991666666666663
0 0.23883593749999998 0.6904722222222222 0.0691953125 0.1745972222222222
0 0.321984375 0.6835277777777777 0.0770078125 0.19643055555555555
0 0.431921875 0.6994027777777778 0.053570312499999995 0.25595833333333334
0 0.47711718750000004 0.6666666666666666 0.0479921875 0.24602777777777776
0 0.529015625 0.5932499999999999 0.0825859375 0.23809722222222224
0 0.6021171875 0.6557499999999999 0.0636171875 0.2202361111111111
0 0.6919609375 0.6061527777777778 0.0691953125 0.23213888888888887
2 0.064171875 0.7896805555555556 0.0658515625 0.18254166666666669
2 0.131140625 0.7509861111111111 0.0658515625 0.18055555555555555
2 0.1958671875 0.7043611111111111 0.0636171875 0.1388888888888889
2 0.2606015625 0.6835277777777777 0.061382812499999995 0.1686527777777778
2 0.3191953125 0.6597222222222222 0.0580390625 0.172625
2 0.3783515625 0.6299583333333333 0.053570312499999995 0.16070833333333331
2 0.43080468749999995 0.6041666666666666 0.049109375 0.15675
2 0.486609375 0.5803611111111111 0.0580390625 0.1527777777777778
2 0.6690859375 0.9573472222222221 0.061382812499999995 0.08531944444444445
2 0.7293515625 0.9414722222222223 0.056921875 0.11706944444444445
2 0.9107109375 0.8690416666666667 0.055804687500000005 0.17856944444444445
2 0.9698671875 0.8333333333333334 0.060265625 0.17856944444444445
2 0.8510078125 0.935513888888889 0.056921875 0.11309722222222224
2 0.7924140625 0.9384861111111111 0.055804687500000005 0.12301388888888888