0 0.107625 0.51625 0.046296875 0.14584722222222224
0 0.158796875 0.4772638888888889 0.0430546875 0.12275
0 0.2473359375 0.49891666666666673 0.0381796875 0.12275
0 0.3874609375 0.4830416666666667 0.0357421875 0.12563888888888888
0 0.39070312500000004 0.38051388888888893 0.0341171875 0.1285138888888889
0 0.42116406250000005 0.3400694444444444 0.0316796875 0.10830555555555556
2 0.1425546875 0.18988888888888888 0.0365546875 0.07654166666666666
2 0.1035625 0.20794444444444443 0.039804687500000005 0.08374999999999999
2 0.062140625000000005 0.2231111111111111 0.0414296875 0.08230555555555555
2 0.021117187500000002 0.24043055555555556 0.0389921875 0.08519444444444445
2 0.071484375 0.5046944444444444 0.050359375 0.09674999999999999
2 0.10925 0.474375 0.054421874999999995 0.08519444444444445
2 0.158796875 0.4505416666666667 0.044671875 0.09530555555555556
2 0.2018515625 0.4267222222222222 0.0414296875 0.08808333333333333
2 0.2445 0.40650000000000003 0.043859375 0.0938611111111111
2 0.285921875 0.37906944444444446 0.0389921875 0.09097222222222222
2 0.32775781249999997 0.3653472222222222 0.0381796875 0.09241666666666667
2 0.3773046875 0.3718472222222223 0.052796875 0.03320833333333333
2 0.32775781249999997 0.7126388888888889 0.044671875 0.10830555555555556
2 0.3732421875 0.6823194444444444 0.044671875 0.10252777777777777
2 0.4183203125 0.6541527777777778 0.043859375 0.10108333333333333
2 0.46259375 0.626 0.0430546875 0.09963888888888889
2 0.5056406250000001 0.5992777777777778 0.0430546875 0.09819444444444445
2 0.5474765625 0.5725694444444445 0.0389921875 0.0938611111111111
2 0.586875 0.5465694444444444 0.0381796875 0.0938611111111111
2 0.625453125 0.5249166666666667 0.0357421875 0.09674999999999999
2 0.644953125 0.9613750000000001 0.043859375 0.07725
2 0.6912499999999999 0.9364722222222223 0.047109374999999995 0.10541666666666667
2 0.738359375 0.90975 0.043859375 0.12130555555555556
2 0.7826328124999999 0.8758194444444445 0.0430546875 0.11697222222222223
2 0.8281171875 0.8418888888888888 0.0430546875 0.1068611111111111
2 0.8723906250000001 0.8079444444444445 0.0422421875 0.10830555555555556
2 0.91503125 0.7761805555555555 0.0414296875 0.10830555555555556
2 0.9560546875 0.7509027777777777 0.037367187499999996 0.10397222222222222