0 0.220421875 0.6914722222222223 0.0546875 0.1686527777777778
0 0.263390625 0.6736111111111112 0.0580390625 0.20833333333333334
0 0.38671875 0.6795694444444444 0.052453125 0.20040277777777776
0 0.46038281249999996 0.6884861111111111 0.0479921875 0.21429166666666666
0 0.517859375 0.6785694444444444 0.044640625 0.21824999999999997
0 0.6060234375 0.6775833333333333 0.060265625 0.20040277777777776
0 0.6724296875 0.6468194444444444 0.0435234375 0.22619444444444448
0 0.7393984375 0.6547638888888889 0.0457578125 0.234125
2 0.338171875 0.5119027777777778 0.064734375 0.1388888888888889
2 0.26953125 0.5208333333333334 0.068078125 0.140875
2 0.200890625 0.5297638888888889 0.0691953125 0.1428611111111111
2 0.11495312499999999 0.7202361111111112 0.0825859375 0.15079166666666666
2 0.21038281250000002 0.7291666666666666 0.088171875 0.09325
2 0.271203125 0.6964305555555556 0.078125 0.14681944444444445
2 0.3471015625 0.6835277777777777 0.0669609375 0.14484722222222224
2 0.443640625 0.7321388888888889 0.0948671875 0.06348611111111112
2 0.5 0.6666666666666666 0.060265625 0.14681944444444445
2 0.580359375 0.6597222222222222 0.078125 0.13690277777777776
2 0.6372734375 0.6418611111111111 0.0714296875 0.13690277777777776
2 0.44810156250000005 0.8948472222222221 0.0792421875 0.16666666666666666
2 0.52734375 0.8819444444444444 0.0792421875 0.16070833333333331
2 0.6082578125 0.8700416666666666 0.080359375 0.172625
2 0.6875 0.8531805555555555 0.075890625 0.16269444444444445
2 0.7661796875 0.8482083333333333 0.0747734375 0.1686527777777778
2 0.84765625 0.8373055555555555 0.0792421875 0.15873611111111113
2 0.9296875 0.8323472222222221 0.075890625 0.16468055555555555
2 0.9854921875 0.8194444444444444 0.029015625 0.15873611111111113