0 0.2042421875 0.45337500000000003 0.0848203125 0.11309722222222224
0 0.2488828125 0.41765277777777776 0.080359375 0.10119444444444445
0 0.3353828125 0.40575 0.0859375 0.11706944444444445
0 0.42466406250000005 0.40575 0.072546875 0.08929166666666667
0 0.49163281249999996 0.39087500000000003 0.0636171875 0.10318055555555557
0 0.533484375 0.3472222222222222 0.060265625 0.11508333333333333
0 0.5825859375 0.3363055555555555 0.0736640625 0.10119444444444445
0 0.6752265625 0.31845833333333334 0.0892890625 0.08929166666666667
2 0.0284609375 0.06745833333333333 0.0546875 0.11904166666666666
2 0.33203125 0.23213888888888887 0.052453125 0.12698611111111113
2 0.2734375 0.25 0.0580390625 0.12698611111111113
2 0.2120546875 0.26587500000000003 0.060265625 0.13095833333333334
2 0.1473203125 0.2777777777777778 0.0669609375 0.13491666666666666
2 0.0825859375 0.2956388888888889 0.060265625 0.1388888888888889
2 0.0245546875 0.30754166666666666 0.049109375 0.13491666666666666
2 0.22321093749999998 0.5545694444444444 0.064734375 0.140875
2 0.291296875 0.5317500000000001 0.0669609375 0.14681944444444445
2 0.3582578125 0.514875 0.064734375 0.14484722222222224
2 0.42578125 0.49602777777777773 0.068078125 0.1428611111111111
2 0.49274218750000004 0.4751944444444444 0.0658515625 0.14484722222222224
2 0.5591484375 0.46031944444444445 0.064734375 0.1428611111111111
2 0.622765625 0.4404722222222222 0.060265625 0.1388888888888889
2 0.6808046875 0.42758333333333337 0.053570312499999995 0.14880555555555555
2 0.623328125 0.8134861111111111 0.068078125 0.16269444444444445
2 0.6947578125 0.7847222222222222 0.0703125 0.16468055555555555
2 0.7650703125 0.7638888888888888 0.0703125 0.15873611111111113
2 0.8359375 0.7242083333333332 0.0691953125 0.1388888888888889
2 0.9084843749999999 0.7152777777777778 0.0714296875 0.1527777777777778
2 0.9732109375 0.6944444444444444 0.053570312499999995 0.15873611111111113