0 0.1568046875 0.4236111111111111 0.041296875 0.14484722222222224
0 0.204796875 0.3988055555555555 0.0479921875 0.1547638888888889
0 0.302453125 0.42162499999999997 0.0401796875 0.14880555555555555
0 0.431921875 0.41170833333333334 0.046875 0.140875
0 0.470984375 0.3263888888888889 0.029015625 0.125
0 0.5161796875 0.31745833333333334 0.0390625 0.12698611111111113
2 0.04296875 0.047625 0.0457578125 0.08333333333333333
2 0.0106015625 0.05555555555555555 0.021203125 0.08730555555555555
2 0.087609375 0.04068055555555555 0.041296875 0.077375
2 0.1294609375 0.036708333333333336 0.0401796875 0.07341666666666667
2 0.0206484375 0.2331388888888889 0.0390625 0.09325
2 0.064734375 0.2202361111111111 0.049109375 0.09126388888888888
2 0.11272656249999999 0.20931944444444445 0.044640625 0.08929166666666667
2 0.1590390625 0.19940277777777776 0.0457578125 0.09325
2 0.204796875 0.18551388888888887 0.0435234375 0.08531944444444445
2 0.247765625 0.172625 0.0424140625 0.08730555555555555
2 0.290734375 0.16269444444444445 0.041296875 0.08730555555555555
2 0.14453125 0.42262500000000003 0.0502265625 0.09126388888888888
2 0.1953125 0.4017916666666667 0.049109375 0.09325
2 0.244421875 0.3879027777777778 0.049109375 0.09722222222222222
2 0.29296875 0.3740138888888889 0.0479921875 0.09722222222222222
2 0.33984375 0.3571388888888889 0.0435234375 0.0952361111111111
2 0.3861640625 0.34325 0.046875 0.09126388888888888
2 0.43303906249999996 0.3293611111111111 0.046875 0.09920833333333334
2 0.478234375 0.3125 0.041296875 0.09325
2 0.3465390625 0.6210277777777777 0.052453125 0.1071388888888889
2 0.3984375 0.5982083333333333 0.0513359375 0.10119444444444445
2 0.44977343750000004 0.5803611111111111 0.049109375 0.10119444444444445
2 0.5011171875 0.5625 0.0513359375 0.10119444444444445
2 0.5513359375 0.546625 0.049109375 0.10515277777777778
2 0.6010078125 0.5297638888888889 0.0479921875 0.10318055555555557
2 0.6489921875 0.5109166666666667 0.0479921875 0.09325
2 0.6947578125 0.49404166666666666 0.0390625 0.0952361111111111
2 0.5909609375 0.8700416666666666 0.056921875 0.10912499999999999
2 0.646765625 0.8442500000000001 0.0546875 0.10912499999999999
2 0.703125 0.8174583333333334 0.055804687500000005 0.11904166666666666
2 0.759484375 0.7986111111111112 0.0546875 0.11309722222222224
2 0.8130546875 0.7787638888888889 0.052453125 0.11309722222222224
2 0.8666328125 0.7599166666666667 0.0546875 0.1111111111111111
2 0.9224296875 0.7370972222222223 0.052453125 0.10119444444444445
2 0.9737734375 0.7172638888888888 0.0502265625 0.11309722222222224