0 0.1316953125 0.4761944444444445 0.0714296875 0.15079166666666666
0 0.236609375 0.4543611111111111 0.0736640625 0.1706388888888889
0 0.328125 0.44147222222222227 0.064734375 0.17658333333333334
0 0.521765625 0.4136944444444445 0.0703125 0.16468055555555555
0 0.7153984375 0.3859166666666667 0.080359375 0.17658333333333334
0 0.8024531250000001 0.38095833333333334 0.075890625 0.16666666666666666
2 0.510046875 0.9067500000000001 0.109375 0.17856944444444445
2 0.6183046875 0.8928611111111111 0.10491406249999999 0.19444444444444445
2 0.724890625 0.8779722222222222 0.1082578125 0.19643055555555555
2 0.8342656249999999 0.8650833333333333 0.1082578125 0.202375
2 0.9436406249999999 0.8482083333333333 0.1082578125 0.18848611111111113