0 0.16796875 0.49404166666666666 0.0457578125 0.19841666666666669
0 0.25390625 0.46825 0.0502265625 0.1904722222222222
0 0.3426328125 0.4722222222222222 0.0625 0.1706388888888889
0 0.5189765625 0.4593194444444444 0.064734375 0.172625
0 0.6556953125 0.4156805555555556 0.0479921875 0.1845277777777778
0 0.75 0.4126944444444444 0.053570312499999995 0.18254166666666669
2 0.3126328125 0.6784861111111111 0.082171875 0.14265277777777777
2 0.395453125 0.6607916666666667 0.08089062500000001 0.14151388888888888
2 0.47665625 0.6499583333333334 0.08153125 0.140375
2 0.5578671875000001 0.6368333333333334 0.082171875 0.13923611111111112
2 0.6387578125 0.6231388888888889 0.0796015625 0.14151388888888888
2 0.7193203125000001 0.6088611111111111 0.07767968750000001 0.140375
2 0.7995703125 0.5974583333333333 0.0789609375 0.140375
2 0.8794921875 0.5860416666666667 0.0783203125 0.14265277777777777
2 0.5437421875 0.9325416666666666 0.0860234375 0.13491666666666666
2 0.632015625 0.9221527777777778 0.089234375 0.14151388888888888
2 0.721890625 0.9095972222222222 0.0879453125 0.15520833333333334
2 0.8108046874999999 0.9010277777777778 0.0873046875 0.15634722222222222
2 0.899390625 0.8861944444444444 0.08987500000000001 0.15406944444444445
2 0.972484375 0.8759305555555555 0.05503125 0.15406944444444445