0 0.1300234375 0.5009861111111111 0.0636171875 0.1527777777777778
0 0.21875 0.5009861111111111 0.064734375 0.140875
0 0.3136171875 0.4930555555555556 0.0691953125 0.13690277777777776
0 0.3989921875 0.49504166666666666 0.068078125 0.140875
0 0.48828125 0.48512500000000003 0.0658515625 0.16468055555555555
0 0.5770078125 0.49206944444444445 0.064734375 0.13491666666666666
0 0.6646171875 0.48412499999999997 0.0747734375 0.14681944444444445
0 0.7466484375 0.4821388888888889 0.0669609375 0.1428611111111111
0 0.8303593749999999 0.4722222222222222 0.064734375 0.1547638888888889
2 0.42075781250000005 0.6904722222222222 0.09375 0.16666666666666666
2 0.5189765625 0.6865138888888889 0.095984375 0.1706388888888889
2 0.6177421875 0.6765833333333333 0.0971015625 0.1547638888888889
2 0.7176328125 0.6706388888888889 0.09375 0.1547638888888889
2 0.8152890625 0.6706388888888889 0.0971015625 0.1547638888888889
2 0.9118281250000001 0.6626944444444445 0.1004453125 0.15873611111111113
2 0.9810234375 0.6597222222222222 0.0379453125 0.15675
2 0.6568046875 0.8492083333333332 0.1082578125 0.19841666666666669
2 0.7622734375 0.8422638888888888 0.10491406249999999 0.19643055555555555
2 0.8705390625 0.8402777777777778 0.109375 0.18848611111111113
2 0.9631718749999999 0.8373055555555555 0.0736640625 0.18651388888888887
2 0.9319218749999999 0.9672638888888888 0.125 0.06547222222222222