0 0.11774218750000001 0.49106944444444445 0.0703125 0.2361111111111111
0 0.2393984375 0.4990138888888889 0.061382812499999995 0.22420833333333334
0 0.3046875 0.4702361111111111 0.0580390625 0.22619444444444448
0 0.423546875 0.4702361111111111 0.072546875 0.21824999999999997
0 0.515625 0.47718055555555555 0.060265625 0.2043611111111111
0 0.619421875 0.46329166666666666 0.0625 0.20833333333333334
0 0.7198671875 0.4613055555555555 0.0513359375 0.20040277777777776
0 0.8102656250000001 0.46031944444444445 0.0714296875 0.21031944444444445
2 0.345421875 0.6785694444444444 0.10602343750000001 0.18651388888888887
2 0.45367968750000004 0.672625 0.1104921875 0.1904722222222222
2 0.5636171875 0.6607083333333333 0.10714062499999999 0.1745972222222222
2 0.669640625 0.6547638888888889 0.109375 0.16666666666666666
2 0.779015625 0.6507916666666667 0.10714062499999999 0.1706388888888889
2 0.88671875 0.6458333333333334 0.1104921875 0.1686527777777778
2 0.9704218750000001 0.6438472222222222 0.0591484375 0.17658333333333334
2 0.5987734375 0.8482083333333333 0.11942187500000001 0.20833333333333334
2 0.7198671875 0.8432499999999999 0.12053906249999999 0.21031944444444445
2 0.83984375 0.8382916666666668 0.11942187500000001 0.20040277777777776
2 0.9503359375 0.8333333333333334 0.099328125 0.19841666666666669
2 0.9096015625 0.9702361111111112 0.1339296875 0.05952777777777778
2 0.98828125 0.9692500000000001 0.0234375 0.06151388888888889