0 0.131140625 0.4890833333333333 0.0591484375 0.25198611111111113
0 0.2533515625 0.49504166666666666 0.064734375 0.22420833333333334
0 0.3058046875 0.46925 0.055804687500000005 0.24008333333333334
0 0.43471093749999995 0.4751944444444444 0.0546875 0.23213888888888887
0 0.52734375 0.48412499999999997 0.056921875 0.25
0 0.623328125 0.47420833333333334 0.056921875 0.25397222222222227
0 0.7193046875 0.46329166666666666 0.0457578125 0.23213888888888887
0 0.8169609375 0.46925 0.044640625 0.24404166666666668
2 0.2862734375 0.6388888888888888 0.10602343750000001 0.18254166666666669
2 0.3934140625 0.6359166666666667 0.10602343750000001 0.1845277777777778
2 0.49888281250000005 0.6190416666666666 0.10491406249999999 0.1706388888888889
2 0.603796875 0.6140833333333333 0.1026796875 0.1686527777777778
2 0.7081484375 0.6120972222222222 0.10379687500000001 0.16468055555555555
2 0.8125 0.6041666666666666 0.10491406249999999 0.16468055555555555
2 0.9168515625 0.6031805555555556 0.10602343750000001 0.16269444444444445
2 0.9854921875 0.5982083333333333 0.029015625 0.1686527777777778
2 0.537390625 0.8045694444444444 0.11272656249999999 0.20040277777777776
2 0.6534609375 0.7976249999999999 0.1171875 0.202375
2 0.76953125 0.7926527777777779 0.11495312499999999 0.20040277777777776
2 0.8850468749999999 0.7916666666666666 0.11383593750000001 0.2063472222222222
2 0.9715390625 0.7817500000000001 0.056921875 0.19444444444444445
2 0.8370546875 0.9444444444444444 0.1316953125 0.1111111111111111
2 0.9520078125 0.9444444444444444 0.095984375 0.1111111111111111