0 0.130578125 0.49801388888888887 0.064734375 0.1547638888888889
0 0.220421875 0.4990138888888889 0.061382812499999995 0.1527777777777778
0 0.310828125 0.49602777777777773 0.068078125 0.14681944444444445
0 0.40178906249999996 0.4930555555555556 0.0714296875 0.14880555555555555
0 0.486609375 0.4831388888888889 0.064734375 0.16070833333333331
0 0.576453125 0.4990138888888889 0.0658515625 0.1289722222222222
0 0.6612734375 0.48512500000000003 0.061382812499999995 0.14484722222222224
0 0.748328125 0.47718055555555555 0.0658515625 0.14880555555555555
0 0.8270078125 0.4732083333333333 0.0580390625 0.14484722222222224
2 0.41908593749999995 0.6884861111111111 0.0926328125 0.17856944444444445
2 0.517859375 0.6855138888888889 0.095984375 0.17658333333333334
2 0.6166328125 0.6775833333333333 0.0971015625 0.1686527777777778
2 0.71484375 0.671625 0.0948671875 0.1527777777777778
2 0.8119453125 0.6676527777777778 0.0971015625 0.1527777777777778
2 0.9084843749999999 0.6646805555555555 0.0982109375 0.15873611111111113
2 0.9793515625 0.6597222222222222 0.041296875 0.16070833333333331
2 0.654015625 0.8452361111111112 0.10714062499999999 0.18651388888888887
2 0.7611640625 0.8402777777777778 0.10714062499999999 0.18848611111111113
2 0.8688593750000001 0.8353194444444444 0.1082578125 0.1904722222222222
2 0.9614921875 0.8333333333333334 0.0770078125 0.18651388888888887
2 0.9296875 0.9652777777777778 0.12276562499999999 0.06944444444444445