0 0.12890625 0.5853194444444445 0.0658515625 0.23809722222222224
0 0.204796875 0.6884861111111111 0.0948671875 0.21824999999999997
0 0.3560234375 0.5704305555555556 0.095984375 0.17658333333333334
0 0.52734375 0.5873055555555555 0.1015625 0.202375
0 0.48828125 0.48412499999999997 0.0971015625 0.15873611111111113
0 0.44196093750000004 0.42262500000000003 0.0714296875 0.2301527777777778
0 0.626671875 0.47420833333333334 0.1015625 0.11508333333333333
0 0.5987734375 0.39384722222222224 0.056921875 0.20833333333333334
0 0.5223203125 0.32440277777777776 0.0714296875 0.2162638888888889
2 0.2472109375 0.2886944444444445 0.0502265625 0.16070833333333331
2 0.1908515625 0.31348611111111113 0.055804687500000005 0.16269444444444445
2 0.059710937500000005 0.38690277777777776 0.061382812499999995 0.1706388888888889
2 0.0145078125 0.4156805555555556 0.029015625 0.16468055555555555
2 0.146765625 0.40079166666666666 0.099328125 0.06745833333333333
2 0.3113828125 0.7906805555555555 0.060265625 0.20833333333333334
2 0.3738828125 0.7460277777777777 0.060265625 0.19841666666666669
2 0.43471093749999995 0.6954305555555556 0.061382812499999995 0.19245833333333331
2 0.49664843750000004 0.6617083333333333 0.060265625 0.172625
2 0.556359375 0.6200416666666667 0.056921875 0.17658333333333334
2 0.615515625 0.5793611111111111 0.061382812499999995 0.1745972222222222
2 0.673546875 0.5347222222222222 0.0591484375 0.18055555555555555
2 0.7315859375 0.4990138888888889 0.0546875 0.17658333333333334
2 0.786828125 0.46329166666666666 0.053570312499999995 0.1686527777777778