0 0.1528984375 0.5386944444444445 0.0513359375 0.21230555555555558
0 0.25390625 0.5277777777777778 0.0457578125 0.202375
0 0.3487734375 0.515875 0.056921875 0.21031944444444445
0 0.44196093750000004 0.5297638888888889 0.064734375 0.18651388888888887
0 0.5357109375 0.49106944444444445 0.060265625 0.2162638888888889
0 0.6205390625 0.4930555555555556 0.053570312499999995 0.2043611111111111
0 0.709265625 0.48809722222222224 0.052453125 0.2063472222222222
0 0.790734375 0.4613055555555555 0.0546875 0.2043611111111111
0 0.8738828125 0.44741666666666663 0.0691953125 0.20040277777777776
2 0.489953125 0.7896805555555556 0.095984375 0.18651388888888887
2 0.58984375 0.7757916666666668 0.099328125 0.1904722222222222
2 0.6908515625 0.7668611111111111 0.095984375 0.1845277777777778
2 0.790734375 0.7559583333333333 0.0971015625 0.1904722222222222
2 0.890625 0.7390833333333333 0.1004453125 0.17658333333333334
2 0.9704218750000001 0.7351249999999999 0.0591484375 0.18055555555555555
2 0.8264531249999999 0.9513888888888888 0.11272656249999999 0.09722222222222222
2 0.9369453125 0.9434583333333333 0.1082578125 0.11309722222222224