0 0.1478828125 0.36904166666666666 0.0658515625 0.13095833333333334
0 0.239953125 0.36904166666666666 0.0625 0.12698611111111113
0 0.3387265625 0.3581388888888889 0.068078125 0.11706944444444445
0 0.43080468749999995 0.3462361111111111 0.0714296875 0.13293055555555555
0 0.525671875 0.3412638888888889 0.0736640625 0.13491666666666666
0 0.611609375 0.33134722222222224 0.0625 0.13095833333333334
0 0.7036796875 0.32440277777777776 0.068078125 0.13293055555555555
0 0.7885078125 0.31647222222222227 0.0658515625 0.125
2 0.595421875 0.6944444444444444 0.0948671875 0.17856944444444445
2 0.69921875 0.6904722222222222 0.1015625 0.1904722222222222
2 0.8024531250000001 0.6775833333333333 0.1004453125 0.18848611111111113
2 0.9084843749999999 0.6666666666666666 0.10491406249999999 0.17856944444444445
2 0.9810234375 0.6626944444444445 0.0379453125 0.18651388888888887
2 0.9559140625 0.935513888888889 0.088171875 0.1289722222222222