0 0.2256640625 0.6200555555555556 0.049828125 0.10013888888888887
0 0.2599609375 0.5494444444444445 0.063546875 0.07445833333333333
0 0.3415625 0.5712777777777778 0.0389921875 0.12580555555555556
0 0.453125 0.5282638888888889 0.0426015625 0.10912499999999999
0 0.43001562499999996 0.4172222222222222 0.054156249999999996 0.09243055555555556
0 0.3574453125 0.32606944444444447 0.043328125 0.11297222222222222
2 0.019859375000000002 0.40502777777777776 0.0353828125 0.09115277777777778
2 0.0566875 0.3799861111111111 0.036828125 0.08472222222222223
2 0.0924296875 0.35111111111111115 0.033218750000000005 0.08344444444444445
2 0.124203125 0.32543055555555556 0.030328125 0.08601388888888889
2 0.154890625 0.30425 0.0310546875 0.07702777777777778
2 0.20291406250000002 0.3132361111111111 0.046218749999999996 0.035944444444444446
2 0.2184375 0.6264722222222222 0.033937499999999995 0.09243055555555556
2 0.2527421875 0.5892499999999999 0.034664062499999995 0.09243055555555556
2 0.2863203125 0.5552222222222222 0.032492187500000005 0.08344444444444445
2 0.318453125 0.527625 0.0317734375 0.08472222222222223
2 0.3498671875 0.5006666666666667 0.0310546875 0.08729166666666667
2 0.3805546875 0.46793055555555557 0.0288828125 0.080875
2 0.4094375 0.44033333333333335 0.030328125 0.07959722222222222
2 0.4372421875 0.4172222222222222 0.023828125 0.08216666666666667
2 0.53075 0.8228888888888889 0.0288828125 0.11040277777777777
2 0.56071875 0.7824444444444445 0.0310546875 0.10141666666666665
2 0.5914140625 0.7426527777777778 0.030328125 0.10141666666666665
2 0.6217421875 0.7060694444444444 0.0288828125 0.09756944444444444
2 0.6495390624999999 0.6726944444444444 0.026718750000000003 0.09756944444444444
2 0.67734375 0.6341805555555555 0.027437499999999997 0.09243055555555556
2 0.703703125 0.6052916666666667 0.026718750000000003 0.09370833333333334
2 0.730421875 0.5674166666666667 0.025273437500000002 0.08216666666666667