0 0.1495546875 0.5317500000000001 0.060265625 0.21824999999999997
0 0.248328125 0.5277777777777778 0.061382812499999995 0.21429166666666666
0 0.3443046875 0.5119027777777778 0.0479921875 0.21031944444444445
0 0.43805468750000004 0.5138888888888888 0.0658515625 0.1904722222222222
0 0.5318046875 0.48015277777777776 0.061382812499999995 0.21824999999999997
0 0.6143984375 0.4861111111111111 0.0591484375 0.18254166666666669
0 0.708703125 0.47420833333333334 0.0625 0.19841666666666669
0 0.794640625 0.44345833333333334 0.060265625 0.21230555555555558
0 0.8772343749999999 0.44643055555555555 0.0691953125 0.202375
2 0.5083671875 0.7976249999999999 0.1015625 0.18651388888888887
2 0.611609375 0.7837361111111111 0.1026796875 0.18254166666666669
2 0.7137265625 0.7728194444444444 0.099328125 0.1845277777777778
2 0.8136171875 0.7619027777777778 0.1004453125 0.1904722222222222
2 0.9157343750000001 0.748013888888889 0.1015625 0.18651388888888887
2 0.8493281250000001 0.9603194444444444 0.1160703125 0.07936111111111112
2 0.953125 0.9543611111111111 0.09375 0.09126388888888888