0 0.1450859375 0.7718194444444445 0.075890625 0.1428611111111111
0 0.24274218749999998 0.7559583333333333 0.0792421875 0.1547638888888889
0 0.3387265625 0.7450416666666666 0.0747734375 0.140875
0 0.45257031249999996 0.7450416666666666 0.0747734375 0.140875
0 0.5496640625 0.7370972222222223 0.072546875 0.14484722222222224
0 0.6495546875 0.7222222222222222 0.0714296875 0.13491666666666666
0 0.7566953125 0.7182499999999999 0.0691953125 0.1388888888888889
0 0.8599296875 0.7132916666666668 0.0703125 0.14484722222222224
2 0.6791328125 0.9722222222222222 0.11495312499999999 0.05555555555555555
2 0.7940859375 0.9672638888888888 0.11272656249999999 0.06547222222222222
2 0.9090390625 0.9632916666666668 0.1104921875 0.07341666666666667
2 0.9849296875 0.9603194444444444 0.0301328125 0.07936111111111112