0 0.22210156250000002 0.5327361111111111 0.049109375 0.22818055555555555
0 0.24944531250000002 0.4831388888888889 0.061382812499999995 0.22818055555555555
0 0.3091484375 0.44643055555555555 0.0848203125 0.21824999999999997
0 0.43414843750000004 0.4404722222222222 0.055804687500000005 0.2063472222222222
0 0.48102343750000004 0.36904166666666666 0.0513359375 0.21824999999999997
0 0.5050234375 0.327375 0.0479921875 0.21031944444444445
0 0.6060234375 0.28670833333333334 0.046875 0.2202361111111111
2 0.24553906250000002 0.19543055555555558 0.0424140625 0.125
2 0.2120546875 0.235125 0.0580390625 0.10515277777777778
2 0.1417421875 0.25595833333333334 0.046875 0.1388888888888889
2 0.0909609375 0.2837361111111111 0.052453125 0.13491666666666666
2 0.0340390625 0.31647222222222227 0.056921875 0.1527777777777778
2 0.3699765625 0.6498055555555555 0.0502265625 0.16468055555555555
2 0.423546875 0.6120972222222222 0.052453125 0.16468055555555555
2 0.478234375 0.5704305555555556 0.0546875 0.16070833333333331
2 0.53125 0.5267916666666667 0.049109375 0.1527777777777778
2 0.58203125 0.4890833333333333 0.052453125 0.16070833333333331
2 0.6328125 0.4613055555555555 0.046875 0.16070833333333331
2 0.6808046875 0.4236111111111111 0.046875 0.15675
2 0.7260078125 0.39384722222222224 0.0390625 0.16468055555555555
2 0.9771171875 0.9236111111111112 0.0457578125 0.1527777777777778