0 0.1785703125 0.6934583333333334 0.0736640625 0.172625
0 0.27734375 0.6785694444444444 0.0747734375 0.19444444444444445
0 0.3911796875 0.6795694444444444 0.0770078125 0.1845277777777778
0 0.48046875 0.6924583333333333 0.0703125 0.22619444444444448
0 0.5630546875 0.6845277777777778 0.0658515625 0.2301527777777778
0 0.6534609375 0.6785694444444444 0.0703125 0.234125
0 0.7388359375 0.6617083333333333 0.078125 0.22818055555555555
0 0.828125 0.6587361111111112 0.0625 0.234125
2 0.42913281249999996 0.8958333333333334 0.0971015625 0.18055555555555555
2 0.52734375 0.8879027777777777 0.0971015625 0.18055555555555555
2 0.6255546875 0.8829305555555556 0.0971015625 0.18651388888888887
2 0.7198671875 0.873013888888889 0.091515625 0.18254166666666669
2 0.8125 0.859125 0.095984375 0.19444444444444445
2 0.9079218750000001 0.8561527777777778 0.0948671875 0.18848611111111113
2 0.9787968749999999 0.8492083333333332 0.0424140625 0.1745972222222222