0 0.11272656249999999 0.5605138888888889 0.091515625 0.21230555555555558
0 0.22210156250000002 0.5376944444444445 0.091515625 0.22619444444444448
0 0.3364921875 0.5357083333333333 0.0703125 0.2738055555555555
0 0.462609375 0.5357083333333333 0.0770078125 0.26190277777777776
0 0.48772656249999996 0.48412499999999997 0.064734375 0.2301527777777778
0 0.5658515625 0.4732083333333333 0.075890625 0.25198611111111113
0 0.693640625 0.43254166666666666 0.0703125 0.234125
0 0.7036796875 0.33531944444444445 0.099328125 0.1071388888888889
0 0.3917421875 0.27281944444444445 0.0513359375 0.2202361111111111
2 0.1556953125 0.3015833333333333 0.0703125 0.14681944444444445
2 0.083703125 0.3125 0.075890625 0.14484722222222224
2 0.1685234375 0.578375 0.080359375 0.16468055555555555
2 0.334265625 0.5327361111111111 0.072546875 0.1686527777777778
2 0.412390625 0.5138888888888888 0.0859375 0.17856944444444445
2 0.5652890625 0.46925 0.0658515625 0.16468055555555555
2 0.6356015625 0.44940277777777776 0.072546875 0.15675
2 0.7042421875 0.4305555555555556 0.064734375 0.1547638888888889
2 0.584265625 0.8571388888888889 0.0926328125 0.202375
2 0.6752265625 0.8313472222222222 0.0892890625 0.21031944444444445
2 0.76171875 0.7936527777777778 0.083703125 0.202375
2 0.84765625 0.7698472222222221 0.088171875 0.19444444444444445
2 0.9341484375 0.7390833333333333 0.0848203125 0.1845277777777778