0 0.236296875 0.6508055555555555 0.0501953125 0.08270833333333333
0 0.2537421875 0.5969305555555556 0.033671875000000004 0.0968611111111111
0 0.3342421875 0.5778888888888889 0.0465234375 0.05876388888888889
0 0.41842187500000005 0.5441527777777778 0.037343749999999995 0.10447222222222222
0 0.382296875 0.43912500000000004 0.044687500000000005 0.08815277777777777
0 0.2099765625 0.3292083333333333 0.025710937499999996 0.09468055555555556
2 0.0287734375 0.5354444444444444 0.0330546875 0.08706944444444444
2 0.0606015625 0.500625 0.02815625 0.08052777777777777
2 0.08967968750000001 0.46525000000000005 0.03 0.07944444444444444
2 0.1190703125 0.43695833333333334 0.027546875 0.07509722222222222
2 0.146 0.40756944444444443 0.0251015625 0.0772638888888889
2 0.1701796875 0.37927777777777777 0.023265625 0.07291666666666667
2 0.1919140625 0.35913888888888884 0.020203125 0.06094444444444445
2 0.006734374999999999 0.5583055555555556 0.013468749999999998 0.07836111111111112
2 0.2868046875 0.6937916666666666 0.026320312499999998 0.0925
2 0.31251562499999996 0.6540694444444445 0.0251015625 0.08052777777777777
2 0.3379140625 0.6170694444444444 0.025710937499999996 0.09141666666666666
2 0.36148437499999997 0.5822361111111111 0.0214296875 0.08488888888888889
2 0.3841328125 0.550138888888889 0.0214296875 0.081625
2 0.40525781250000004 0.5142222222222222 0.0195859375 0.081625
2 0.426375 0.491375 0.0226484375 0.0772638888888889
2 0.44596875 0.4587222222222222 0.0153046875 0.07944444444444444
2 0.609109375 0.8494166666666667 0.0208125 0.10556944444444445
2 0.629921875 0.8096944444444445 0.0195859375 0.09359722222222222
2 0.649515625 0.7569166666666667 0.0183671875 0.10556944444444445
2 0.6681796875 0.7231805555555556 0.0189765625 0.09033333333333335
2 0.6871640625000001 0.6845416666666667 0.0189765625 0.08923611111111111
2 0.705828125 0.6491666666666667 0.0195859375 0.08597222222222221
2 0.725421875 0.6110833333333333 0.0195859375 0.08597222222222221
2 0.7422578125 0.5708194444444444 0.0153046875 0.07944444444444444