0 0.1746640625 0.4484166666666667 0.0546875 0.2222222222222222
0 0.232140625 0.43352777777777773 0.053570312499999995 0.2202361111111111
0 0.3197578125 0.4236111111111111 0.0479921875 0.23213888888888887
0 0.400109375 0.4136944444444445 0.056921875 0.22420833333333334
0 0.49107031250000005 0.40575 0.0691953125 0.22420833333333334
0 0.5424140625 0.3819444444444444 0.0401796875 0.2162638888888889
0 0.6121640625 0.37897222222222227 0.0457578125 0.21429166666666666
0 0.7293515625 0.3640833333333333 0.0546875 0.23213888888888887
2 0.17578125 0.09820833333333333 0.0658515625 0.13293055555555555
2 0.1082578125 0.10318055555555557 0.0669609375 0.12698611111111113
2 0.0546875 0.1845277777777778 0.091515625 0.047625
2 0.02734375 0.32540277777777776 0.0502265625 0.14681944444444445
2 0.0931953125 0.31448611111111113 0.0792421875 0.14880555555555555
2 0.169640625 0.3095277777777778 0.0714296875 0.1428611111111111
2 0.243859375 0.2956388888888889 0.0703125 0.1428611111111111
2 0.3136171875 0.28670833333333334 0.0691953125 0.14484722222222224
2 0.3856015625 0.2787638888888889 0.072546875 0.14484722222222224
2 0.45591406250000005 0.2638888888888889 0.068078125 0.1388888888888889
2 0.2354921875 0.5486111111111112 0.0825859375 0.1527777777777778
2 0.31640625 0.5337361111111112 0.0792421875 0.15079166666666666
2 0.3956484375 0.5208333333333334 0.0792421875 0.14880555555555555
2 0.474890625 0.5089305555555556 0.0770078125 0.1527777777777778
2 0.55078125 0.49106944444444445 0.0747734375 0.16070833333333331
2 0.6294609375 0.4831388888888889 0.0736640625 0.14880555555555555
2 0.7042421875 0.4722222222222222 0.0714296875 0.15079166666666666
2 0.7767890625 0.45734722222222224 0.0736640625 0.14880555555555555
2 0.587609375 0.7946388888888889 0.0814765625 0.1686527777777778
2 0.670203125 0.7777777777777778 0.083703125 0.1706388888888889
2 0.7572578125 0.7619027777777778 0.083703125 0.17856944444444445
2 0.8426328125 0.7261944444444445 0.0848203125 0.13491666666666666
2 0.9263359375 0.7331388888888889 0.080359375 0.1686527777777778
2 0.9832578125 0.7271805555555556 0.033484375 0.18055555555555555