0 0.1752265625 0.44940277777777776 0.0625 0.22818055555555555
0 0.23492968749999998 0.42262500000000003 0.061382812499999995 0.21429166666666666
0 0.3253359375 0.41765277777777776 0.0636171875 0.22420833333333334
0 0.3989921875 0.4047638888888889 0.0591484375 0.2222222222222222
0 0.49107031250000005 0.3988055555555555 0.0625 0.21429166666666666
0 0.545203125 0.36508333333333337 0.0479921875 0.1904722222222222
0 0.622765625 0.37301388888888887 0.0625 0.202375
0 0.732140625 0.3511944444444445 0.0669609375 0.2063472222222222
2 0.2890625 0.15079166666666666 0.064734375 0.13095833333333334
2 0.22265625 0.16070833333333331 0.068078125 0.13491666666666666
2 0.166296875 0.24206944444444442 0.09375 0.047625
2 0.0736640625 0.17559722222222224 0.0625 0.140875
2 0.01953125 0.18254166666666669 0.036828125 0.14681944444444445
2 0.0435234375 0.3988055555555555 0.075890625 0.1547638888888889
2 0.1199765625 0.38491666666666663 0.0770078125 0.1547638888888889
2 0.2020078125 0.375 0.0848203125 0.14681944444444445
2 0.279015625 0.3640833333333333 0.0736640625 0.14880555555555555
2 0.3526796875 0.3581388888888889 0.0736640625 0.14880555555555555
2 0.431921875 0.3511944444444445 0.080359375 0.15079166666666666
2 0.510046875 0.33929166666666666 0.075890625 0.15079166666666666
2 0.579796875 0.32440277777777776 0.0636171875 0.14880555555555555
2 0.3515625 0.6220277777777778 0.080359375 0.16070833333333331
2 0.435265625 0.610125 0.080359375 0.15675
2 0.517859375 0.5932499999999999 0.0825859375 0.16269444444444445
2 0.599890625 0.5833333333333334 0.0770078125 0.16269444444444445
2 0.681359375 0.5704305555555556 0.0814765625 0.16070833333333331
2 0.760046875 0.5545694444444444 0.075890625 0.15675
2 0.8420781249999999 0.5486111111111112 0.083703125 0.15675
2 0.9213203125 0.5337361111111112 0.0770078125 0.1547638888888889
2 0.71875 0.8839305555555554 0.0870546875 0.18055555555555555
2 0.9732109375 0.8402777777777778 0.053570312499999995 0.172625