0 0.1277890625 0.5922638888888889 0.0948671875 0.2638888888888889
0 0.21149218749999998 0.703375 0.061382812499999995 0.27181944444444445
0 0.353796875 0.6031805555555556 0.075890625 0.26587500000000003
0 0.52734375 0.5704305555555556 0.1417421875 0.1527777777777778
0 0.498328125 0.5039722222222223 0.052453125 0.202375
0 0.45033593749999995 0.43352777777777773 0.041296875 0.24008333333333334
0 0.5234375 0.3154722222222222 0.075890625 0.2063472222222222
0 0.619421875 0.46925 0.0982109375 0.12102777777777778
0 0.599890625 0.38491666666666663 0.0435234375 0.202375
2 0.2901796875 0.30456944444444445 0.0513359375 0.15675
2 0.23883593749999998 0.3263888888888889 0.049109375 0.16070833333333331
2 0.10491406249999999 0.40079166666666666 0.0625 0.1706388888888889
2 0.0418515625 0.43254166666666666 0.0546875 0.1745972222222222
2 0.197546875 0.37995833333333334 0.0870546875 0.10515277777777778
2 0.3521171875 0.8095277777777778 0.061382812499999995 0.1904722222222222
2 0.41852343750000004 0.7619027777777778 0.0625 0.1904722222222222
2 0.48549218749999995 0.7142916666666667 0.0625 0.18254166666666669
2 0.548546875 0.6706388888888889 0.0591484375 0.17856944444444445
2 0.609375 0.6299583333333333 0.055804687500000005 0.18055555555555555
2 0.6668515625 0.5833333333333334 0.056921875 0.1706388888888889
2 0.7232109375 0.5515833333333333 0.0580390625 0.18254166666666669
2 0.779578125 0.5129027777777778 0.0546875 0.17658333333333334
2 0.8381718749999999 0.4751944444444444 0.0580390625 0.1686527777777778