0 0.1171875 0.5892916666666667 0.0580390625 0.297625
0 0.2137265625 0.5495972222222222 0.0792421875 0.26587500000000003
0 0.2745546875 0.5327361111111111 0.0513359375 0.30356944444444445
0 0.44085156249999996 0.5565416666666666 0.064734375 0.27579166666666666
0 0.7783203125 0.4618055555555556 0.05697656250000001 0.25455555555555553
0 0.6376953125 0.5112916666666667 0.063046875 0.27799999999999997
0 0.5732421875 0.4275138888888889 0.0548125 0.2645416666666667
0 0.5669609375 0.5515833333333333 0.0691953125 0.28968055555555555
2 0.2935234375 0.25 0.075890625 0.1547638888888889
2 0.21539843749999998 0.25595833333333334 0.080359375 0.1547638888888889
2 0.16796875 0.3581388888888889 0.1082578125 0.04959722222222222
2 0.060265625 0.3620972222222222 0.10491406249999999 0.057541666666666665
2 0.0440859375 0.5208333333333334 0.088171875 0.140875
2 0.1065859375 0.4870972222222222 0.0859375 0.172625
2 0.299109375 0.4593194444444444 0.0892890625 0.17658333333333334
2 0.41071093750000004 0.4761944444444445 0.1160703125 0.13095833333333334
2 0.48158593749999995 0.4365138888888889 0.0770078125 0.1706388888888889
2 0.5892890625 0.4305555555555556 0.091515625 0.14681944444444445
2 0.6629453125 0.40873611111111113 0.0714296875 0.16269444444444445
2 0.3052421875 0.7123055555555555 0.10602343750000001 0.13491666666666666
2 0.4140625 0.7251944444444445 0.10714062499999999 0.20040277777777776
2 0.5200859375 0.7083333333333334 0.1026796875 0.2063472222222222
2 0.6238828125 0.6954305555555556 0.1026796875 0.2043611111111111
2 0.7260078125 0.672625 0.099328125 0.19841666666666669
2 0.8258906250000001 0.6577361111111111 0.1004453125 0.19643055555555555
2 0.9280156249999999 0.640875 0.099328125 0.19444444444444445
2 0.8169609375 0.9652777777777778 0.127234375 0.06944444444444445
2 0.9408515625 0.9563472222222222 0.1183046875 0.08730555555555555