0 0.1646171875 0.5882916666666667 0.0703125 0.1686527777777778
0 0.44028906250000005 0.7589305555555554 0.0747734375 0.2638888888888889
0 0.5145078125 0.640875 0.064734375 0.2063472222222222
0 0.463171875 0.42262500000000003 0.078125 0.21031944444444445
0 0.5027890625 0.3234166666666667 0.072546875 0.19444444444444445
0 0.60546875 0.5267916666666667 0.0636171875 0.1845277777777778
0 0.6528984375 0.6160694444444444 0.0513359375 0.24404166666666668
0 0.6685234375 0.5386944444444445 0.0669609375 0.19643055555555555
0 0.6199765625 0.4017916666666667 0.0502265625 0.20833333333333334
2 0.05859375 0.7162638888888889 0.0479921875 0.1706388888888889
2 0.10714062499999999 0.6656805555555556 0.046875 0.15675
2 0.1573671875 0.6140833333333333 0.0513359375 0.15675
2 0.2003359375 0.5674583333333333 0.036828125 0.16269444444444445
2 0.240515625 0.5198472222222222 0.0435234375 0.15873611111111113
2 0.28125 0.48115277777777776 0.0379453125 0.140875
2 0.3175234375 0.43254166666666666 0.0323671875 0.1428611111111111
2 0.3504453125 0.3958333333333333 0.033484375 0.15675
2 0.384484375 0.35912499999999997 0.0346015625 0.13491666666666666
2 0.7232109375 0.8680555555555556 0.0401796875 0.18055555555555555
2 0.7611640625 0.8055555555555556 0.0379453125 0.17856944444444445
2 0.7957578125 0.7470277777777778 0.03125 0.17658333333333334
2 0.8270078125 0.702375 0.03125 0.18254166666666669
2 0.8577031249999999 0.6498055555555555 0.0346015625 0.17658333333333334
2 0.8934140625 0.5932499999999999 0.0346015625 0.16269444444444445
2 0.9241093749999999 0.5426527777777778 0.03125 0.172625
2 0.9553593749999999 0.47718055555555555 0.03125 0.1686527777777778