0 0.2081484375 0.7123055555555555 0.0435234375 0.13095833333333334
0 0.2293515625 0.6775833333333333 0.0658515625 0.19643055555555555
0 0.310828125 0.671625 0.056921875 0.20040277777777776
0 0.41517968749999995 0.6775833333333333 0.060265625 0.2202361111111111
0 0.46875 0.6597222222222222 0.046875 0.23213888888888887
0 0.5440859375 0.5902777777777778 0.0703125 0.2162638888888889
0 0.58984375 0.6607083333333333 0.061382812499999995 0.22619444444444448
0 0.693640625 0.6111111111111112 0.0770078125 0.2222222222222222
2 0.053015625 0.4245972222222222 0.052453125 0.1388888888888889
2 0.0128359375 0.4444444444444444 0.025671875 0.14681944444444445
2 0.03515625 0.7361111111111112 0.068078125 0.1706388888888889
2 0.10323437499999999 0.7142916666666667 0.072546875 0.16666666666666666
2 0.1729921875 0.6875 0.0625 0.16070833333333331
2 0.2421875 0.6646805555555555 0.064734375 0.15873611111111113
2 0.3046875 0.639875 0.0580390625 0.15675
2 0.364953125 0.6140833333333333 0.064734375 0.16468055555555555
2 0.42913281249999996 0.5992083333333333 0.0591484375 0.1547638888888889
2 0.486046875 0.5763888888888888 0.0546875 0.1527777777777778
2 0.5541328125 0.9305555555555556 0.0658515625 0.1388888888888889
2 0.6199765625 0.9156805555555555 0.0658515625 0.1686527777777778
2 0.6863828125 0.890875 0.064734375 0.1745972222222222
2 0.751671875 0.8680555555555556 0.0658515625 0.172625
2 0.8147343749999999 0.8402777777777778 0.060265625 0.1686527777777778
2 0.8772343749999999 0.814486111111111 0.0625 0.172625
2 0.9397343749999999 0.7946388888888889 0.0625 0.1686527777777778
2 0.9860468750000001 0.7678611111111111 0.0278984375 0.16269444444444445