0 0.142859375 0.7708333333333334 0.080359375 0.13690277777777776
0 0.2449765625 0.7539722222222223 0.0814765625 0.14681944444444445
0 0.3403984375 0.7509861111111111 0.078125 0.14880555555555555
0 0.45367968750000004 0.7460277777777777 0.083703125 0.13491666666666666
0 0.5502265625 0.7361111111111112 0.078125 0.1428611111111111
0 0.65234375 0.7222222222222222 0.0703125 0.1388888888888889
0 0.760046875 0.7232083333333333 0.064734375 0.140875
0 0.8582578125 0.7132916666666668 0.080359375 0.140875
2 0.6802421875 0.9732083333333333 0.11495312499999999 0.05356944444444445
2 0.7957578125 0.9692500000000001 0.11383593750000001 0.06151388888888889
2 0.9096015625 0.9652777777777778 0.11160937500000001 0.06944444444444445
2 0.9832578125 0.9642916666666667 0.033484375 0.07143055555555555