0 0.1863828125 0.7271805555555556 0.0625 0.33134722222222224
0 0.201453125 0.6230138888888889 0.0903984375 0.28570833333333334
0 0.279015625 0.5942500000000001 0.0892890625 0.327375
0 0.259484375 0.34820833333333334 0.0658515625 0.24801388888888887
0 0.50390625 0.5119027777777778 0.1528984375 0.17856944444444445
0 0.619421875 0.4672638888888889 0.138390625 0.14880555555555555
0 0.595984375 0.4126944444444444 0.0892890625 0.1745972222222222
0 0.5546875 0.3412638888888889 0.049109375 0.24206944444444442
2 0.130578125 0.2638888888888889 0.053570312499999995 0.17856944444444445
2 0.0747734375 0.30356944444444445 0.0580390625 0.18651388888888887
2 0.025109375 0.33929166666666666 0.041296875 0.1904722222222222
2 0.427453125 0.8551527777777779 0.049109375 0.24602777777777776
2 0.48158593749999995 0.7867083333333332 0.056921875 0.2361111111111111
2 0.540734375 0.7132916666666668 0.056921875 0.2043611111111111
2 0.5931953125 0.6617083333333333 0.0479921875 0.22420833333333334
2 0.642859375 0.6081388888888889 0.049109375 0.21230555555555558
2 0.689171875 0.5495972222222222 0.0479921875 0.2063472222222222
2 0.734375 0.5029722222222222 0.0424140625 0.21230555555555558
2 0.7745546875 0.46031944444444445 0.0401796875 0.19444444444444445
2 0.8147343749999999 0.4156805555555556 0.0424140625 0.19643055555555555