0 0.146203125 0.375 0.0669609375 0.12698611111111113
0 0.2371640625 0.37301388888888887 0.061382812499999995 0.12301388888888888
0 0.3370546875 0.3620972222222222 0.0625 0.11706944444444445
0 0.42913281249999996 0.34920833333333334 0.0703125 0.13095833333333334
0 0.5262265625 0.33929166666666666 0.068078125 0.13095833333333334
0 0.615515625 0.33431944444444445 0.0591484375 0.13293055555555555
0 0.703125 0.3293611111111111 0.0625 0.12698611111111113
0 0.7890625 0.32540277777777776 0.0669609375 0.12301388888888888
2 0.5965390625 0.7004027777777778 0.0926328125 0.18254166666666669
2 0.697546875 0.6914722222222223 0.1004453125 0.1845277777777778
2 0.8052421875 0.6805555555555556 0.10602343750000001 0.18254166666666669
2 0.9118281250000001 0.671625 0.1004453125 0.18848611111111113
2 0.9810234375 0.6745972222222222 0.0379453125 0.19444444444444445