0 0.1372734375 0.6289722222222223 0.0714296875 0.3015833333333333
0 0.21539843749999998 0.577375 0.0669609375 0.29365277777777776
0 0.2862734375 0.5525833333333333 0.083703125 0.33134722222222224
0 0.4921875 0.5744027777777778 0.0714296875 0.29959722222222224
0 0.625 0.5684583333333334 0.055804687500000005 0.2916666666666667
0 0.6808046875 0.5079305555555556 0.0691953125 0.28175
0 0.75 0.4345277777777778 0.0625 0.28968055555555555
0 0.5106015625 0.33929166666666666 0.0814765625 0.1388888888888889
2 0.201453125 0.2152777777777778 0.068078125 0.16468055555555555
2 0.1255546875 0.234125 0.0792421875 0.1706388888888889
2 0.0440859375 0.25 0.0770078125 0.16269444444444445
2 0.0848203125 0.6051527777777778 0.1160703125 0.10318055555555557
2 0.154015625 0.5376944444444445 0.0892890625 0.18254166666666669
2 0.287390625 0.5843194444444444 0.1484375 0.08531944444444445
2 0.338171875 0.48809722222222224 0.075890625 0.18254166666666669
2 0.5145078125 0.44245833333333334 0.0714296875 0.18254166666666669
2 0.592078125 0.42262500000000003 0.0747734375 0.17856944444444445
2 0.671875 0.39781944444444445 0.078125 0.17658333333333334
2 0.5424140625 0.8829305555555556 0.091515625 0.21824999999999997
2 0.6372734375 0.8521805555555556 0.1026796875 0.22420833333333334
2 0.7393984375 0.8184583333333333 0.0971015625 0.22420833333333334
2 0.8370546875 0.7876944444444445 0.0982109375 0.2222222222222222
2 0.9352656250000001 0.7559583333333333 0.09375 0.21824999999999997
2 0.9921875 0.734125 0.015625 0.2222222222222222