0 0.125 0.5585277777777777 0.0691953125 0.13293055555555555
0 0.224890625 0.5535694444444444 0.0658515625 0.1388888888888889
0 0.325890625 0.546625 0.0736640625 0.14484722222222224
0 0.42689843749999995 0.546625 0.0770078125 0.1289722222222222
0 0.5228828125 0.5386944444444445 0.072546875 0.14484722222222224
0 0.627234375 0.5347222222222222 0.0736640625 0.13293055555555555
0 0.724890625 0.5347222222222222 0.068078125 0.125
0 0.8264531249999999 0.5327361111111111 0.068078125 0.13690277777777776
2 0.447546875 0.75 0.11383593750000001 0.19444444444444445
2 0.5625 0.7450416666666666 0.1160703125 0.19643055555555555
2 0.6752265625 0.7321388888888889 0.11160937500000001 0.17856944444444445
2 0.7896171875 0.7281805555555555 0.1104921875 0.1745972222222222
2 0.9017890625 0.7212361111111111 0.109375 0.172625
2 0.9787968749999999 0.7222222222222222 0.0424140625 0.17856944444444445
2 0.7137265625 0.9117083333333332 0.12164843750000001 0.17658333333333334
2 0.8409609375 0.9067500000000001 0.1261171875 0.18651388888888887
2 0.9514531249999999 0.9067500000000001 0.0971015625 0.18651388888888887