0 0.1277890625 0.5436527777777778 0.0591484375 0.2222222222222222
0 0.2354921875 0.547625 0.0625 0.24206944444444442
0 0.314171875 0.5396805555555555 0.0502265625 0.24602777777777776
0 0.42689843749999995 0.5347222222222222 0.0636171875 0.2162638888888889
0 0.509484375 0.5079305555555556 0.0546875 0.2301527777777778
0 0.5931953125 0.515875 0.052453125 0.2301527777777778
0 0.6729921875 0.4861111111111111 0.0669609375 0.21429166666666666
0 0.7466484375 0.4672638888888889 0.049109375 0.22818055555555555
0 0.8571406250000001 0.4543611111111111 0.053570312499999995 0.2222222222222222
2 0.2840390625 0.7043611111111111 0.0903984375 0.1706388888888889
2 0.3761171875 0.6904722222222222 0.09375 0.16269444444444445
2 0.47265625 0.6745972222222222 0.0948671875 0.1706388888888889
2 0.5658515625 0.6636944444444445 0.091515625 0.172625
2 0.66015625 0.6537638888888888 0.0926328125 0.1686527777777778
2 0.75390625 0.640875 0.0948671875 0.16269444444444445
2 0.8465390625 0.6259861111111111 0.088171875 0.16468055555555555
2 0.9386171875 0.6140833333333333 0.091515625 0.16468055555555555
2 0.599890625 0.9037638888888889 0.10379687500000001 0.1845277777777778
2 0.704796875 0.8888888888888888 0.1015625 0.1904722222222222
2 0.8063593750000001 0.873013888888889 0.0971015625 0.1904722222222222
2 0.9090390625 0.8392916666666667 0.10379687500000001 0.14681944444444445
2 0.9815859375 0.8551527777777779 0.036828125 0.19841666666666669