0 0.126671875 0.46925 0.0636171875 0.19245833333333331
0 0.22321093749999998 0.46626388888888887 0.053570312499999995 0.2063472222222222
0 0.321984375 0.46031944444444445 0.0658515625 0.21429166666666666
0 0.5206484375 0.4365138888888889 0.056921875 0.18651388888888887
0 0.69921875 0.39781944444444445 0.061382812499999995 0.2043611111111111
0 0.798546875 0.3918611111111111 0.068078125 0.2043611111111111
2 0.44475781249999996 0.8819444444444444 0.10379687500000001 0.18848611111111113
2 0.549296875 0.8608611111111112 0.103296875 0.17958333333333334
2 0.6545859375 0.8476805555555557 0.10272656250000001 0.18363888888888888
2 0.758171875 0.8334722222222223 0.103296875 0.1816111111111111
2 0.8634609375 0.817236111111111 0.1061484375 0.18363888888888888
2 0.9585546875000001 0.8045555555555555 0.082890625 0.18465277777777775