0 0.2433046875 0.6001944444444445 0.1004453125 0.13293055555555555
0 0.544640625 0.44940277777777776 0.0691953125 0.2638888888888889
0 0.687015625 0.3574166666666666 0.0896015625 0.1981388888888889
0 0.27465625 0.44922222222222224 0.0726328125 0.24240277777777777
0 0.22643749999999999 0.4574722222222222 0.0692734375 0.19780555555555554
0 0.6484375 0.3879027777777778 0.125 0.19245833333333331
0 0.314734375 0.4265833333333333 0.0424140625 0.28968055555555555
0 0.21930468749999998 0.5079305555555556 0.0479921875 0.1388888888888889
2 0.265625 0.26984722222222224 0.078125 0.1745972222222222
2 0.189171875 0.30258333333333337 0.068078125 0.18055555555555555
2 0.12053906249999999 0.32440277777777776 0.0714296875 0.17658333333333334
2 0.0440859375 0.35218055555555555 0.0703125 0.17658333333333334
2 0.2684140625 0.7361111111111112 0.083703125 0.2222222222222222
2 0.3526796875 0.6954305555555556 0.080359375 0.2162638888888889
2 0.43080468749999995 0.6567500000000001 0.075890625 0.202375
2 0.5066953125 0.6200416666666667 0.0714296875 0.20040277777777776
2 0.5792421875 0.5833333333333334 0.0691953125 0.202375
2 0.6517890625 0.5436527777777778 0.0691953125 0.21031944444444445
2 0.720984375 0.5238055555555555 0.0714296875 0.21429166666666666
2 0.7924140625 0.48115277777777776 0.0691953125 0.19643055555555555
2 0.86328125 0.44741666666666663 0.0703125 0.19643055555555555