0 0.1527109375 0.6440972222222222 0.073671875 0.24088888888888887
0 0.20837500000000003 0.5950555555555556 0.0477890625 0.19031944444444446
0 0.3583984375 0.5681388888888889 0.0733046875 0.20616666666666666
0 0.6020546875 0.47959722222222223 0.055507812499999996 0.19194444444444442
0 0.5610390625 0.5355972222222222 0.06634375 0.188375
0 0.42553906250000006 0.3700138888888889 0.06109375 0.17773611111111112
0 0.411625 0.5820277777777778 0.08978125 0.1604861111111111
2 0.3426328125 0.43551388888888887 0.060265625 0.13293055555555555
2 0.282921875 0.45634722222222224 0.0591484375 0.1388888888888889
2 0.22210156250000002 0.47420833333333334 0.060265625 0.13491666666666666
2 0.158484375 0.49404166666666666 0.064734375 0.1428611111111111
2 0.0931953125 0.514875 0.0658515625 0.14484722222222224
2 0.029578125 0.5317500000000001 0.0546875 0.14681944444444445
2 0.32421875 0.75 0.068078125 0.15873611111111113
2 0.3934140625 0.7251944444444445 0.068078125 0.15675
2 0.46038281249999996 0.702375 0.0658515625 0.16269444444444445
2 0.525671875 0.6785694444444444 0.060265625 0.15079166666666666
2 0.58984375 0.6537638888888888 0.0636171875 0.16070833333333331
2 0.6528984375 0.6319444444444444 0.060265625 0.15675
2 0.713171875 0.6140833333333333 0.060265625 0.1527777777777778
2 0.775671875 0.5892916666666667 0.060265625 0.1547638888888889
2 0.8337031250000001 0.5704305555555556 0.053570312499999995 0.1527777777777778
2 0.9174140625 0.9285694444444446 0.0669609375 0.1428611111111111
2 0.9760078125 0.9146805555555556 0.0479921875 0.15873611111111113
2 0.8465390625 0.9414722222222223 0.068078125 0.11706944444444445