0 0.19140625 0.6369027777777778 0.0658515625 0.2063472222222222
0 0.2728828125 0.6130972222222222 0.0591484375 0.2063472222222222
0 0.372765625 0.6031805555555556 0.064734375 0.19841666666666669
0 0.45239062499999994 0.5976527777777778 0.053984374999999994 0.1841388888888889
0 0.69921875 0.5772638888888889 0.057796875000000004 0.1645
0 0.6220703125 0.5798611111111112 0.060304687499999995 0.17469444444444446
0 0.787109375 0.5642361111111112 0.055507812499999996 0.17654166666666665
0 0.5278359375 0.5850694444444444 0.0472421875 0.19270833333333334
2 0.5982109375 0.8819444444444444 0.11383593750000001 0.20040277777777776
2 0.6997734375 0.8640833333333333 0.09375 0.1845277777777778
2 0.7963203125 0.8501944444444445 0.0926328125 0.18848611111111113
2 0.8928593749999999 0.8482083333333333 0.09375 0.17658333333333334
2 0.9698671875 0.8412638888888889 0.060265625 0.18254166666666669