0 0.154578125 0.5297638888888889 0.088171875 0.13095833333333334
0 0.2505546875 0.5198472222222222 0.083703125 0.1111111111111111
0 0.37890625 0.5684583333333334 0.0814765625 0.2202361111111111
0 0.3995546875 0.47718055555555555 0.091515625 0.10515277777777778
0 0.49553906249999996 0.4761944444444445 0.0982109375 0.13095833333333334
0 0.5809140625 0.5178611111111111 0.0502265625 0.19444444444444445
0 0.646203125 0.44245833333333334 0.0691953125 0.11904166666666666
0 0.693640625 0.41468055555555555 0.0636171875 0.09126388888888888
0 0.755578125 0.4166666666666667 0.078125 0.1388888888888889
2 0.318078125 0.3720277777777778 0.060265625 0.13690277777777776
2 0.2511171875 0.38690277777777776 0.0669609375 0.13491666666666666
2 0.4140625 0.42559722222222224 0.1026796875 0.04563888888888889
2 0.1802421875 0.4027777777777778 0.072546875 0.14681944444444445
2 0.10714062499999999 0.4156805555555556 0.0714296875 0.14880555555555555
2 0.0362734375 0.42956944444444445 0.0703125 0.1527777777777778
2 0.1752265625 0.6418611111111111 0.080359375 0.15675
2 0.255578125 0.625 0.078125 0.15873611111111113
2 0.3325859375 0.6061527777777778 0.075890625 0.1527777777777778
2 0.408484375 0.5912638888888888 0.075890625 0.16269444444444445
2 0.482703125 0.5694444444444444 0.072546875 0.1547638888888889
2 0.5574765625 0.5545694444444444 0.0770078125 0.1527777777777778
2 0.630578125 0.5287638888888888 0.0669609375 0.1527777777777778
2 0.701453125 0.5178611111111111 0.072546875 0.1547638888888889
2 0.7896171875 0.515875 0.088171875 0.12301388888888888
2 0.6043515625 0.8472222222222222 0.083703125 0.1745972222222222
2 0.6863828125 0.8154722222222222 0.080359375 0.16666666666666666
2 0.7661796875 0.7976249999999999 0.0814765625 0.1745972222222222
2 0.8493281250000001 0.7817500000000001 0.0825859375 0.16666666666666666
2 0.9308046875 0.7559583333333333 0.080359375 0.1706388888888889
2 0.9849296875 0.7460277777777777 0.0301328125 0.18254166666666669