0 0.125 0.4821388888888889 0.0870546875 0.15873611111111113
0 0.232703125 0.47420833333333334 0.0903984375 0.1388888888888889
0 0.51953125 0.4504027777777778 0.0747734375 0.1428611111111111
0 0.3256875 0.46831944444444445 0.054593749999999996 0.12543055555555555
0 0.42522656249999996 0.46329166666666666 0.0870546875 0.14880555555555555
0 0.6261171875 0.44543055555555555 0.078125 0.13690277777777776
0 0.71875 0.43948611111111113 0.078125 0.13690277777777776
0 0.8231015625 0.43352777777777773 0.072546875 0.14484722222222224
2 0.5479921875 0.7053611111111111 0.12053906249999999 0.21230555555555558
2 0.665734375 0.6934583333333334 0.1104921875 0.2043611111111111
2 0.775109375 0.6835277777777777 0.1104921875 0.20833333333333334
2 0.8895078125 0.6736111111111112 0.109375 0.20040277777777776
2 0.9737734375 0.671625 0.052453125 0.2202361111111111
2 0.9040156250000001 0.8928611111111111 0.127234375 0.21429166666666666
2 0.9838203125 0.890875 0.0323671875 0.21824999999999997