0 0.1808046875 0.6448472222222222 0.0691953125 0.24602777777777776
0 0.2578125 0.6349166666666667 0.0580390625 0.23809722222222224
0 0.3643984375 0.6071388888888889 0.0658515625 0.234125
0 0.42797656249999994 0.5911527777777777 0.0675625 0.22005555555555556
0 0.6079140625 0.5763888888888888 0.061984375 0.2105
0 0.7739296875 0.5590277777777778 0.06384375 0.20116666666666666
0 0.68896875 0.5811666666666666 0.061429687499999996 0.2064861111111111
0 0.5083671875 0.5902777777777778 0.061382812499999995 0.24404166666666668
2 0.49330468749999995 0.8452361111111112 0.1004453125 0.18651388888888887
2 0.5909609375 0.8313472222222222 0.0903984375 0.1904722222222222
2 0.6841484375 0.8184583333333333 0.091515625 0.19245833333333331
2 0.7784609375 0.8134861111111111 0.0926328125 0.18651388888888887
2 0.8727656250000001 0.8025833333333333 0.091515625 0.19245833333333331
2 0.9603828125 0.7906805555555555 0.0792421875 0.18055555555555555
2 0.8599296875 0.9652777777777778 0.10379687500000001 0.06944444444444445
2 0.9575859375 0.9573472222222221 0.0848203125 0.08531944444444445