0 0.1612734375 0.6775833333333333 0.0814765625 0.15675
2 0.592078125 0.9067500000000001 0.10602343750000001 0.17856944444444445
0 0.2490234375 0.6684027777777778 0.0626796875 0.13683333333333333
0 0.501953125 0.6449722222222222 0.06634375 0.12229166666666666
0 0.332765625 0.6597222222222222 0.0726328125 0.13433333333333333
0 0.7314453125 0.6254305555555556 0.068296875 0.11881944444444444
0 0.6513671875 0.6293472222222222 0.06646875 0.13368055555555555
0 0.4140625 0.6579861111111112 0.06646875 0.115125
2 0.6925234375 0.8978194444444444 0.0903984375 0.18848611111111113
2 0.7840390625 0.8869027777777778 0.088171875 0.1706388888888889
2 0.8744453125 0.8819444444444444 0.0903984375 0.17658333333333334
2 0.9614921875 0.8710277777777777 0.0770078125 0.18651388888888887