0 0.1791328125 0.734125 0.0546875 0.18254166666666669
0 0.2527890625 0.7390833333333333 0.056921875 0.1845277777777778
0 0.3292421875 0.7301527777777779 0.049109375 0.15873611111111113
0 0.3973203125 0.7261944444444445 0.049109375 0.1706388888888889
0 0.46986718749999995 0.7103194444444445 0.055804687500000005 0.16269444444444445
0 0.55078125 0.6944444444444444 0.056921875 0.1745972222222222
0 0.6099296875 0.6845277777777778 0.0457578125 0.15079166666666666
0 0.6925234375 0.6875 0.056921875 0.1527777777777778
0 0.7762265625 0.6686527777777778 0.0658515625 0.1428611111111111
2 0.536828125 0.9365138888888889 0.0825859375 0.12698611111111113
2 0.62109375 0.9335277777777777 0.083703125 0.13293055555555555
2 0.7059140625 0.9285694444444446 0.0859375 0.1428611111111111
2 0.7901796875 0.9226249999999999 0.0825859375 0.1547638888888889
2 0.8738828125 0.9166666666666666 0.0825859375 0.15873611111111113
2 0.9575859375 0.9097222222222222 0.080359375 0.1527777777777778