0 0.12332812500000001 0.46825 0.0903984375 0.18254166666666669
0 0.228234375 0.4702361111111111 0.0859375 0.16269444444444445
0 0.517859375 0.4365138888888889 0.078125 0.18651388888888887
0 0.42065625000000006 0.4431388888888889 0.081234375 0.16894444444444445
0 0.3227578125 0.444875 0.058773437500000004 0.17404166666666668
0 0.6201171875 0.4255694444444445 0.0796484375 0.16709722222222223
0 0.8168984375000001 0.4201388888888889 0.0692734375 0.14756944444444445
0 0.7119140625 0.4238333333333334 0.0783671875 0.16330555555555556
2 0.5479921875 0.7013888888888888 0.1160703125 0.20833333333333334
2 0.6640625 0.6964305555555556 0.109375 0.21031944444444445
2 0.775109375 0.6775833333333333 0.1082578125 0.20833333333333334
2 0.8872734375 0.6805555555555556 0.11160937500000001 0.21429166666666666
2 0.97265625 0.6656805555555556 0.0546875 0.20833333333333334
2 0.8989921875 0.8938472222222222 0.1261171875 0.21230555555555558
2 0.9815859375 0.8879027777777777 0.036828125 0.22420833333333334