0 0.15625 0.5813472222222222 0.0513359375 0.25793055555555555
0 0.25390625 0.5674583333333333 0.0703125 0.234125
0 0.3939765625 0.5486111111111112 0.075890625 0.18848611111111113
0 0.412390625 0.5436527777777778 0.0546875 0.25
0 0.4921875 0.5337361111111112 0.055804687500000005 0.24602777777777776
0 0.5848203125 0.5198472222222222 0.055804687500000005 0.2301527777777778
0 0.6489921875 0.49801388888888887 0.0546875 0.2222222222222222
0 0.7042421875 0.47718055555555555 0.060265625 0.22818055555555555
0 0.7689765625 0.4672638888888889 0.0870546875 0.25198611111111113
2 0.43638281250000005 0.40873611111111113 0.0669609375 0.14681944444444445
2 0.3677421875 0.42162499999999997 0.0703125 0.14484722222222224
2 0.295203125 0.4375 0.0703125 0.14484722222222224
2 0.2215390625 0.45337500000000003 0.072546875 0.1527777777777778
2 0.1478828125 0.46925 0.0747734375 0.1527777777777778
2 0.068640625 0.4831388888888889 0.0792421875 0.1527777777777778
2 0.2879453125 0.6894861111111111 0.080359375 0.1686527777777778
2 0.369421875 0.6666666666666666 0.0825859375 0.17856944444444445
2 0.45033593749999995 0.6498055555555555 0.0792421875 0.1686527777777778
2 0.5267890625 0.6319444444444444 0.075890625 0.16070833333333331
2 0.60546875 0.6150833333333333 0.0792421875 0.16269444444444445
2 0.681921875 0.6001944444444445 0.0736640625 0.16070833333333331
2 0.7572578125 0.5813472222222222 0.0770078125 0.15873611111111113
2 0.8325859375 0.5664722222222223 0.0736640625 0.16070833333333331
2 0.9056953125 0.5525833333333333 0.072546875 0.16468055555555555
2 0.73046875 0.8978194444444444 0.083703125 0.18055555555555555
2 0.8175234375 0.8789722222222223 0.0859375 0.18651388888888887
2 0.9051328125 0.859125 0.0870546875 0.18254166666666669
2 0.9743281250000001 0.8422638888888888 0.0513359375 0.18848611111111113