0 0.1484375 0.4206388888888889 0.1004453125 0.1111111111111111
0 0.2589296875 0.40873611111111113 0.1026796875 0.12698611111111113
0 0.342078125 0.3928611111111111 0.099328125 0.11904166666666666
0 0.4536171875 0.4238333333333334 0.0886875 0.1564722222222222
0 0.7133828125 0.3148888888888889 0.09515625 0.12456944444444444
0 0.615234375 0.3786944444444445 0.10559375 0.13856944444444444
0 0.5454140625 0.41015277777777776 0.071046875 0.17622222222222222
2 0.099890625 0.2361111111111111 0.10602343750000001 0.051583333333333335
2 0.0223203125 0.1745972222222222 0.044640625 0.16269444444444445
2 0.0145078125 0.35218055555555555 0.029015625 0.16468055555555555
2 0.0708671875 0.34325 0.0792421875 0.16666666666666666
2 0.15234375 0.33134722222222224 0.0814765625 0.16269444444444445
2 0.23772656250000002 0.32043055555555555 0.0848203125 0.1686527777777778
2 0.338171875 0.3879027777777778 0.11383593750000001 0.05356944444444445
2 0.3978828125 0.29365277777777776 0.083703125 0.1547638888888889
2 0.150671875 0.5486111111111112 0.095984375 0.18055555555555555
2 0.2449765625 0.5317500000000001 0.0903984375 0.17856944444444445
2 0.3359375 0.5188472222222222 0.0892890625 0.1686527777777778
2 0.423546875 0.5029722222222222 0.0926328125 0.17658333333333334
2 0.5128359375 0.4890833333333333 0.083703125 0.172625
2 0.6015625 0.48115277777777776 0.0892890625 0.15675
2 0.767296875 0.4444444444444444 0.0859375 0.1706388888888889
2 0.6791328125 0.4553611111111111 0.083703125 0.17658333333333334
2 0.556921875 0.7470277777777778 0.1004453125 0.20040277777777776
2 0.6568046875 0.7271805555555556 0.099328125 0.19643055555555555
2 0.7527890625 0.7093194444444444 0.0903984375 0.19643055555555555
2 0.8482109375 0.6954305555555556 0.095984375 0.19245833333333331
2 0.9441953125 0.6755972222222222 0.09375 0.19643055555555555