0 0.1596015625 0.6111111111111112 0.12276562499999999 0.36508333333333337
0 0.275109375 0.6944444444444444 0.1796875 0.28570833333333334
0 0.42522656249999996 0.5 0.169640625 0.2063472222222222
0 0.41908593749999995 0.45237499999999997 0.0792421875 0.2301527777777778
0 0.619421875 0.3998055555555556 0.127234375 0.20833333333333334
0 0.467078125 0.3422638888888889 0.052453125 0.2202361111111111
0 0.46819531249999996 0.235125 0.0814765625 0.22818055555555555
0 0.525109375 0.31845833333333334 0.068078125 0.25991666666666663
2 0.3900703125 0.8134861111111111 0.0546875 0.26587500000000003
2 0.44810156250000005 0.7291666666666666 0.056921875 0.24404166666666668
2 0.49944531249999996 0.6646805555555555 0.0457578125 0.234125
2 0.5457578125 0.5932499999999999 0.046875 0.234125
2 0.5909609375 0.547625 0.041296875 0.2301527777777778
2 0.7098203125 0.3759861111111111 0.0401796875 0.2361111111111111
2 0.6690859375 0.4305555555555556 0.0323671875 0.2301527777777778
2 0.6316953125 0.49008333333333337 0.0379453125 0.234125