0 0.161828125 0.6527777777777778 0.0580390625 0.17856944444444445
0 0.2254453125 0.6478194444444445 0.060265625 0.19245833333333331
0 0.3169609375 0.640875 0.0669609375 0.17856944444444445
0 0.3806171875 0.632375 0.0512734375 0.19
0 0.47143750000000006 0.6228333333333333 0.0497734375 0.1909722222222222
0 0.6826171875 0.601125 0.056546874999999996 0.18055555555555555
0 0.767578125 0.5811666666666666 0.0478828125 0.19031944444444446
0 0.607421875 0.6050416666666667 0.056125 0.17719444444444443
0 0.540734375 0.6240138888888889 0.0435234375 0.2043611111111111
2 0.423546875 0.8244027777777778 0.0814765625 0.16468055555555555
2 0.5072578125 0.8174583333333334 0.0792421875 0.16269444444444445
2 0.587609375 0.8085277777777777 0.0792421875 0.1527777777777778
2 0.6707578125 0.7956388888888889 0.075890625 0.15873611111111113
2 0.7505546875 0.7847222222222222 0.0747734375 0.16468055555555555
2 0.8309140625 0.7827361111111112 0.0770078125 0.16468055555555555
2 0.9123906249999999 0.7668611111111111 0.0770078125 0.16070833333333331
2 0.9776796875 0.7648750000000001 0.044640625 0.15675
2 0.736609375 0.953375 0.0870546875 0.09325
2 0.8309140625 0.9484166666666667 0.0903984375 0.10318055555555557
2 0.9185234375 0.9424583333333334 0.0848203125 0.11508333333333333
2 0.9821406250000001 0.9404722222222222 0.0357109375 0.11904166666666666