0 0.173546875 0.7718194444444445 0.11272656249999999 0.31348611111111113
0 0.22600781250000002 0.7132916666666668 0.0859375 0.30356944444444445
0 0.3247734375 0.6825416666666667 0.10491406249999999 0.28570833333333334
0 0.2862734375 0.5595277777777778 0.1082578125 0.19841666666666669
0 0.459265625 0.4543611111111111 0.0814765625 0.19444444444444445
0 0.5965390625 0.35615277777777776 0.135046875 0.14484722222222224
2 0.0184140625 0.7549583333333334 0.0278984375 0.20833333333333334
2 0.0736640625 0.7232083333333333 0.078125 0.2162638888888889
2 0.169640625 0.6924583333333333 0.0870546875 0.1745972222222222
2 0.232703125 0.639875 0.072546875 0.18055555555555555
2 0.306921875 0.6031805555555556 0.0736640625 0.202375
2 0.377234375 0.5664722222222223 0.0625 0.19643055555555555
2 0.443640625 0.5307499999999999 0.068078125 0.19643055555555555
2 0.5111640625 0.5049583333333333 0.0625 0.19643055555555555
2 0.57421875 0.4702361111111111 0.061382812499999995 0.1904722222222222
2 0.8136171875 0.9275833333333333 0.0669609375 0.14484722222222224
2 0.8872734375 0.9037638888888889 0.0714296875 0.19245833333333331
2 0.9609375 0.873013888888889 0.0736640625 0.21824999999999997