0 0.2035625 0.6419722222222223 0.068578125 0.16358333333333333
0 0.2942734375 0.6304027777777778 0.060765625000000004 0.18981944444444443
0 0.3754375 0.6149722222222221 0.052953125000000004 0.1867222222222222
0 0.46224218749999996 0.5995416666666666 0.0633671875 0.1743888888888889
0 0.5399296875 0.6010833333333333 0.0625 0.19290277777777776
0 0.617625 0.5918194444444445 0.05815625 0.17747222222222223
0 0.70659375 0.584875 0.0625 0.16358333333333333
0 0.79253125 0.5833333333333334 0.0625 0.15740277777777778
2 0.62065625 0.8780833333333333 0.095484375 0.16975
2 0.7170156249999999 0.8641944444444445 0.092015625 0.17901388888888886
2 0.8111953125 0.8564861111111111 0.0963515625 0.17283333333333334
2 0.9066875 0.8456805555555555 0.0963515625 0.17593055555555556
2 0.976125 0.8402777777777778 0.0477421875 0.18055555555555555