0 0.2109375 0.5357083333333333 0.0625 0.3571388888888889
0 0.2661796875 0.6061527777777778 0.1908515625 0.2678611111111111
0 0.42242968750000004 0.45734722222222224 0.193078125 0.2162638888888889
0 0.489953125 0.40575 0.109375 0.21230555555555558
0 0.5751953125 0.3181388888888889 0.0978984375 0.22743055555555555
0 0.6298828125 0.28341666666666665 0.1066875 0.24197222222222223
0 0.6684609375 0.3730416666666666 0.1350078125 0.19879166666666667
0 0.62890625 0.16369444444444445 0.072546875 0.125
2 0.052453125 0.18848611111111113 0.0691953125 0.21031944444444445
2 0.35546875 0.7420694444444444 0.072546875 0.25793055555555555
2 0.431921875 0.6795694444444444 0.075890625 0.25595833333333334
2 0.5044609375 0.6240138888888889 0.0691953125 0.27181944444444445
2 0.57421875 0.5674583333333333 0.0658515625 0.25
2 0.6400703125 0.5119027777777778 0.0658515625 0.25397222222222227
2 0.704796875 0.4652777777777778 0.0636171875 0.24404166666666668
2 0.7689765625 0.41468055555555555 0.0625 0.21824999999999997
2 0.8314765625 0.36904166666666666 0.0580390625 0.2301527777777778