0 0.150109375 0.4831388888888889 0.0658515625 0.29959722222222224
0 0.256140625 0.4652777777777778 0.0703125 0.2797638888888889
0 0.3353828125 0.4613055555555555 0.052453125 0.2916666666666667
0 0.595703125 0.4134166666666667 0.0745234375 0.24370833333333333
0 0.45141406249999994 0.4466111111111111 0.080203125 0.23241666666666666
0 0.6650390625 0.39822222222222226 0.074765625 0.25
0 0.7060546875 0.36327777777777776 0.0642734375 0.24327777777777776
0 0.5206484375 0.4404722222222222 0.0636171875 0.26587500000000003
2 0.2550234375 0.23809722222222224 0.0770078125 0.15873611111111113
2 0.1986640625 0.32241666666666663 0.109375 0.057541666666666665
2 0.0982109375 0.2569444444444444 0.0870546875 0.16468055555555555
2 0.029015625 0.26884722222222224 0.053570312499999995 0.18055555555555555
2 0.03125 0.4761944444444445 0.060265625 0.1904722222222222
2 0.1043515625 0.4613055555555555 0.0792421875 0.1845277777777778
2 0.1902890625 0.44940277777777776 0.0903984375 0.1845277777777778
2 0.2784609375 0.4265833333333333 0.083703125 0.17856944444444445
2 0.3660703125 0.4136944444444445 0.0870546875 0.1845277777777778
2 0.529015625 0.3958333333333333 0.0892890625 0.172625
2 0.607703125 0.375 0.0658515625 0.16666666666666666
2 0.41071093750000004 0.6696388888888889 0.095984375 0.19245833333333331
2 0.5072578125 0.6488055555555555 0.0926328125 0.19444444444444445
2 0.599890625 0.6339305555555556 0.0859375 0.19245833333333331
2 0.689734375 0.6120972222222222 0.091515625 0.20040277777777776
2 0.779578125 0.5892916666666667 0.088171875 0.21031944444444445
2 0.8688593750000001 0.577375 0.088171875 0.19444444444444445
2 0.95703125 0.5605138888888889 0.0814765625 0.18055555555555555
2 0.8989921875 0.8958333333333334 0.1104921875 0.20833333333333334
2 0.9776796875 0.8888888888888888 0.044640625 0.21429166666666666