0 0.173609375 0.6381111111111111 0.0677109375 0.13734722222222223
0 0.263453125 0.6265416666666667 0.05815625 0.14505555555555555
0 0.3424453125 0.6211388888888889 0.0633671875 0.13734722222222223
0 0.427953125 0.6126527777777778 0.0711796875 0.15431944444444445
0 0.51128125 0.5995416666666666 0.0729140625 0.1466111111111111
0 0.5911484375 0.5964444444444444 0.0711796875 0.1342638888888889
0 0.6788203125 0.5871944444444444 0.0729140625 0.125
0 0.7604140625 0.5825555555555556 0.0729140625 0.11883333333333333
2 0.6232656249999999 0.8804027777777778 0.095484375 0.1743888888888889
2 0.7209218749999999 0.8680555555555556 0.0911484375 0.17747222222222223
2 0.8133671874999999 0.8580277777777777 0.09375 0.17593055555555556
2 0.9092890625000001 0.8487638888888889 0.0928828125 0.17901388888888886
2 0.9782968750000001 0.8410555555555554 0.04340625 0.17901388888888886