0 0.1886171875 0.5545694444444444 0.064734375 0.2837361111111111
0 0.2566953125 0.5109166666666667 0.0580390625 0.25595833333333334
0 0.3878359375 0.514875 0.0703125 0.25991666666666663
0 0.5106015625 0.5267916666666667 0.072546875 0.27579166666666666
0 0.5396171875 0.48115277777777776 0.061382812499999995 0.25595833333333334
0 0.622765625 0.45337500000000003 0.0714296875 0.2837361111111111
0 0.7064765625 0.45734722222222224 0.0580390625 0.25595833333333334
2 0.1395078125 0.20536111111111113 0.080359375 0.16070833333333331
2 0.0552421875 0.21925000000000003 0.0859375 0.172625
2 0.1160703125 0.4613055555555555 0.095984375 0.18055555555555555
2 0.0346015625 0.4781805555555556 0.0669609375 0.1904722222222222
2 0.209265625 0.4384861111111111 0.0903984375 0.17856944444444445
2 0.298546875 0.42262500000000003 0.0859375 0.1745972222222222
2 0.47935156250000005 0.38491666666666663 0.083703125 0.1706388888888889
2 0.5625 0.37102777777777773 0.078125 0.1745972222222222
2 0.2924140625 0.7420694444444444 0.0982109375 0.2063472222222222
2 0.392296875 0.7132916666666668 0.099328125 0.2043611111111111
2 0.49107031250000005 0.6894861111111111 0.095984375 0.19643055555555555
2 0.5887265625 0.6686527777777778 0.0971015625 0.19841666666666669
2 0.6847109375 0.6488055555555555 0.0948671875 0.202375
2 0.7806953125 0.6299583333333333 0.0948671875 0.19643055555555555
2 0.8761171875 0.609125 0.09375 0.19444444444444445
2 0.9620546875 0.5912638888888888 0.075890625 0.19444444444444445
2 0.9497734375 0.9305555555555556 0.1004453125 0.1388888888888889
2 0.8409609375 0.9424583333333334 0.11272656249999999 0.11508333333333333