0 0.0753359375 0.6120972222222222 0.130578125 0.34325
0 0.2254453125 0.6964305555555556 0.127234375 0.34920833333333334
0 0.377234375 0.3859166666666667 0.053570312499999995 0.3154722222222222
0 0.420203125 0.31151388888888887 0.0591484375 0.25793055555555555
0 0.48102343750000004 0.5059583333333334 0.171875 0.18651388888888887
0 0.48492968750000004 0.3888888888888889 0.166296875 0.11508333333333333
0 0.6964296875 0.5525833333333333 0.11160937500000001 0.3511944444444445
2 0.3604921875 0.8700416666666666 0.0424140625 0.2361111111111111
2 0.40346093749999995 0.7867083333333332 0.0435234375 0.24008333333333334
2 0.44252343749999995 0.7192500000000001 0.036828125 0.25991666666666663
2 0.4765625 0.6607083333333333 0.0424140625 0.2301527777777778
2 0.51953125 0.6041666666666666 0.0435234375 0.22818055555555555
2 0.5552421875 0.5277777777777778 0.036828125 0.23809722222222224
2 0.5853828125 0.45634722222222224 0.0301328125 0.24206944444444442
2 0.6143984375 0.4077361111111111 0.025671875 0.24008333333333334
2 0.64453125 0.3472222222222222 0.0301328125 0.2301527777777778