0 0.161828125 0.7410694444444446 0.0580390625 0.140875
0 0.23492968749999998 0.7390833333333333 0.068078125 0.13690277777777776
0 0.3097109375 0.7361111111111112 0.0636171875 0.12301388888888888
0 0.3839296875 0.7152777777777778 0.064734375 0.13690277777777776
0 0.46038281249999996 0.7093194444444444 0.0658515625 0.125
0 0.5301328125 0.7083333333333334 0.055804687500000005 0.11508333333333333
0 0.6049140625 0.6954305555555556 0.0625 0.125
0 0.6785703125 0.6894861111111111 0.0625 0.12102777777777778
0 0.7511171875 0.6775833333333333 0.0669609375 0.125
2 0.5574765625 0.9384861111111111 0.0859375 0.12301388888888888
2 0.6411796875 0.9325416666666666 0.0770078125 0.13491666666666666
2 0.724328125 0.9295694444444444 0.0825859375 0.140875
2 0.8063593750000001 0.9245972222222223 0.0792421875 0.15079166666666666
2 0.890625 0.9176527777777779 0.0825859375 0.1527777777777778
2 0.9665156250000001 0.9117083333333332 0.0669609375 0.14880555555555555