0 0.391359375 0.625 0.0646328125 0.21636111111111112
0 0.150515625 0.6527777777777778 0.0628046875 0.2358888888888889
0 0.3435078125 0.5859444444444445 0.0571875 0.21484722222222222
0 0.52734375 0.5664027777777778 0.0445234375 0.2119166666666667
0 0.2626953125 0.33484722222222224 0.050601562499999996 0.19336111111111112
0 0.1857890625 0.5889722222222222 0.065859375 0.1505
0 0.40844531249999994 0.5264722222222222 0.053007812499999994 0.15104166666666666
2 0.2700859375 0.6021805555555555 0.0625 0.140875
2 0.0848203125 0.37301388888888887 0.055804687500000005 0.13095833333333334
2 0.03125 0.3928611111111111 0.055804687500000005 0.13491666666666666
2 0.0714296875 0.671625 0.0691953125 0.14880555555555555
2 0.1400703125 0.6488055555555555 0.068078125 0.14681944444444445
2 0.2059140625 0.6230138888888889 0.061382812499999995 0.15079166666666666
2 0.3309140625 0.5763888888888888 0.056921875 0.13690277777777776
2 0.3878359375 0.5505972222222222 0.052453125 0.13690277777777776
2 0.44419531250000005 0.5287638888888888 0.0580390625 0.14484722222222224
2 0.501671875 0.5069444444444444 0.0546875 0.14484722222222224
2 0.5546875 0.49106944444444445 0.0513359375 0.14484722222222224
2 0.5658515625 0.8650833333333333 0.060265625 0.1745972222222222
2 0.62890625 0.8343194444444445 0.0636171875 0.17658333333333334
2 0.693640625 0.8055555555555556 0.061382812499999995 0.16269444444444445
2 0.7550234375 0.7738055555555555 0.0591484375 0.15873611111111113
2 0.8169609375 0.7509861111111111 0.0625 0.16070833333333331
2 0.87890625 0.7222222222222222 0.0591484375 0.1706388888888889
2 0.9375 0.6974166666666667 0.055804687500000005 0.15675
2 0.9832578125 0.6765833333333333 0.033484375 0.15873611111111113
2 0.1791328125 0.4236111111111111 0.0948671875 0.05356944444444445