0 0.1450859375 0.6051527777777778 0.0513359375 0.24206944444444442
0 0.1964296875 0.5744027777777778 0.055804687500000005 0.2678611111111111
0 0.3041328125 0.5863055555555555 0.068078125 0.23213888888888887
0 0.396203125 0.5545694444444444 0.0580390625 0.23213888888888887
0 0.493859375 0.5198472222222222 0.0457578125 0.24206944444444442
0 0.537390625 0.5039722222222223 0.0435234375 0.234125
0 0.666296875 0.4990138888888889 0.0691953125 0.24008333333333334
0 0.7661796875 0.5039722222222223 0.056921875 0.22619444444444448
0 0.7572578125 0.375 0.0591484375 0.09920833333333334
2 0.2823671875 0.3095277777777778 0.0736640625 0.15873611111111113
2 0.21038281250000002 0.327375 0.0703125 0.15079166666666666
2 0.13671875 0.3333333333333333 0.072546875 0.1388888888888889
2 0.0887265625 0.42856944444444445 0.1104921875 0.047625
2 0.0362734375 0.44345833333333334 0.068078125 0.04959722222222222
2 0.0278984375 0.5833333333333334 0.0513359375 0.17856944444444445
2 0.095421875 0.5625 0.0770078125 0.16468055555555555
2 0.178015625 0.5486111111111112 0.0814765625 0.1686527777777778
2 0.26171875 0.5347222222222222 0.0792421875 0.1686527777777778
2 0.3431953125 0.5138888888888888 0.0747734375 0.16269444444444445
2 0.41908593749999995 0.5059583333333334 0.0747734375 0.16269444444444445
2 0.5770078125 0.4761944444444445 0.080359375 0.13491666666666666
2 0.64453125 0.45634722222222224 0.0703125 0.15079166666666666
2 0.51953125 0.5248055555555555 0.0903984375 0.10119444444444445
2 0.41127343749999995 0.7678611111111111 0.088171875 0.18254166666666669
2 0.49888281250000005 0.748013888888889 0.0825859375 0.17856944444444445
2 0.584265625 0.7321388888888889 0.083703125 0.18254166666666669
2 0.6690859375 0.7162638888888889 0.0814765625 0.17856944444444445
2 0.752234375 0.6954305555555556 0.0825859375 0.18055555555555555
2 0.8370546875 0.6795694444444444 0.0825859375 0.172625
2 0.9207578125 0.6617083333333333 0.0825859375 0.17658333333333334
2 0.9815859375 0.6507916666666667 0.036828125 0.1745972222222222
2 0.890625 0.9513888888888888 0.095984375 0.09722222222222222
2 0.9704218750000001 0.9434583333333333 0.0591484375 0.11309722222222224