0 0.2505546875 0.7390833333333333 0.0814765625 0.2876944444444444
0 0.318640625 0.5634861111111111 0.0502265625 0.26587500000000003
0 0.48158593749999995 0.6458333333333334 0.0747734375 0.25595833333333334
0 0.5844765625 0.4099444444444445 0.097046875 0.21820833333333337
0 0.5444375 0.6879305555555556 0.10967968749999998 0.23958333333333334
0 0.6567421875 0.8042499999999999 0.137328125 0.22080555555555553
0 0.6201171875 0.5351527777777778 0.073421875 0.2558611111111111
0 0.646203125 0.47123611111111113 0.049109375 0.25198611111111113
2 0.306921875 0.42758333333333337 0.029015625 0.17658333333333334
2 0.2818046875 0.4761944444444445 0.025671875 0.1706388888888889
2 0.256140625 0.5238055555555555 0.0278984375 0.1745972222222222
2 0.21038281250000002 0.6111111111111112 0.0301328125 0.1706388888888889
2 0.2890625 0.625 0.091515625 0.05952777777777778
2 0.0864921875 0.8422638888888888 0.0323671875 0.22420833333333334
2 0.1199765625 0.7777777777777778 0.0323671875 0.202375
2 0.263390625 0.7529722222222222 0.1316953125 0.14880555555555555
2 0.1869453125 0.6825416666666667 0.0301328125 0.18254166666666669