0 0.1596015625 0.5654722222222222 0.0982109375 0.1428611111111111
0 0.265625 0.5724166666666667 0.10491406249999999 0.15675
0 0.357140625 0.5297638888888889 0.095984375 0.1388888888888889
0 0.7797890625 0.5221388888888889 0.098265625 0.17773611111111112
0 0.47289843749999994 0.5902777777777778 0.093203125 0.21744444444444444
0 0.6351875 0.5377638888888889 0.0861171875 0.18152777777777776
0 0.564171875 0.5545694444444444 0.0747734375 0.22420833333333334
0 0.7120546875 0.5129027777777778 0.0625 0.21230555555555558
2 0.087609375 0.47718055555555555 0.0859375 0.172625
2 0.17578125 0.4613055555555555 0.083703125 0.16468055555555555
2 0.259484375 0.44741666666666663 0.0770078125 0.17658333333333334
2 0.33984375 0.4305555555555556 0.0770078125 0.1745972222222222
2 0.42578125 0.42262500000000003 0.0859375 0.17856944444444445
2 0.1612734375 0.6884861111111111 0.0971015625 0.18651388888888887
2 0.256140625 0.6666666666666666 0.0926328125 0.19444444444444445
2 0.3504453125 0.6567500000000001 0.0848203125 0.202375
2 0.43861718749999995 0.6418611111111111 0.080359375 0.17658333333333334
2 0.5234375 0.6200416666666667 0.091515625 0.1845277777777778
2 0.615515625 0.6180555555555556 0.0859375 0.19245833333333331
2 0.7042421875 0.6001944444444445 0.0870546875 0.18055555555555555
2 0.7935234375 0.577375 0.091515625 0.1745972222222222
2 0.544640625 0.8799583333333334 0.11160937500000001 0.21230555555555558
2 0.6495546875 0.8620972222222223 0.09375 0.19643055555555555
2 0.7505546875 0.8521805555555556 0.0971015625 0.21230555555555558
2 0.8482109375 0.8343194444444445 0.091515625 0.21230555555555558
2 0.9430781250000001 0.8224166666666667 0.09375 0.2043611111111111