0 0.161828125 0.6309583333333334 0.075890625 0.1547638888888889
0 0.2589296875 0.6279722222222222 0.075890625 0.14484722222222224
0 0.3471015625 0.6111111111111112 0.0736640625 0.1547638888888889
0 0.4375 0.6021805555555555 0.0714296875 0.16070833333333331
0 0.5200859375 0.5863055555555555 0.0736640625 0.16468055555555555
0 0.6088203125 0.5853194444444445 0.0703125 0.1428611111111111
0 0.6869453125 0.5754027777777778 0.0658515625 0.13491666666666666
0 0.7806953125 0.5674583333333333 0.0792421875 0.1547638888888889
2 0.6339296875 0.8809583333333333 0.095984375 0.1745972222222222
2 0.732140625 0.8313472222222222 0.095984375 0.1071388888888889
2 0.8297968750000001 0.8601249999999999 0.0948671875 0.1845277777777778
2 0.9274531250000001 0.8511944444444445 0.095984375 0.18254166666666669
2 0.9888359375 0.8432499999999999 0.0223203125 0.18254166666666669