0 0.171875 0.6577361111111111 0.064734375 0.25991666666666663
0 0.2666015625 0.6137222222222222 0.0667109375 0.23394444444444445
0 0.40014843750000006 0.6245694444444444 0.0588984375 0.27669444444444447
0 0.452640625 0.5837638888888889 0.07159375 0.25543055555555555
0 0.6328125 0.5651111111111111 0.063109375 0.25498611111111114
0 0.5161171875 0.5677083333333334 0.06982812499999999 0.25543055555555555
0 0.7861328125 0.5277777777777778 0.09771875 0.24869444444444444
0 0.6796875 0.5429722222222222 0.06118749999999999 0.24913888888888888
2 0.42075781250000005 0.3998055555555556 0.0736640625 0.1527777777777778
2 0.3448671875 0.4126944444444444 0.078125 0.15079166666666666
2 0.263953125 0.42559722222222224 0.0814765625 0.15675
2 0.18359375 0.43352777777777773 0.0814765625 0.15675
2 0.10211718750000001 0.4444444444444444 0.083703125 0.15873611111111113
2 0.064734375 0.5426527777777778 0.11160937500000001 0.04959722222222222
2 0.0948671875 0.6597222222222222 0.0848203125 0.172625
2 0.1824765625 0.6458333333333334 0.0926328125 0.172625
2 0.2728828125 0.6329305555555556 0.088171875 0.1745972222222222
2 0.3604921875 0.6170694444444444 0.0870546875 0.1706388888888889
2 0.447546875 0.6001944444444445 0.0825859375 0.1686527777777778
2 0.532921875 0.5863055555555555 0.0859375 0.16468055555555555
2 0.6177421875 0.5754027777777778 0.083703125 0.16269444444444445
2 0.7020078125 0.5615138888888889 0.0848203125 0.1706388888888889
2 0.7846015625 0.5436527777777778 0.080359375 0.1745972222222222
2 0.474890625 0.8521805555555556 0.0903984375 0.18055555555555555
2 0.568640625 0.8333333333333334 0.099328125 0.18651388888888887
2 0.6629453125 0.8154722222222222 0.091515625 0.1904722222222222
2 0.7572578125 0.7986111111111112 0.0903984375 0.1845277777777778
2 0.8504453125 0.7896805555555556 0.095984375 0.18651388888888887
2 0.9436406249999999 0.7728194444444444 0.0903984375 0.17658333333333334