0 0.3197578125 0.6815416666666666 0.0658515625 0.24404166666666668
0 0.2098203125 0.6011944444444445 0.1160703125 0.16666666666666666
0 0.3191953125 0.5009861111111111 0.0625 0.23213888888888887
0 0.3627265625 0.5505972222222222 0.075890625 0.2162638888888889
0 0.6259765625 0.6015694444444445 0.126953125 0.2033472222222222
0 0.5219765625 0.48177777777777775 0.09753125 0.21559722222222222
0 0.349125 0.329 0.053804687500000004 0.11773611111111111
0 0.3620625 0.38108333333333333 0.0414765625 0.15766666666666665
2 0.10491406249999999 0.7152777777777778 0.0357109375 0.1845277777777778
2 0.298546875 0.36309722222222224 0.0278984375 0.16666666666666666
2 0.2784609375 0.48115277777777776 0.0814765625 0.06151388888888889
2 0.181921875 0.5694444444444444 0.0267890625 0.1706388888888889
2 0.1596015625 0.6190416666666666 0.0223203125 0.17856944444444445
2 0.236609375 0.47420833333333334 0.0245546875 0.15873611111111113