0 0.20703125 0.6269861111111111 0.0792421875 0.24206944444444442
0 0.2957578125 0.578375 0.10491406249999999 0.15675
0 0.380578125 0.5684583333333334 0.09375 0.172625
0 0.443078125 0.5257916666666667 0.0736640625 0.13491666666666666
0 0.525390625 0.5190972222222222 0.0883203125 0.12955555555555556
0 0.73584375 0.5473055555555556 0.0980859375 0.1818611111111111
0 0.6333046875 0.5199722222222222 0.0837421875 0.1423611111111111
0 0.8359375 0.5112916666666667 0.1037578125 0.17556944444444444
2 0.161828125 0.6825416666666667 0.1004453125 0.19444444444444445
2 0.2606015625 0.672625 0.0971015625 0.18651388888888887
2 0.35546875 0.6577361111111111 0.0859375 0.1845277777777778
2 0.446984375 0.6498055555555555 0.0903984375 0.18055555555555555
2 0.5396171875 0.6388888888888888 0.0926328125 0.18254166666666669
2 0.630578125 0.6240138888888889 0.091515625 0.17658333333333334
2 0.720984375 0.6160694444444444 0.0870546875 0.1845277777777778
2 0.8113828125 0.6061527777777778 0.0892890625 0.1845277777777778
2 0.9034609375 0.5902777777777778 0.0948671875 0.17658333333333334
2 0.525671875 0.8759861111111111 0.10491406249999999 0.19245833333333331
2 0.62890625 0.859125 0.099328125 0.1904722222222222
2 0.7276796875 0.8501944444444445 0.095984375 0.20040277777777776
2 0.8264531249999999 0.8343194444444445 0.0971015625 0.19245833333333331
2 0.9274531250000001 0.8234166666666667 0.0982109375 0.2063472222222222
2 0.9888359375 0.8174583333333334 0.0223203125 0.19841666666666669