0 0.194875 0.625 0.1015625 0.09876388888888889
0 0.226125 0.6257777777777778 0.056421874999999996 0.18363888888888888
0 0.37934375 0.6597222222222222 0.08159374999999999 0.20525
0 0.381078125 0.5941388888888889 0.060765625000000004 0.19752777777777777
0 0.646484375 0.5746527777777778 0.09234375 0.14908333333333335
0 0.45239062499999994 0.5850694444444444 0.0654921875 0.168625
0 0.7626953125 0.49522222222222223 0.0989375 0.10780555555555556
0 0.693359375 0.523875 0.0713515625 0.12456944444444444
0 0.44575 0.5594166666666667 0.0442734375 0.20525
2 0.078125 0.32793055555555556 0.0694453125 0.1342638888888889
2 0.024742187500000002 0.34105555555555556 0.040796874999999996 0.1327222222222222
2 0.013023437500000002 0.5347222222222222 0.017359375 0.15586111111111112
2 0.05859375 0.5239166666666667 0.07378124999999999 0.14043055555555556
2 0.13150781250000002 0.5084861111111111 0.072046875 0.13734722222222223
2 0.26649218750000003 0.48070833333333335 0.06596874999999999 0.1342638888888889
2 0.3333359375 0.4699027777777778 0.06596874999999999 0.13734722222222223
2 0.19140625 0.7291666666666666 0.0789921875 0.15586111111111112
2 0.27039843750000003 0.7114166666666667 0.0772578125 0.14815277777777777
2 0.34678906249999997 0.6959861111111111 0.072046875 0.15740277777777778
2 0.420140625 0.6766944444444445 0.0729140625 0.1527777777777778
2 0.492625 0.6628055555555556 0.06684375000000001 0.14969444444444444
2 0.5603281250000001 0.6412083333333334 0.0703125 0.14969444444444444
2 0.6315078125 0.6280833333333333 0.072046875 0.1512361111111111
2 0.7009531250000001 0.6141944444444445 0.06684375000000001 0.14505555555555555
2 0.7703984375 0.598 0.072046875 0.1466111111111111
2 0.6063359375 0.9189861111111111 0.084203125 0.16204166666666667
2 0.6870625 0.9004583333333334 0.0789921875 0.17129166666666668
2 0.7647578125 0.8811666666666668 0.07465625000000001 0.16975
2 0.84375 0.8649722222222221 0.08159374999999999 0.16204166666666667
2 0.9223125 0.8425972222222222 0.0755234375 0.16666666666666666
2 0.9796015625000001 0.8317916666666666 0.040796874999999996 0.16666666666666666