0 0.1947578125 0.6120972222222222 0.0546875 0.18848611111111113
0 0.2806953125 0.6150833333333333 0.068078125 0.1904722222222222
0 0.3543515625 0.610125 0.0546875 0.19245833333333331
0 0.427453125 0.5992083333333333 0.0580390625 0.18651388888888887
0 0.7543984375 0.5533888888888889 0.058562499999999997 0.18033333333333335
0 0.683109375 0.5768194444444444 0.051664062499999996 0.1867361111111111
0 0.8354531250000001 0.5590277777777778 0.0570703125 0.20084722222222223
0 0.5258828125 0.5963611111111111 0.046632812499999995 0.1890138888888889
0 0.60546875 0.5754027777777778 0.0502265625 0.1904722222222222
2 0.5089296875 0.8204305555555556 0.0870546875 0.16070833333333331
2 0.595421875 0.8095277777777778 0.0859375 0.16269444444444445
2 0.6824765625 0.7956388888888889 0.0859375 0.16666666666666666
2 0.7689765625 0.7876944444444445 0.0848203125 0.16666666666666666
2 0.8560234375 0.7777777777777778 0.0848203125 0.16666666666666666
2 0.9425234375 0.7748055555555555 0.0859375 0.16468055555555555
2 0.8443046875 0.9553611111111111 0.0926328125 0.08929166666666667
2 0.9408515625 0.9474166666666667 0.095984375 0.10515277777777778