0 0.173546875 0.6835277777777777 0.068078125 0.14880555555555555
0 0.25 0.672625 0.0513359375 0.1706388888888889
0 0.3314765625 0.6696388888888889 0.0580390625 0.14880555555555555
0 0.393796875 0.6384583333333333 0.059750000000000004 0.15679166666666666
0 0.47241406250000006 0.6263055555555556 0.060757812499999994 0.17318055555555556
0 0.62646875 0.6224027777777777 0.0665859375 0.1446388888888889
0 0.5518984375 0.6468194444444444 0.0591484375 0.14681944444444445
0 0.6919609375 0.6160694444444444 0.060265625 0.140875
0 0.7622734375 0.6061527777777778 0.0580390625 0.1686527777777778
2 0.5591484375 0.8998055555555555 0.080359375 0.16468055555555555
2 0.6434140625 0.8898750000000001 0.0814765625 0.16468055555555555
2 0.7254453125 0.8839305555555554 0.080359375 0.16070833333333331
2 0.8091484375 0.873013888888889 0.075890625 0.15873611111111113
2 0.8878359375 0.8660694444444446 0.083703125 0.1686527777777778
2 0.9653984375 0.8561527777777778 0.0691953125 0.172625