0 0.181921875 0.6359166666666667 0.0691953125 0.18055555555555555
0 0.271203125 0.6230138888888889 0.053570312499999995 0.16666666666666666
0 0.345984375 0.6120972222222222 0.049109375 0.17658333333333334
0 0.42242968750000004 0.6150833333333333 0.0636171875 0.1745972222222222
0 0.5167421875 0.6011944444444445 0.0625 0.17856944444444445
0 0.592078125 0.5892916666666667 0.0502265625 0.1745972222222222
0 0.6646171875 0.5902777777777778 0.0502265625 0.16070833333333331
0 0.736046875 0.5754027777777778 0.052453125 0.15873611111111113
0 0.8236640625 0.5654722222222222 0.064734375 0.1745972222222222
2 0.5714296875 0.859125 0.0848203125 0.16269444444444445
2 0.66015625 0.8492083333333332 0.0859375 0.1706388888888889
2 0.747765625 0.8244027777777778 0.0848203125 0.13690277777777776
2 0.8337031250000001 0.8293611111111111 0.0848203125 0.16666666666666666
2 0.921875 0.8254027777777777 0.0892890625 0.16269444444444445
2 0.9821406250000001 0.8184583333333333 0.0357109375 0.16468055555555555
2 0.9090390625 0.9781805555555555 0.0971015625 0.043652777777777776
2 0.9793515625 0.9722222222222222 0.041296875 0.05555555555555555