0 0.2120546875 0.6309583333333334 0.0736640625 0.2063472222222222
0 0.2265625 0.6676527777777778 0.0870546875 0.172625
0 0.37109375 0.5942500000000001 0.0546875 0.18848611111111113
0 0.501671875 0.6547638888888889 0.068078125 0.18254166666666669
0 0.421875 0.5611944444444444 0.0700703125 0.19336111111111112
0 0.5200234375 0.47179166666666666 0.039554687500000005 0.191625
0 0.5714296875 0.5257916666666667 0.095984375 0.09920833333333334
0 0.529578125 0.4642916666666667 0.0278984375 0.18254166666666669
2 0.2254453125 0.39384722222222224 0.044640625 0.13293055555555555
2 0.1763359375 0.41765277777777776 0.044640625 0.125
2 0.079796875 0.4751944444444444 0.0502265625 0.13690277777777776
2 0.2137265625 0.49801388888888887 0.0948671875 0.07936111111111112
2 0.333703125 0.7728194444444444 0.046875 0.1527777777777778
2 0.3828125 0.7301527777777779 0.0513359375 0.14681944444444445
2 0.43414843750000004 0.6984166666666667 0.049109375 0.14681944444444445
2 0.48382031249999996 0.6636944444444445 0.0457578125 0.15675
2 0.529015625 0.6339305555555556 0.0401796875 0.14484722222222224
2 0.571984375 0.6051527777777778 0.0457578125 0.1388888888888889
2 0.615515625 0.5754027777777778 0.041296875 0.1388888888888889
2 0.658484375 0.5396805555555555 0.0401796875 0.1428611111111111
2 0.69921875 0.5178611111111111 0.036828125 0.1428611111111111
2 0.953125 0.9335277777777777 0.0424140625 0.13293055555555555