0 0.45982031250000005 0.40675 0.080359375 0.21031944444444445
0 0.408484375 0.5406805555555556 0.053570312499999995 0.18848611111111113
0 0.454796875 0.6369027777777778 0.0435234375 0.24602777777777776
0 0.35546875 0.6686527777777778 0.088171875 0.234125
0 0.20367968749999998 0.7182499999999999 0.0502265625 0.234125
0 0.1573671875 0.6646805555555555 0.053570312499999995 0.25397222222222227
0 0.5859375 0.5297638888888889 0.0379453125 0.2222222222222222
0 0.7137265625 0.5119027777777778 0.072546875 0.22619444444444448
2 0.372765625 0.4345277777777778 0.0401796875 0.15079166666666666
2 0.3314765625 0.46925 0.0401796875 0.15675
2 0.2890625 0.5 0.0401796875 0.1547638888888889
2 0.24553906250000002 0.5287638888888888 0.046875 0.15675
2 0.2020078125 0.5654722222222222 0.0401796875 0.15873611111111113
2 0.1556953125 0.5942500000000001 0.0479921875 0.15675
2 0.10100781249999999 0.6349166666666667 0.0435234375 0.1706388888888889
2 0.051898437500000005 0.6785694444444444 0.0479921875 0.16269444444444445
2 0.011164062499999999 0.703375 0.015625 0.17658333333333334
2 0.6160703125 0.8720277777777778 0.044640625 0.18848611111111113
2 0.661828125 0.8244027777777778 0.044640625 0.17658333333333334
2 0.704796875 0.7797638888888888 0.036828125 0.17856944444444445
2 0.74609375 0.7410694444444446 0.041296875 0.172625
2 0.786828125 0.7004027777777778 0.0379453125 0.18651388888888887
2 0.8270078125 0.6636944444444445 0.0379453125 0.16468055555555555
2 0.8638359375 0.6279722222222222 0.033484375 0.16070833333333331
2 0.9017890625 0.5952361111111111 0.0379453125 0.16269444444444445
2 0.9402890625 0.5525833333333333 0.036828125 0.16070833333333331