0 0.16796875 0.7301527777777779 0.0636171875 0.25397222222222227
0 0.23382031250000002 0.7103194444444445 0.061382812499999995 0.23809722222222224
0 0.3275703125 0.6924583333333333 0.068078125 0.2063472222222222
0 0.40796093750000006 0.6849027777777777 0.064390625 0.2189722222222222
0 0.5546875 0.6575555555555556 0.063234375 0.2177777777777778
0 0.6201171875 0.6454027777777778 0.061312500000000006 0.24088888888888887
0 0.8369140625 0.6336805555555556 0.0705546875 0.20052777777777778
0 0.47210156249999996 0.6765833333333333 0.060265625 0.21031944444444445
0 0.7254453125 0.6517916666666667 0.053570312499999995 0.21230555555555558
2 0.0357109375 0.7132916666666668 0.0669609375 0.14880555555555555
2 0.1015625 0.6984166666666667 0.0870546875 0.16269444444444445
2 0.1875 0.6825416666666667 0.080359375 0.15079166666666666
2 0.2706484375 0.6706388888888889 0.0859375 0.16269444444444445
2 0.3526796875 0.6597222222222222 0.078125 0.15675
2 0.431921875 0.640875 0.080359375 0.16269444444444445
2 0.51171875 0.6339305555555556 0.0747734375 0.15675
2 0.58984375 0.6299583333333333 0.0792421875 0.14880555555555555
2 0.6635078125 0.6190416666666666 0.083703125 0.14681944444444445
2 0.3403984375 0.8690416666666667 0.0870546875 0.1706388888888889
2 0.43080468749999995 0.8561527777777778 0.0892890625 0.1686527777777778
2 0.5206484375 0.8432499999999999 0.0859375 0.16666666666666666
2 0.607703125 0.8303611111111111 0.0859375 0.1686527777777778
2 0.6919609375 0.8214305555555554 0.0825859375 0.16269444444444445
2 0.7784609375 0.8045694444444444 0.083703125 0.1686527777777778
2 0.86328125 0.7946388888888889 0.0859375 0.16468055555555555
2 0.9497734375 0.7847222222222222 0.0825859375 0.1686527777777778
2 0.720984375 0.9861111111111112 0.091515625 0.027777777777777776
2 0.8152890625 0.9781805555555555 0.0948671875 0.043652777777777776
2 0.91015625 0.9722222222222222 0.0926328125 0.05555555555555555
2 0.9799140625 0.9672638888888888 0.0401796875 0.06547222222222222