0 0.1473203125 0.514875 0.0691953125 0.30356944444444445
0 0.232140625 0.4642916666666667 0.0691953125 0.26190277777777776
0 0.342078125 0.46626388888888887 0.068078125 0.2777777777777778
0 0.4663125 0.4631111111111111 0.063109375 0.2597638888888889
0 0.7021484375 0.37608333333333327 0.0764140625 0.30706944444444445
0 0.6235390625 0.4151527777777778 0.080203125 0.2680138888888889
0 0.5390625 0.4461805555555556 0.0678125 0.24456944444444445
0 0.6626015625 0.40234722222222224 0.0678125 0.27344444444444443
2 0.2137265625 0.2212361111111111 0.0792421875 0.16070833333333331
2 0.1372734375 0.235125 0.075890625 0.14484722222222224
2 0.10714062499999999 0.3333333333333333 0.1183046875 0.05555555555555555
2 0.1143984375 0.48809722222222224 0.0903984375 0.1706388888888889
2 0.200890625 0.4652777777777778 0.080359375 0.172625
2 0.3777890625 0.42856944444444445 0.0814765625 0.16666666666666666
2 0.46149218750000004 0.4126944444444444 0.083703125 0.16269444444444445
2 0.490515625 0.7212361111111111 0.0971015625 0.19643055555555555
2 0.5870546875 0.6924583333333333 0.095984375 0.202375
2 0.681359375 0.6686527777777778 0.0926328125 0.19841666666666669
2 0.7734375 0.6498055555555555 0.0892890625 0.20040277777777776
2 0.8643984375 0.625 0.0903984375 0.1904722222222222
2 0.9547968750000001 0.6061527777777778 0.0903984375 0.19643055555555555