0 0.169640625 0.7182499999999999 0.055804687500000005 0.23809722222222224
0 0.24163281250000002 0.7132916666666668 0.0435234375 0.20833333333333334
0 0.3292421875 0.7093194444444444 0.060265625 0.20040277777777776
0 0.3984375 0.6984166666666667 0.049109375 0.21031944444444445
0 0.5390625 0.6814305555555555 0.050812500000000003 0.21669444444444447
0 0.7163125 0.6645 0.0570703125 0.20941666666666667
0 0.612796875 0.6649305555555556 0.05865625 0.22418055555555555
0 0.8159218750000001 0.657125 0.051453125 0.21115277777777777
0 0.47711718750000004 0.6775833333333333 0.0457578125 0.19643055555555555
2 0.2645078125 0.828375 0.0870546875 0.16070833333333331
2 0.349890625 0.814486111111111 0.083703125 0.15675
2 0.435265625 0.8045694444444444 0.080359375 0.16468055555555555
2 0.5161796875 0.7936527777777778 0.0770078125 0.15873611111111113
2 0.59765625 0.7827361111111112 0.0814765625 0.15675
2 0.6796875 0.7738055555555555 0.080359375 0.14681944444444445
2 0.7583671875 0.7629027777777777 0.0792421875 0.15675
2 0.8381718749999999 0.748013888888889 0.080359375 0.15079166666666666
2 0.9229921875 0.7490138888888889 0.080359375 0.1527777777777778
2 0.5831484375 0.9553611111111111 0.0903984375 0.08929166666666667
2 0.6768984375 0.9474166666666667 0.088171875 0.10515277777777778
2 0.765625 0.9414722222222223 0.0848203125 0.11706944444444445
2 0.8560234375 0.9384861111111111 0.0870546875 0.12301388888888888
2 0.9453125 0.9285694444444446 0.0870546875 0.1428611111111111