0 0.1768984375 0.6577361111111111 0.0479921875 0.2638888888888889
0 0.1941953125 0.5843194444444444 0.0580390625 0.19643055555555555
0 0.2901796875 0.5992083333333333 0.080359375 0.26190277777777776
0 0.3660703125 0.5853194444444445 0.0736640625 0.26190277777777776
0 0.562015625 0.5529583333333333 0.060515624999999997 0.2721388888888889
0 0.7036171875 0.5117222222222222 0.072875 0.23525
0 0.786625 0.49393055555555554 0.061765625000000005 0.24045833333333333
0 0.41967968750000006 0.55425 0.06890625 0.25195833333333334
0 0.509765625 0.4290416666666667 0.0946640625 0.12413888888888888
2 0.177453125 0.36012500000000003 0.078125 0.14880555555555555
2 0.10211718750000001 0.3740138888888889 0.0703125 0.15675
2 0.0340390625 0.39087500000000003 0.0636171875 0.1547638888888889
2 0.2767890625 0.42162499999999997 0.1160703125 0.04959722222222222
2 0.0318046875 0.6547638888888889 0.0591484375 0.17856944444444445
2 0.10491406249999999 0.6309583333333334 0.0825859375 0.1745972222222222
2 0.189171875 0.610125 0.0814765625 0.1686527777777778
2 0.271203125 0.5962361111111112 0.080359375 0.16468055555555555
2 0.3521171875 0.5754027777777778 0.0770078125 0.16269444444444445
2 0.43080468749999995 0.5565416666666666 0.080359375 0.1686527777777778
2 0.509484375 0.5436527777777778 0.0770078125 0.16666666666666666
2 0.599328125 0.5337361111111112 0.09375 0.1388888888888889
2 0.6607109375 0.5 0.080359375 0.16666666666666666
2 0.48102343750000004 0.8660694444444446 0.0892890625 0.20040277777777776
2 0.571984375 0.8392916666666667 0.0859375 0.19444444444444445
2 0.658484375 0.8174583333333334 0.0848203125 0.18254166666666669
2 0.7449765625 0.7936527777777778 0.083703125 0.18254166666666669
2 0.8297968750000001 0.7738055555555555 0.0814765625 0.18254166666666669
2 0.9129453125 0.7509861111111111 0.0825859375 0.19245833333333331
2 0.9776796875 0.7400833333333333 0.044640625 0.1904722222222222