0 0.162390625 0.5992083333333333 0.0636171875 0.234125
0 0.2818046875 0.5972222222222222 0.0479921875 0.21824999999999997
0 0.357140625 0.5813472222222222 0.049109375 0.2222222222222222
0 0.41517968749999995 0.577375 0.055804687500000005 0.2301527777777778
0 0.6875 0.5538194444444444 0.0504140625 0.226125
0 0.505859375 0.5737916666666667 0.07696875 0.2309027777777778
0 0.8369140625 0.5329861111111112 0.059203125 0.2204861111111111
0 0.75146875 0.5377638888888889 0.0470859375 0.2119166666666667
0 0.6043515625 0.5555555555555556 0.0479921875 0.2301527777777778
2 0.24553906250000002 0.6865138888888889 0.0825859375 0.1547638888888889
2 0.33203125 0.6745972222222222 0.083703125 0.1547638888888889
2 0.41517968749999995 0.6646805555555555 0.0825859375 0.15873611111111113
2 0.5011171875 0.6517916666666667 0.0825859375 0.16070833333333331
2 0.5825859375 0.6428611111111111 0.0825859375 0.1547638888888889
2 0.6646171875 0.6329305555555556 0.0792421875 0.15079166666666666
2 0.74609375 0.6259861111111111 0.083703125 0.1527777777777778
2 0.8292421875 0.6130972222222222 0.0825859375 0.14681944444444445
2 0.91015625 0.6051527777777778 0.0792421875 0.15079166666666666
2 0.571984375 0.8620972222222223 0.088171875 0.17658333333333334
2 0.6635078125 0.8521805555555556 0.0903984375 0.17658333333333334
2 0.75390625 0.8224166666666667 0.0903984375 0.14484722222222224
2 0.8448671875 0.8244027777777778 0.091515625 0.16468055555555555
2 0.9358281249999999 0.8164722222222223 0.0948671875 0.1686527777777778
2 0.9910703125 0.8125 0.017859375 0.172625