0 0.22210156250000002 0.7539722222222223 0.11383593750000001 0.25
0 0.34765625 0.6359166666666667 0.1015625 0.22818055555555555
0 0.240515625 0.6507916666666667 0.1171875 0.15079166666666666
0 0.2042421875 0.5545694444444444 0.1495546875 0.25595833333333334
0 0.3074765625 0.41865277777777776 0.0971015625 0.26190277777777776
0 0.3744453125 0.33234722222222224 0.056921875 0.2797638888888889
2 0.1568046875 0.8363055555555555 0.052453125 0.23213888888888887
2 0.55078125 0.4166666666666667 0.0435234375 0.202375
2 0.5089296875 0.4652777777777778 0.0424140625 0.19643055555555555
2 0.46596093749999995 0.5049583333333333 0.0435234375 0.20040277777777776
2 0.42075781250000005 0.5615138888888889 0.046875 0.21031944444444445
2 0.3716484375 0.610125 0.049109375 0.2202361111111111
2 0.321984375 0.6676527777777778 0.0479921875 0.2043611111111111
2 0.2684140625 0.7182499999999999 0.0479921875 0.22619444444444448
2 0.21428906250000002 0.7847222222222222 0.055804687500000005 0.21230555555555558