0 0.224328125 0.6597222222222222 0.060265625 0.25595833333333334
0 0.2723203125 0.6140833333333333 0.055804687500000005 0.27579166666666666
0 0.46539843750000004 0.5754027777777778 0.1183046875 0.12698611111111113
0 0.484375 0.5337361111111112 0.1004453125 0.1388888888888889
0 0.5415078125 0.50825 0.08447656249999999 0.16981944444444444
0 0.595421875 0.4732083333333333 0.0479921875 0.20833333333333334
0 0.6283515625 0.5257916666666667 0.0714296875 0.1904722222222222
0 0.713171875 0.4751944444444444 0.053570312499999995 0.24008333333333334
2 0.0234375 0.235125 0.0424140625 0.16468055555555555
2 0.40903906250000005 0.3819444444444444 0.0636171875 0.14880555555555555
2 0.34375 0.4047638888888889 0.060265625 0.15079166666666666
2 0.2778984375 0.4107083333333333 0.060265625 0.15873611111111113
2 0.2159609375 0.4404722222222222 0.0591484375 0.15873611111111113
2 0.1484375 0.4613055555555555 0.0669609375 0.16468055555555555
2 0.0775703125 0.4870972222222222 0.0703125 0.172625
2 0.0223203125 0.5039722222222223 0.0379453125 0.16269444444444445
2 0.3214296875 0.7390833333333333 0.0825859375 0.18848611111111113
2 0.400109375 0.7142916666666667 0.072546875 0.18651388888888887
2 0.47265625 0.6815416666666666 0.068078125 0.17658333333333334
2 0.5435234375 0.6617083333333333 0.0669609375 0.1686527777777778
2 0.6099296875 0.6359166666666667 0.0636171875 0.17658333333333334
2 0.6768984375 0.6130972222222222 0.0636171875 0.1745972222222222
2 0.7421875 0.5962361111111112 0.064734375 0.19245833333333331
2 0.8074765625 0.5684583333333334 0.0636171875 0.1686527777777778
2 0.8744453125 0.5376944444444445 0.0636171875 0.16666666666666666
2 0.8811406249999999 0.9345277777777778 0.0770078125 0.13095833333333334
2 0.9598203125 0.9196388888888889 0.080359375 0.16070833333333331