0 0.146765625 0.5803611111111111 0.072546875 0.24404166666666668
0 0.2511171875 0.5684583333333334 0.053570312499999995 0.25198611111111113
0 0.400671875 0.5297638888888889 0.1026796875 0.1428611111111111
0 0.3895078125 0.5396805555555555 0.0401796875 0.24206944444444442
0 0.49163281249999996 0.5277777777777778 0.072546875 0.234125
0 0.5903984375 0.4831388888888889 0.078125 0.140875
0 0.6473203125 0.48412499999999997 0.0424140625 0.2222222222222222
0 0.696984375 0.4732083333333333 0.041296875 0.24008333333333334
0 0.7622734375 0.4642916666666667 0.0625 0.234125
2 0.157921875 0.3154722222222222 0.088171875 0.051583333333333335
2 0.0848203125 0.3293611111111111 0.0892890625 0.051583333333333335
2 0.0385078125 0.34325 0.072546875 0.047625
2 0.0385078125 0.46825 0.0703125 0.1547638888888889
2 0.11383593750000001 0.4504027777777778 0.075890625 0.14681944444444445
2 0.1886171875 0.4375 0.0736640625 0.140875
2 0.2622734375 0.4236111111111111 0.0691953125 0.14880555555555555
2 0.3331484375 0.4097222222222222 0.068078125 0.14880555555555555
2 0.400671875 0.39384722222222224 0.0691953125 0.14484722222222224
2 0.2583671875 0.6765833333333333 0.0770078125 0.1706388888888889
2 0.337609375 0.6567500000000001 0.0792421875 0.16269444444444445
2 0.416296875 0.6359166666666667 0.075890625 0.1686527777777778
2 0.49163281249999996 0.6180555555555556 0.0770078125 0.16070833333333331
2 0.5697578125 0.6031805555555556 0.0770078125 0.16269444444444445
2 0.646765625 0.5882916666666667 0.072546875 0.16468055555555555
2 0.720421875 0.5704305555555556 0.072546875 0.16070833333333331
2 0.795203125 0.5525833333333333 0.072546875 0.15675
2 0.8671875 0.5396805555555555 0.0714296875 0.16269444444444445
2 0.6947578125 0.8839305555555554 0.0859375 0.17658333333333334
2 0.78125 0.8313472222222222 0.0825859375 0.12301388888888888
2 0.8643984375 0.8412638888888889 0.0792421875 0.17856944444444445
2 0.9486640625 0.8214305555555554 0.0825859375 0.18651388888888887