0 0.1495546875 0.6924583333333333 0.064734375 0.11508333333333333
0 0.224890625 0.6894861111111111 0.0747734375 0.11309722222222224
0 0.3080390625 0.6775833333333333 0.060265625 0.11309722222222224
0 0.3939765625 0.6607083333333333 0.0714296875 0.12301388888888888
0 0.470421875 0.6577361111111111 0.0636171875 0.12102777777777778
0 0.5513359375 0.6507916666666667 0.0691953125 0.11904166666666666
0 0.626671875 0.6438472222222222 0.0591484375 0.11706944444444445
0 0.704796875 0.6329305555555556 0.0591484375 0.1071388888888889
0 0.7818046875 0.6259861111111111 0.0591484375 0.11706944444444445
2 0.5747734375 0.9067500000000001 0.0892890625 0.16666666666666666
2 0.6640625 0.8918611111111111 0.0892890625 0.16468055555555555
2 0.752234375 0.8869027777777778 0.0870546875 0.1706388888888889
2 0.8409609375 0.8759861111111111 0.0903984375 0.1686527777777778
2 0.9302421875 0.8680555555555556 0.088171875 0.16468055555555555
2 0.9871640625 0.859125 0.025671875 0.1706388888888889