0 0.181859375 0.6929027777777778 0.118921875 0.1605
0 0.23784375 0.6466111111111111 0.0868046875 0.12654166666666666
0 0.32075 0.6111111111111112 0.11197656250000002 0.11419444444444445
0 0.3619765625 0.6195972222222222 0.092015625 0.27005555555555555
0 0.5290781250000001 0.5347222222222222 0.068578125 0.2855
0 0.6905390625 0.47994444444444445 0.0546875 0.27161111111111114
2 0.2877578125 0.39275 0.072046875 0.1743888888888889
2 0.21440625 0.4135833333333333 0.07465625000000001 0.16975
2 0.0555546875 0.4675972222222222 0.0729140625 0.17901388888888886
2 0.19096875 0.8179027777777778 0.0850703125 0.2006111111111111
2 0.27734375 0.7855 0.087671875 0.19136111111111112
2 0.365015625 0.7530833333333333 0.084203125 0.2006111111111111
2 0.447484375 0.7168194444444445 0.0789921875 0.20216666666666666
2 0.5290781250000001 0.6913611111111111 0.08246875000000001 0.19136111111111112
2 0.6080703125 0.6628055555555556 0.07378124999999999 0.18363888888888888
2 0.6844609375 0.6350277777777779 0.0789921875 0.18981944444444443
2 0.76128125 0.6010833333333333 0.076390625 0.19598611111111114
2 0.83984375 0.5709861111111111 0.0772578125 0.1882777777777778
2 0.94140625 0.9668194444444445 0.0789921875 0.0663611111111111