0 0.12332812500000001 0.48115277777777776 0.083703125 0.15675
0 0.232703125 0.4821388888888889 0.0770078125 0.13095833333333334
0 0.32421875 0.4732083333333333 0.061382812499999995 0.14484722222222224
0 0.42163281250000006 0.46268055555555554 0.0808125 0.13172222222222224
0 0.6235390625 0.44705555555555554 0.0783671875 0.13606944444444444
0 0.7163125 0.43793055555555555 0.0759921875 0.13433333333333333
0 0.8212890625 0.42990277777777774 0.0706796875 0.13368055555555555
0 0.5189765625 0.45634722222222224 0.075890625 0.13095833333333334
2 0.5513359375 0.7004027777777778 0.1183046875 0.2063472222222222
2 0.6668515625 0.6914722222222223 0.1104921875 0.21230555555555558
2 0.7767890625 0.6825416666666667 0.10714062499999999 0.2063472222222222
2 0.8900703125 0.6736111111111112 0.11272656249999999 0.20040277777777776
2 0.9737734375 0.6686527777777778 0.052453125 0.2063472222222222
2 0.9012265625 0.8918611111111111 0.130578125 0.2162638888888889
2 0.9838203125 0.8888888888888888 0.032359375 0.2222222222222222