0 0.19271093749999998 0.7037083333333334 0.064234375 0.21605555555555556
0 0.1723125 0.6435138888888888 0.0546875 0.2222222222222222
0 0.3111953125 0.5169722222222223 0.0546875 0.21295833333333336
0 0.3754375 0.6172777777777778 0.0546875 0.2345694444444444
0 0.7109375 0.5095555555555555 0.0456875 0.20508333333333334
0 0.4384765625 0.6445277777777778 0.0900859375 0.12890277777777778
0 0.6306406250000001 0.5362638888888889 0.0946171875 0.09105555555555556
0 0.63628125 0.5393472222222222 0.060765625000000004 0.22068055555555555
2 0.1141484375 0.5308611111111111 0.0651015625 0.14505555555555555
2 0.046875 0.5486111111111112 0.0677109375 0.1527777777777778
2 0.17708593749999998 0.5054027777777778 0.06596874999999999 0.13734722222222223
2 0.2413203125 0.48688888888888887 0.0625 0.1466111111111111
2 0.30382031249999997 0.4652777777777778 0.064234375 0.14351388888888889
2 0.28211718750000003 0.7862638888888889 0.07465625000000001 0.1743888888888889
2 0.35546875 0.7631111111111112 0.072046875 0.165125
2 0.42491406249999997 0.7376527777777778 0.06684375000000001 0.16666666666666666
2 0.49088281250000004 0.7137361111111111 0.0633671875 0.15894444444444444
2 0.5564218750000001 0.6882777777777778 0.064234375 0.16666666666666666
2 0.6193593749999999 0.665125 0.0616328125 0.16975
2 0.6822890625 0.6427499999999999 0.0625 0.15586111111111112
2 0.7447890625 0.6195972222222222 0.060765625000000004 0.16204166666666667
2 0.80859375 0.5964444444444444 0.06684375000000001 0.15894444444444444
2 0.8138046875 0.959111111111111 0.072046875 0.08179166666666667
2 0.8880234375 0.9436666666666668 0.076390625 0.11265277777777778
2 0.9618046874999999 0.9290138888888889 0.0711796875 0.13580555555555557