0 0.1512265625 0.6934583333333334 0.068078125 0.11309722222222224
0 0.22600781250000002 0.6825416666666667 0.0636171875 0.1071388888888889
0 0.310828125 0.6706388888888889 0.0591484375 0.12698611111111113
0 0.3934140625 0.6587361111111112 0.0703125 0.11508333333333333
0 0.466515625 0.6498055555555555 0.0625 0.10912499999999999
0 0.5496640625 0.6488055555555555 0.0703125 0.11508333333333333
0 0.6255546875 0.6388888888888888 0.061382812499999995 0.1111111111111111
0 0.7042421875 0.6289722222222223 0.0580390625 0.1071388888888889
0 0.779578125 0.6220277777777778 0.0658515625 0.10515277777777778
2 0.575890625 0.9047638888888888 0.0892890625 0.1706388888888889
2 0.6640625 0.8928611111111111 0.0848203125 0.16666666666666666
2 0.7533515625 0.8849166666666667 0.0870546875 0.16666666666666666
2 0.8420781249999999 0.8740138888888889 0.0903984375 0.1686527777777778
2 0.9324765625 0.8660694444444446 0.088171875 0.16468055555555555
2 0.9888359375 0.8660694444444446 0.0223203125 0.17658333333333334