0 0.1919609375 0.6200416666666667 0.049109375 0.20833333333333334
0 0.24664843749999998 0.6875 0.053570312499999995 0.24404166666666668
0 0.3604921875 0.5873055555555555 0.044640625 0.21031944444444445
0 0.3973203125 0.5515833333333333 0.0424140625 0.2063472222222222
0 0.5223203125 0.6041666666666666 0.12053906249999999 0.15675
0 0.55859375 0.5317500000000001 0.0435234375 0.21429166666666666
0 0.463171875 0.4642916666666667 0.080359375 0.18651388888888887
0 0.45424218749999995 0.39484722222222224 0.0669609375 0.14681944444444445
2 0.291296875 0.3918611111111111 0.0401796875 0.1289722222222222
2 0.2700859375 0.5059583333333334 0.091515625 0.07936111111111112
2 0.2511171875 0.4245972222222222 0.0401796875 0.13095833333333334
2 0.169640625 0.48512500000000003 0.0424140625 0.140875
2 0.1300234375 0.5119027777777778 0.041296875 0.13491666666666666
2 0.088171875 0.5565416666666666 0.046875 0.1289722222222222
2 0.0301328125 0.5833333333333334 0.044640625 0.14681944444444445
2 0.5234375 0.7976249999999999 0.0357109375 0.16269444444444445
2 0.5619453125 0.7579305555555556 0.041296875 0.16269444444444445
2 0.6026796875 0.7142916666666667 0.0424140625 0.15079166666666666
2 0.642859375 0.6696388888888889 0.0357109375 0.15675
2 0.6796875 0.6388888888888888 0.0379453125 0.14681944444444445
2 0.716515625 0.5992083333333333 0.0357109375 0.14681944444444445
2 0.7505546875 0.5704305555555556 0.0323671875 0.15675
2 0.7846015625 0.5357083333333333 0.033484375 0.14681944444444445
2 0.8186406249999999 0.5059583333333334 0.0346015625 0.1547638888888889