0 0.170203125 0.6210277777777777 0.0658515625 0.26587500000000003
0 0.256140625 0.6111111111111112 0.0703125 0.2738055555555555
0 0.353234375 0.5615138888888889 0.0770078125 0.26984722222222224
0 0.58740625 0.5733472222222222 0.0751953125 0.26975
0 0.49633593749999994 0.594625 0.0667109375 0.25043055555555555
0 0.710453125 0.5286527777777777 0.06982812499999999 0.25672222222222224
0 0.7788125 0.5208333333333334 0.07434375 0.237625
0 0.644046875 0.5572916666666666 0.0589921875 0.25455555555555553
2 0.033484375 0.3759861111111111 0.060265625 0.17658333333333334
2 0.10323437499999999 0.3640833333333333 0.0770078125 0.1686527777777778
2 0.185265625 0.35318055555555555 0.0825859375 0.1745972222222222
2 0.2667421875 0.33929166666666666 0.080359375 0.1745972222222222
2 0.029015625 0.5922638888888889 0.049109375 0.19643055555555555
2 0.0982109375 0.5744027777777778 0.0892890625 0.18848611111111113
2 0.1919609375 0.5555555555555556 0.09375 0.19444444444444445
2 0.2823671875 0.5436527777777778 0.0848203125 0.17856944444444445
2 0.455359375 0.5119027777777778 0.0825859375 0.17856944444444445
2 0.3934140625 0.7827361111111112 0.0971015625 0.19643055555555555
2 0.4921875 0.7688472222222222 0.0892890625 0.2043611111111111
2 0.587609375 0.7509861111111111 0.0903984375 0.19643055555555555
2 0.6791328125 0.7301527777777779 0.088171875 0.19444444444444445
2 0.7728828125 0.7162638888888889 0.0903984375 0.2063472222222222
2 0.8677421875 0.6994027777777778 0.088171875 0.19643055555555555
2 0.95703125 0.6805555555555556 0.0859375 0.1904722222222222
2 0.8532343750000001 0.9513888888888888 0.10602343750000001 0.09722222222222222
2 0.9564765625 0.9444444444444444 0.0870546875 0.1111111111111111