0 0.1953125 0.6605 0.0555546875 0.25616666666666665
0 0.2630234375 0.7469166666666667 0.0572890625 0.25616666666666665
0 0.39930468750000003 0.5478333333333333 0.0364609375 0.16358333333333333
0 0.40971875 0.6041666666666666 0.0989609375 0.22068055555555555
0 0.53515625 0.6929027777777778 0.0772578125 0.22530555555555556
0 0.62890625 0.5200555555555556 0.0390625 0.25
0 0.66796875 0.567125 0.0928828125 0.22994444444444445
0 0.694875 0.4722222222222222 0.05121875 0.21913888888888888
2 0.42882031249999997 0.45293055555555556 0.0520859375 0.1527777777777778
2 0.3763046875 0.48456944444444444 0.0494765625 0.15740277777777778
2 0.326390625 0.5108055555555555 0.046875 0.14815277777777777
0 0.25867968750000003 0.4305555555555556 0.0885390625 0.08641666666666667
2 0.27430468750000003 0.5408888888888889 0.0538203125 0.15894444444444444
2 0.2178828125 0.5694444444444444 0.0572890625 0.1512361111111111
2 0.1749140625 0.6072500000000001 0.0772578125 0.14043055555555556
2 0.099828125 0.6311666666666667 0.05903125 0.16666666666666666
2 0.0381953125 0.6620416666666666 0.060765625000000004 0.17593055555555556
2 0.5490468749999999 0.8788611111111111 0.0598984375 0.17747222222222223
2 0.60590625 0.8410555555555554 0.0520859375 0.1882777777777778
2 0.66059375 0.8063333333333332 0.0555546875 0.18363888888888888
2 0.7165781250000001 0.7692916666666666 0.0546875 0.18055555555555555
2 0.7708359375 0.7345694444444444 0.05034375 0.17283333333333334
2 0.8220468750000001 0.7029305555555556 0.0520859375 0.17129166666666668
2 0.8728281250000001 0.6689861111111112 0.0494765625 0.17129166666666668
2 0.9227421874999999 0.6381111111111111 0.046875 0.17747222222222223
2 0.9739609375 0.6057083333333334 0.05034375 0.16820833333333332