0 0.166296875 0.7698472222222221 0.0691953125 0.11508333333333333
0 0.2354921875 0.7609166666666667 0.055804687500000005 0.11309722222222224
0 0.3208671875 0.7490138888888889 0.0636171875 0.11309722222222224
0 0.3917421875 0.7430555555555556 0.055804687500000005 0.12102777777777778
0 0.46986718749999995 0.734125 0.064734375 0.1071388888888889
0 0.5440859375 0.7271805555555556 0.061382812499999995 0.12102777777777778
0 0.6160703125 0.7182499999999999 0.064734375 0.1111111111111111
0 0.6875 0.7162638888888889 0.0714296875 0.10318055555555557
0 0.760046875 0.7063472222222222 0.0625 0.10318055555555557
2 0.5669609375 0.9454305555555556 0.0825859375 0.10912499999999999
2 0.6517890625 0.9404722222222222 0.0825859375 0.11904166666666666
2 0.736609375 0.9315416666666667 0.080359375 0.13690277777777776
2 0.8191953125 0.9295694444444444 0.080359375 0.140875
2 0.9045781249999999 0.9265833333333333 0.083703125 0.14681944444444445
2 0.9737734375 0.9265833333333333 0.052453125 0.14681944444444445