0 0.1171875 0.5495972222222222 0.1004453125 0.2738055555555555
0 0.1997734375 0.5347222222222222 0.0669609375 0.2837361111111111
0 0.3052421875 0.5069444444444444 0.0859375 0.27181944444444445
0 0.41350781249999996 0.5168611111111111 0.056921875 0.27181944444444445
0 0.48102343750000004 0.4890833333333333 0.0625 0.27181944444444445
0 0.564171875 0.47123611111111113 0.0658515625 0.27579166666666666
0 0.6612734375 0.4761944444444445 0.061382812499999995 0.26190277777777776
2 0.2940859375 0.31348611111111113 0.0770078125 0.1547638888888889
2 0.1261171875 0.3373055555555556 0.0848203125 0.16666666666666666
2 0.041296875 0.3511944444444445 0.075890625 0.16666666666666666
2 0.0440859375 0.5724166666666667 0.0792421875 0.18055555555555555
2 0.1456484375 0.5734166666666667 0.099328125 0.13095833333333334
2 0.2293515625 0.5416666666666666 0.0859375 0.18254166666666669
2 0.318640625 0.5277777777777778 0.0926328125 0.1706388888888889
2 0.408484375 0.5129027777777778 0.0870546875 0.172625
2 0.497765625 0.4990138888888889 0.0892890625 0.172625
2 0.5864921875 0.48412499999999997 0.0859375 0.1745972222222222
2 0.6713203125 0.47123611111111113 0.083703125 0.16468055555555555
2 0.3510078125 0.7896805555555556 0.0948671875 0.18651388888888887
2 0.44977343750000004 0.7728194444444444 0.0982109375 0.1845277777777778
2 0.549109375 0.751986111111111 0.095984375 0.19841666666666669
2 0.6450859375 0.7361111111111112 0.095984375 0.18651388888888887
2 0.7427421875 0.7212361111111111 0.0971015625 0.1845277777777778
2 0.83984375 0.7013888888888888 0.0948671875 0.18055555555555555
2 0.9363828125 0.6904722222222222 0.095984375 0.18254166666666669
2 0.9921875 0.6785694444444444 0.015625 0.19444444444444445
2 0.83203125 0.9623055555555555 0.1082578125 0.07540277777777778
2 0.9397343749999999 0.9553611111111111 0.10714062499999999 0.08929166666666667