0 0.2276796875 0.6706388888888889 0.060265625 0.25793055555555555
0 0.275671875 0.5942500000000001 0.080359375 0.22818055555555555
0 0.470421875 0.6339305555555556 0.0770078125 0.25595833333333334
0 0.474328125 0.5684583333333334 0.0625 0.2162638888888889
0 0.5336953125 0.5442777777777777 0.0634765625 0.22851388888888888
0 0.6157265625 0.5316805555555556 0.0642734375 0.22080555555555553
0 0.6821328125 0.46441666666666664 0.051937500000000004 0.22461111111111112
0 0.5775703125 0.46825 0.052453125 0.21824999999999997
2 0.1607109375 0.30356944444444445 0.0625 0.14681944444444445
2 0.0965390625 0.32440277777777776 0.061382812499999995 0.14484722222222224
2 0.0346015625 0.3472222222222222 0.060265625 0.1547638888888889
2 0.079796875 0.6418611111111111 0.0703125 0.1686527777777778
2 0.1568046875 0.6160694444444444 0.0747734375 0.16468055555555555
2 0.3565859375 0.5436527777777778 0.068078125 0.1706388888888889
2 0.3208671875 0.625 0.1261171875 0.06348611111111112
2 0.435265625 0.578375 0.10491406249999999 0.04563888888888889
2 0.47767968749999995 0.49206944444444445 0.0580390625 0.1547638888888889
2 0.5379453125 0.47718055555555555 0.0580390625 0.1686527777777778
2 0.6004453125 0.44543055555555555 0.064734375 0.1527777777777778
2 0.6049140625 0.8531805555555555 0.0714296875 0.19841666666666669
2 0.6768984375 0.8194444444444444 0.0703125 0.19444444444444445
2 0.7466484375 0.7857083333333333 0.0669609375 0.18651388888888887
2 0.8125 0.7569444444444444 0.0625 0.19245833333333331
2 0.8772343749999999 0.7271805555555556 0.064734375 0.18848611111111113
2 0.9419609375 0.7053611111111111 0.0625 0.1845277777777778
2 0.9877265625 0.6815416666666666 0.0245546875 0.1845277777777778