0 0.1484375 0.6924583333333333 0.0669609375 0.11508333333333333
0 0.22711718749999998 0.6805555555555556 0.072546875 0.1111111111111111
0 0.310265625 0.6775833333333333 0.060265625 0.12102777777777778
0 0.3917421875 0.6636944444444445 0.0691953125 0.11706944444444445
0 0.46763281250000005 0.6547638888888889 0.0580390625 0.1111111111111111
0 0.55078125 0.6488055555555555 0.072546875 0.11904166666666666
0 0.6261171875 0.640875 0.060265625 0.1071388888888889
0 0.7036796875 0.6299583333333333 0.0636171875 0.10912499999999999
0 0.7762265625 0.6200416666666667 0.068078125 0.10912499999999999
2 0.5747734375 0.8998055555555555 0.091515625 0.1686527777777778
2 0.6640625 0.8918611111111111 0.0870546875 0.172625
2 0.7527890625 0.8849166666666667 0.088171875 0.16666666666666666
2 0.8415156250000001 0.8779722222222222 0.0892890625 0.16468055555555555
2 0.9308046875 0.8690416666666667 0.0870546875 0.1706388888888889
2 0.9871640625 0.8611111111111112 0.025671875 0.16269444444444445