0 0.1947578125 0.6369027777777778 0.061382812499999995 0.25793055555555555
0 0.3621640625 0.6954305555555556 0.0636171875 0.25991666666666663
0 0.5288125 0.477 0.0885 0.21929166666666663
0 0.3168984375 0.49869444444444444 0.093203125 0.2058333333333333
0 0.6645546875 0.5967916666666666 0.11840625 0.21484722222222222
0 0.3642578125 0.38433333333333336 0.055296875 0.15841666666666668
0 0.329796875 0.34425 0.036828125 0.18055555555555555
0 0.37109375 0.5248055555555555 0.0457578125 0.14880555555555555
2 0.1328125 0.3501944444444444 0.049109375 0.16468055555555555
2 0.1439765625 0.4543611111111111 0.1004453125 0.05555555555555555
2 0.131140625 0.4930555555555556 0.0903984375 0.06151388888888889
2 0.056921875 0.4761944444444445 0.044640625 0.1547638888888889
2 0.087609375 0.5843194444444444 0.088171875 0.06944444444444445
2 0.0167421875 0.5654722222222222 0.0267890625 0.16269444444444445
2 0.0301328125 0.6775833333333333 0.0513359375 0.077375