0 0.1763359375 0.6051527777777778 0.080359375 0.2738055555555555
0 0.2700859375 0.6011944444444445 0.0691953125 0.28570833333333334
0 0.3582578125 0.5694444444444444 0.0825859375 0.28175
0 0.6547890625 0.555125 0.0713515625 0.2721388888888889
0 0.5126953125 0.5798611111111112 0.081234375 0.2593333333333333
0 0.8032265625000001 0.5069444444444444 0.071046875 0.24740277777777778
0 0.7314453125 0.5260416666666666 0.0621015625 0.28580555555555553
0 0.59765625 0.5555555555555556 0.061382812499999995 0.28968055555555555
2 0.032921875 0.5277777777777778 0.0658515625 0.18254166666666669
2 0.11160937500000001 0.5129027777777778 0.0848203125 0.17658333333333334
2 0.193640625 0.49504166666666666 0.088171875 0.17658333333333334
2 0.3660703125 0.4732083333333333 0.0825859375 0.1686527777777778
2 0.537390625 0.46925 0.1082578125 0.1527777777777778
2 0.181921875 0.297625 0.0848203125 0.16666666666666666
2 0.0987734375 0.30456944444444445 0.083703125 0.15675
2 0.029015625 0.32043055555555555 0.053570312499999995 0.1686527777777778
2 0.3035703125 0.7361111111111112 0.10714062499999999 0.19444444444444445
2 0.40122656250000005 0.7093194444444444 0.0948671875 0.2043611111111111
2 0.49664843750000004 0.6924583333333333 0.0892890625 0.19444444444444445
2 0.5887265625 0.6765833333333333 0.088171875 0.19841666666666669
2 0.6768984375 0.6617083333333333 0.0926328125 0.18848611111111113
2 0.771203125 0.6418611111111111 0.0892890625 0.19245833333333331
2 0.8599296875 0.6319444444444444 0.088171875 0.18848611111111113
2 0.9536796875 0.6180555555555556 0.0926328125 0.17658333333333334
2 0.7533515625 0.9245972222222223 0.11160937500000001 0.15079166666666666
2 0.8643984375 0.9146805555555556 0.10379687500000001 0.1547638888888889
2 0.9581484375 0.9057499999999999 0.083703125 0.18848611111111113