0 0.148 0.7337916666666667 0.0651015625 0.3163611111111111
0 0.228296875 0.7037083333333334 0.0833359375 0.28704166666666664
0 0.30859375 0.6736111111111112 0.07378124999999999 0.2855
0 0.3528671875 0.6064861111111112 0.084203125 0.2777777777777778
0 0.5655390625 0.5385833333333333 0.0651015625 0.28704166666666664
0 0.727 0.47068055555555555 0.08940624999999999 0.2283888888888889
2 0.17925 0.3395 0.0772578125 0.1605
2 0.099390625 0.3541666666666667 0.0807265625 0.16204166666666667
2 0.0616328125 0.4683611111111112 0.1163203125 0.07252777777777777
2 0.020835937500000002 0.709875 0.0416640625 0.20370833333333332
2 0.0889765625 0.6913611111111111 0.0946171875 0.19444444444444445
2 0.17838281250000002 0.6581805555555555 0.0859375 0.18055555555555555
2 0.259984375 0.634263888888889 0.0946171875 0.18209722222222224
2 0.349390625 0.6118888888888889 0.084203125 0.18363888888888888
2 0.43055468750000003 0.5864166666666667 0.078125 0.19136111111111112
2 0.5364609375 0.5833333333333334 0.09721874999999999 0.12654166666666666
2 0.586375 0.540125 0.0807265625 0.18209722222222224
2 0.6671015625 0.5162083333333334 0.08246875000000001 0.1743888888888889
2 0.56640625 0.9205277777777777 0.0946171875 0.15894444444444444
2 0.6579843750000001 0.9112638888888889 0.0885390625 0.17747222222222223
2 0.7452265625 0.8935138888888889 0.087671875 0.19752777777777777
2 0.8359375 0.8618888888888888 0.09028125000000001 0.20525
2 0.9244765625 0.8395 0.09028125000000001 0.20679166666666665
2 0.9848125 0.8202222222222222 0.030382812500000002 0.19598611111111114