0 0.5591484375 0.7440416666666667 0.0982109375 0.29365277777777776
0 0.224328125 0.4504027777777778 0.0736640625 0.26984722222222224
0 0.26171875 0.5744027777777778 0.0814765625 0.30754166666666666
0 0.3794609375 0.6259861111111111 0.1651796875 0.23213888888888887
0 0.3359375 0.5029722222222222 0.053570312499999995 0.30356944444444445
0 0.5033515625 0.4017916666666667 0.1473203125 0.20833333333333334
0 0.5948671875 0.3333333333333333 0.1160703125 0.1388888888888889
0 0.6746640625 0.2916666666666667 0.1171875 0.13491666666666666
2 0.43861718749999995 0.8025833333333333 0.0401796875 0.25595833333333334
2 0.4765625 0.7390833333333333 0.03125 0.25991666666666663
2 0.5072578125 0.6745972222222222 0.0278984375 0.23809722222222224
2 0.536828125 0.6150833333333333 0.03125 0.22619444444444448
2 0.5703125 0.5575416666666667 0.033484375 0.21031944444444445
2 0.6015625 0.5089305555555556 0.029015625 0.2162638888888889
2 0.6322578125 0.4553611111111111 0.0278984375 0.20040277777777776
2 0.6590390625 0.4047638888888889 0.0278984375 0.2063472222222222
2 0.6869453125 0.3571388888888889 0.025671875 0.2063472222222222