0 0.41852343750000004 0.7311527777777778 0.091515625 0.34325
0 0.474890625 0.3759861111111111 0.146203125 0.1527777777777778
0 0.5753359375 0.36706944444444445 0.1328125 0.1706388888888889
0 0.6517890625 0.32043055555555555 0.10714062499999999 0.19643055555555555
0 0.1995859375 0.5377638888888889 0.10303124999999999 0.2944861111111111
0 0.26440625 0.5846388888888889 0.17053125 0.16416666666666668
0 0.20703125 0.4012638888888889 0.0680546875 0.2197222222222222
0 0.2705078125 0.43901388888888887 0.0725078125 0.20865277777777777
2 0.24274218749999998 0.7767916666666667 0.0591484375 0.24404166666666668
2 0.3002265625 0.7132916666666668 0.055804687500000005 0.22818055555555555
2 0.353234375 0.6557499999999999 0.0502265625 0.24801388888888887
2 0.404015625 0.6061527777777778 0.0513359375 0.2162638888888889
2 0.453125 0.5515833333333333 0.046875 0.21429166666666666
2 0.5005546875 0.5029722222222222 0.0457578125 0.19643055555555555
2 0.546875 0.4583333333333333 0.044640625 0.21429166666666666
2 0.58984375 0.42262500000000003 0.041296875 0.2063472222222222
2 0.6322578125 0.37698611111111113 0.0435234375 0.1904722222222222