0 0.2265625 0.5922638888888889 0.049109375 0.31151388888888887
0 0.5747734375 0.4365138888888889 0.09375 0.28968055555555555
0 0.412390625 0.35615277777777776 0.1104921875 0.140875
0 0.6953125 0.43966666666666665 0.059750000000000004 0.2708333333333333
0 0.296390625 0.46744444444444444 0.110109375 0.23351388888888888
0 0.7583046875 0.3949722222222222 0.0877109375 0.24913888888888888
0 0.232140625 0.5009861111111111 0.0982109375 0.21230555555555558
2 0.220421875 0.2172638888888889 0.0792421875 0.16468055555555555
2 0.1439765625 0.234125 0.080359375 0.1706388888888889
2 0.0658515625 0.2529722222222222 0.0825859375 0.1686527777777778
2 0.012273437500000001 0.2678611111111111 0.0245546875 0.1745972222222222
2 0.0424140625 0.5803611111111111 0.0825859375 0.19245833333333331
2 0.1294609375 0.5535694444444444 0.091515625 0.18651388888888887
2 0.21930468749999998 0.5238055555555555 0.083703125 0.18651388888888887
2 0.3058046875 0.4990138888888889 0.0870546875 0.19643055555555555
2 0.388953125 0.47718055555555555 0.072546875 0.19245833333333331
2 0.467078125 0.45634722222222224 0.0814765625 0.18254166666666669
2 0.549109375 0.4265833333333333 0.075890625 0.18254166666666669
2 0.625 0.40376388888888887 0.0736640625 0.18055555555555555
2 0.7036796875 0.3859166666666667 0.0770078125 0.17658333333333334
2 0.5971015625 0.8154722222222222 0.0892890625 0.21824999999999997
2 0.689734375 0.7847222222222222 0.0870546875 0.2043611111111111
2 0.779015625 0.7559583333333333 0.0848203125 0.21031944444444445
2 0.8671875 0.7321388888888889 0.0870546875 0.2063472222222222
2 0.9553593749999999 0.7063472222222222 0.0848203125 0.21031944444444445