0 0.18359375 0.6597222222222222 0.0502265625 0.25198611111111113
0 0.259484375 0.6309583333333334 0.0546875 0.24602777777777776
0 0.3956484375 0.6111111111111112 0.056921875 0.25397222222222227
0 0.45367968750000004 0.5882916666666667 0.0479921875 0.23213888888888887
0 0.5239921875 0.5813472222222222 0.0546875 0.25397222222222227
0 0.6244453125 0.5803611111111111 0.056921875 0.25198611111111113
0 0.6902890625 0.5654722222222222 0.0636171875 0.24602777777777776
0 0.8030156249999999 0.5555555555555556 0.0502265625 0.26984722222222224
2 0.078125 0.5863055555555555 0.09375 0.172625
2 0.166296875 0.5734166666666667 0.0825859375 0.1745972222222222
2 0.3431953125 0.546625 0.0814765625 0.1686527777777778
2 0.428015625 0.5406805555555556 0.0859375 0.172625
2 0.5083671875 0.5238055555555555 0.0792421875 0.16269444444444445
2 0.592078125 0.515875 0.0859375 0.1745972222222222
2 0.6752265625 0.5039722222222223 0.078125 0.16666666666666666
2 0.333703125 0.7748055555555555 0.0892890625 0.1845277777777778
2 0.42466406250000005 0.7549583333333334 0.0926328125 0.17658333333333334
2 0.517296875 0.7440416666666667 0.088171875 0.1745972222222222
2 0.6099296875 0.7301527777777779 0.0948671875 0.1745972222222222
2 0.7020078125 0.7172638888888888 0.091515625 0.172625
2 0.7940859375 0.7053611111111111 0.0859375 0.17658333333333334
2 0.8822578125 0.6894861111111111 0.0903984375 0.18055555555555555
2 0.9637265625 0.6765833333333333 0.072546875 0.18254166666666669
2 0.7293515625 0.939486111111111 0.0971015625 0.12102777777777778
2 0.8286796875 0.9285694444444446 0.10379687500000001 0.1428611111111111
2 0.93359375 0.9245972222222223 0.0971015625 0.15079166666666666
2 0.9910703125 0.9226249999999999 0.017859375 0.1547638888888889