0 0.1724296875 0.6031805555555556 0.0591484375 0.21824999999999997
0 0.2706484375 0.5982083333333333 0.0591484375 0.20040277777777776
0 0.3549140625 0.5912638888888888 0.053570312499999995 0.2063472222222222
0 0.41071093750000004 0.5744027777777778 0.053570312499999995 0.2043611111111111
0 0.513953125 0.5833333333333334 0.052453125 0.22619444444444448
0 0.5965390625 0.5615138888888889 0.052453125 0.21824999999999997
0 0.6847109375 0.5486111111111112 0.0591484375 0.2043611111111111
0 0.7527890625 0.5406805555555556 0.0435234375 0.2202361111111111
0 0.8253359375 0.5396805555555555 0.0703125 0.21824999999999997
2 0.33203125 0.7291666666666666 0.0859375 0.15675
2 0.419640625 0.7212361111111111 0.0870546875 0.16070833333333331
2 0.5050234375 0.7043611111111111 0.0792421875 0.15873611111111113
2 0.5887265625 0.6954305555555556 0.083703125 0.16070833333333331
2 0.6729921875 0.6875 0.080359375 0.1527777777777778
2 0.7578125 0.6745972222222222 0.0825859375 0.16666666666666666
2 0.8403984375 0.6646805555555555 0.080359375 0.15873611111111113
2 0.9235468750000001 0.6597222222222222 0.083703125 0.16070833333333331
2 0.9832578125 0.6488055555555555 0.033484375 0.15079166666666666
2 0.66015625 0.9027777777777778 0.0903984375 0.1706388888888889
2 0.7544609375 0.8948472222222221 0.091515625 0.1706388888888889
2 0.84765625 0.8819444444444444 0.088171875 0.1686527777777778
2 0.9380546875 0.873013888888889 0.0926328125 0.1706388888888889