0 0.138953125 0.6706388888888889 0.0747734375 0.234125
0 0.2265625 0.7390833333333333 0.0892890625 0.25991666666666663
0 0.368859375 0.6646805555555555 0.0703125 0.2301527777777778
0 0.42075781250000005 0.5644861111111111 0.046875 0.22818055555555555
0 0.46484375 0.5992083333333333 0.1015625 0.14681944444444445
0 0.447546875 0.4136944444444445 0.0513359375 0.20040277777777776
0 0.5830078125 0.4965277777777778 0.10894531249999999 0.16481944444444444
0 0.7163125 0.45095833333333335 0.10931249999999999 0.14290277777777777
2 0.177453125 0.3998055555555556 0.044640625 0.14484722222222224
2 0.1339296875 0.42956944444444445 0.0379453125 0.140875
2 0.0943046875 0.4623055555555556 0.041296875 0.15079166666666666
2 0.0513359375 0.49404166666666666 0.0424140625 0.15079166666666666
2 0.015625 0.5267916666666667 0.0245546875 0.15675
2 0.41852343750000004 0.8174583333333334 0.0401796875 0.18651388888888887
2 0.462609375 0.7708333333333334 0.0435234375 0.1845277777777778
2 0.5027890625 0.7222222222222222 0.036828125 0.1745972222222222
2 0.5424140625 0.6845277777777778 0.0401796875 0.16666666666666666
2 0.5814765625 0.6458333333333334 0.0379453125 0.16070833333333331
2 0.618859375 0.609125 0.0323671875 0.16666666666666666
2 0.654015625 0.5674583333333333 0.0357109375 0.16269444444444445
2 0.689171875 0.5396805555555555 0.0301328125 0.1547638888888889
2 0.7215390625 0.5099166666666667 0.0323671875 0.16666666666666666