0 0.1785703125 0.7053611111111111 0.0580390625 0.20833333333333334
0 0.2410703125 0.7013888888888888 0.078125 0.2043611111111111
0 0.349890625 0.7004027777777778 0.056921875 0.1904722222222222
0 0.41741406249999996 0.6815416666666666 0.0669609375 0.2162638888888889
0 0.486609375 0.6795694444444444 0.053570312499999995 0.2202361111111111
0 0.5513359375 0.671625 0.0625 0.21230555555555558
0 0.619421875 0.6587361111111112 0.046875 0.234125
0 0.720421875 0.6498055555555555 0.0591484375 0.2043611111111111
0 0.8325859375 0.6150833333333333 0.078125 0.13491666666666666
2 0.20647656250000002 0.7976249999999999 0.0825859375 0.15873611111111113
2 0.2924140625 0.7857083333333333 0.0825859375 0.1547638888888889
2 0.3738828125 0.7738055555555555 0.080359375 0.1547638888888889
2 0.455359375 0.7638888888888888 0.080359375 0.1547638888888889
2 0.537390625 0.7509861111111111 0.0814765625 0.14880555555555555
2 0.618859375 0.7410694444444446 0.0792421875 0.14880555555555555
2 0.7003359375 0.7301527777777779 0.0770078125 0.14681944444444445
2 0.7801328125 0.7182499999999999 0.078125 0.14681944444444445
2 0.8599296875 0.7103194444444445 0.0747734375 0.15079166666666666
2 0.9642890625 0.9136944444444445 0.0714296875 0.172625
2 0.8822578125 0.9166666666666666 0.0859375 0.15873611111111113
2 0.7963203125 0.9245972222222223 0.0903984375 0.15079166666666666
2 0.705359375 0.9285694444444446 0.0870546875 0.1428611111111111
2 0.6143984375 0.9345277777777778 0.088171875 0.13095833333333334
2 0.525109375 0.9414722222222223 0.088171875 0.11706944444444445