0 0.1489921875 0.671625 0.0703125 0.140875
0 0.2237734375 0.671625 0.0658515625 0.1289722222222222
0 0.310265625 0.6656805555555556 0.0580390625 0.140875
0 0.3911796875 0.6418611111111111 0.068078125 0.14484722222222224
0 0.46763281250000005 0.6418611111111111 0.0580390625 0.13690277777777776
0 0.55078125 0.6369027777777778 0.0658515625 0.1388888888888889
0 0.627234375 0.625 0.0625 0.1428611111111111
0 0.7025703125 0.6140833333333333 0.0591484375 0.13690277777777776
0 0.775671875 0.6111111111111112 0.064734375 0.1388888888888889
2 0.572546875 0.9057499999999999 0.0892890625 0.16468055555555555
2 0.662390625 0.8968194444444445 0.0859375 0.16666666666666666
2 0.7511171875 0.8859166666666667 0.0892890625 0.17658333333333334
2 0.8420781249999999 0.8779722222222222 0.0926328125 0.172625
2 0.9313593750000001 0.8640833333333333 0.088171875 0.16070833333333331
2 0.9871640625 0.8670694444444444 0.025671875 0.1706388888888889