0 0.138953125 0.46626388888888887 0.0658515625 0.25793055555555555
0 0.2410703125 0.4593194444444444 0.064734375 0.2638888888888889
0 0.43805468750000004 0.4384861111111111 0.072546875 0.2222222222222222
0 0.34765625 0.4338055555555555 0.073546875 0.25
0 0.6474609375 0.41709722222222223 0.065 0.2482638888888889
0 0.8486328125 0.40408333333333335 0.056460937499999996 0.23198611111111112
0 0.7368203125 0.4116805555555556 0.061984375 0.231125
0 0.55078125 0.43154166666666666 0.0747734375 0.23213888888888887
2 0.454796875 0.6785694444444444 0.1171875 0.21824999999999997
2 0.568640625 0.6626944444444445 0.1082578125 0.21031944444444445
2 0.681359375 0.6527777777777778 0.1104921875 0.21031944444444445
2 0.7901796875 0.6478194444444445 0.109375 0.21230555555555558
2 0.9017890625 0.6379027777777778 0.109375 0.20040277777777776
2 0.9776796875 0.6299583333333333 0.044640625 0.2043611111111111
2 0.80078125 0.8640833333333333 0.1238828125 0.2202361111111111
2 0.9280156249999999 0.8551527777777779 0.1238828125 0.22619444444444448