0 0.125 0.5873055555555555 0.053570312499999995 0.23809722222222224
0 0.2472109375 0.5843194444444444 0.0546875 0.22420833333333334
0 0.34375 0.577375 0.055804687500000005 0.234125
0 0.3861640625 0.5625 0.0401796875 0.22818055555555555
0 0.48492968750000004 0.5535694444444444 0.068078125 0.2301527777777778
0 0.588171875 0.5386944444444445 0.060265625 0.2361111111111111
0 0.666296875 0.5218194444444444 0.0625 0.21429166666666666
0 0.7299140625 0.5019861111111111 0.0625 0.2063472222222222
0 0.8175234375 0.4970277777777778 0.0502265625 0.22420833333333334
2 0.615515625 0.4593194444444444 0.0703125 0.1527777777777778
2 0.5385078125 0.46825 0.072546875 0.15079166666666666
2 0.4609375 0.4791666666666667 0.078125 0.14880555555555555
2 0.3794609375 0.49008333333333337 0.078125 0.15079166666666666
2 0.2996640625 0.4990138888888889 0.0747734375 0.15675
2 0.220984375 0.5138888888888888 0.0848203125 0.15873611111111113
2 0.13671875 0.5248055555555555 0.0792421875 0.1527777777777778
2 0.072546875 0.6071388888888889 0.1004453125 0.047625
2 0.2901796875 0.7113055555555555 0.0870546875 0.1686527777777778
2 0.3783515625 0.6964305555555556 0.0870546875 0.16269444444444445
2 0.466515625 0.6835277777777777 0.0870546875 0.16468055555555555
2 0.5518984375 0.6736111111111112 0.083703125 0.16070833333333331
2 0.638390625 0.6607083333333333 0.0825859375 0.16666666666666666
2 0.72265625 0.6468194444444444 0.083703125 0.16269444444444445
2 0.8074765625 0.6339305555555556 0.083703125 0.16070833333333331
2 0.8928593749999999 0.6210277777777777 0.0825859375 0.16269444444444445
2 0.9676328125 0.6130972222222222 0.064734375 0.16666666666666666
2 0.6651796875 0.9027777777777778 0.09375 0.1745972222222222
2 0.7589296875 0.8879027777777777 0.091515625 0.17658333333333334
2 0.8549140625 0.8759861111111111 0.095984375 0.1845277777777778
2 0.9497734375 0.8581388888888889 0.095984375 0.1845277777777778