0 0.1283515625 0.6259861111111111 0.1026796875 0.13293055555555555
0 0.2237734375 0.6120972222222222 0.0770078125 0.11309722222222224
0 0.2806953125 0.5912638888888888 0.0792421875 0.11508333333333333
0 0.3950859375 0.6130972222222222 0.1026796875 0.18254166666666669
0 0.3878359375 0.5704305555555556 0.0502265625 0.2638888888888889
0 0.7387734375 0.563375 0.115359375 0.149625
0 0.624515625 0.5581666666666667 0.0817890625 0.1366111111111111
0 0.560546875 0.6002638888888889 0.0867890625 0.18706944444444445
0 0.7890625 0.5327361111111111 0.055804687500000005 0.13293055555555555
2 0.13671875 0.7321388888888889 0.0903984375 0.1706388888888889
2 0.228234375 0.7212361111111111 0.0814765625 0.16468055555555555
2 0.314734375 0.7073472222222222 0.0892890625 0.16070833333333331
2 0.404015625 0.6914722222222223 0.0848203125 0.16468055555555555
2 0.48939843749999995 0.6805555555555556 0.0859375 0.16269444444444445
2 0.5753359375 0.671625 0.083703125 0.16070833333333331
2 0.66015625 0.6597222222222222 0.083703125 0.16070833333333331
2 0.7466484375 0.6527777777777778 0.0848203125 0.15079166666666666
2 0.8231015625 0.6339305555555556 0.0859375 0.16070833333333331
2 0.47600781249999996 0.9077361111111112 0.0948671875 0.17658333333333334
2 0.5714296875 0.8918611111111111 0.09375 0.17658333333333334
2 0.665734375 0.8819444444444444 0.0926328125 0.18055555555555555
2 0.7566953125 0.8640833333333333 0.0892890625 0.16070833333333331
2 0.8482109375 0.8551527777777779 0.09375 0.1745972222222222
2 0.9453125 0.8472222222222222 0.09375 0.1706388888888889