0 0.2611640625 0.7162638888888889 0.080359375 0.28175
0 0.205359375 0.6428611111111111 0.078125 0.2738055555555555
0 0.5122734375 0.577375 0.138390625 0.1388888888888889
0 0.443640625 0.4265833333333333 0.056921875 0.2222222222222222
0 0.556640625 0.48133333333333334 0.11419531249999999 0.16243055555555555
0 0.5691953125 0.37698611111111113 0.053570312499999995 0.21824999999999997
0 0.49888281250000005 0.4384861111111111 0.0379453125 0.18254166666666669
0 0.44586718750000004 0.5704305555555556 0.0479921875 0.2638888888888889
2 0.1752265625 0.3333333333333333 0.055804687500000005 0.16666666666666666
2 0.1316953125 0.3640833333333333 0.0424140625 0.1686527777777778
2 0.130578125 0.47718055555555555 0.1294609375 0.06547222222222222
2 0.10379687500000001 0.5218194444444444 0.127234375 0.07540277777777778
2 0.44252343749999995 0.8085277777777777 0.052453125 0.2202361111111111
2 0.49553906249999996 0.7579305555555556 0.053570312499999995 0.21824999999999997
2 0.545203125 0.7142916666666667 0.0457578125 0.21031944444444445
2 0.592078125 0.6676527777777778 0.0479921875 0.20833333333333334
2 0.6356015625 0.6190416666666666 0.0390625 0.2063472222222222
2 0.67578125 0.577375 0.0435234375 0.21031944444444445
2 0.717078125 0.5376944444444445 0.0346015625 0.2063472222222222
2 0.7566953125 0.5009861111111111 0.044640625 0.19245833333333331
2 0.8018984375 0.45337500000000003 0.0435234375 0.1845277777777778