0 0.1791328125 0.734125 0.0457578125 0.1904722222222222
0 0.247765625 0.7331388888888889 0.064734375 0.1686527777777778
0 0.3247734375 0.7311527777777778 0.044640625 0.15675
0 0.392859375 0.7172638888888888 0.046875 0.1527777777777778
0 0.470421875 0.7073472222222222 0.0546875 0.1686527777777778
0 0.5541328125 0.6914722222222223 0.0457578125 0.17658333333333334
0 0.6088203125 0.6815416666666666 0.052453125 0.14880555555555555
0 0.6925234375 0.6845277777777778 0.061382812499999995 0.15873611111111113
0 0.7739921875 0.6875 0.061382812499999995 0.16468055555555555
2 0.529015625 0.9365138888888889 0.0825859375 0.12698611111111113
2 0.6138359375 0.9295694444444444 0.0825859375 0.140875
2 0.69921875 0.9275833333333333 0.083703125 0.14484722222222224
2 0.78125 0.9236111111111112 0.080359375 0.1527777777777778
2 0.86328125 0.9146805555555556 0.0814765625 0.1547638888888889
2 0.9497734375 0.9037638888888889 0.0848203125 0.16070833333333331