0 0.1450859375 0.6736111111111112 0.075890625 0.13690277777777776
0 0.2254453125 0.6755972222222222 0.064734375 0.12102777777777778
0 0.3052421875 0.6617083333333333 0.0658515625 0.140875
0 0.3872734375 0.6359166666666667 0.0691953125 0.16070833333333331
0 0.46763281250000005 0.6388888888888888 0.0580390625 0.15079166666666666
0 0.55078125 0.6309583333333334 0.0703125 0.1428611111111111
0 0.6261171875 0.6180555555555556 0.064734375 0.140875
0 0.7025703125 0.6111111111111112 0.0658515625 0.1388888888888889
0 0.78125 0.6120972222222222 0.0669609375 0.140875
2 0.5747734375 0.9027777777777778 0.0870546875 0.16666666666666666
2 0.662390625 0.8958333333333334 0.088171875 0.1686527777777778
2 0.752234375 0.8879027777777777 0.0892890625 0.16468055555555555
2 0.8426328125 0.875 0.0892890625 0.15873611111111113
2 0.9313593750000001 0.8670694444444444 0.0859375 0.16666666666666666
2 0.98828125 0.8611111111111112 0.0234375 0.16269444444444445