0 0.201453125 0.6190416666666666 0.0591484375 0.25
0 0.26171875 0.610125 0.0457578125 0.25198611111111113
0 0.3872734375 0.5853194444444445 0.0580390625 0.23809722222222224
0 0.451453125 0.577375 0.0479921875 0.24206944444444442
0 0.5346015625 0.5585277777777777 0.060265625 0.24801388888888887
0 0.6216484375 0.5495972222222222 0.0580390625 0.234125
0 0.689171875 0.5376944444444445 0.0658515625 0.22619444444444448
0 0.8052421875 0.5198472222222222 0.056921875 0.2301527777777778
2 0.341515625 0.7440416666666667 0.09375 0.1745972222222222
2 0.43638281250000005 0.7291666666666666 0.091515625 0.172625
2 0.529578125 0.7182499999999999 0.0903984375 0.1745972222222222
2 0.6216484375 0.7093194444444444 0.091515625 0.172625
2 0.7114921875 0.6964305555555556 0.0903984375 0.17856944444444445
2 0.8030156249999999 0.6835277777777777 0.088171875 0.1686527777777778
2 0.8934140625 0.6745972222222222 0.0926328125 0.1706388888888889
2 0.9704218750000001 0.6686527777777778 0.0591484375 0.17856944444444445
2 0.7036796875 0.9206388888888889 0.0971015625 0.15873611111111113
2 0.8018984375 0.9136944444444445 0.0971015625 0.172625
2 0.90234375 0.9067500000000001 0.10379687500000001 0.18651388888888887
2 0.9776796875 0.8998055555555555 0.044640625 0.18848611111111113