0 0.1908515625 0.578375 0.064734375 0.30754166666666666
0 0.2778984375 0.4236111111111111 0.0825859375 0.2956388888888889
0 0.24664843749999998 0.3373055555555556 0.060265625 0.2301527777777778
0 0.3671875 0.6815416666666666 0.095984375 0.31151388888888887
0 0.24274218749999998 0.8065416666666667 0.072546875 0.33531944444444445
0 0.259484375 0.7281805555555555 0.12164843750000001 0.3095277777777778
2 0.053570312499999995 0.39781944444444445 0.0982109375 0.10912499999999999
2 0.48549218749999995 0.8759861111111111 0.03125 0.22818055555555555
2 0.5206484375 0.8244027777777778 0.036828125 0.2162638888888889
2 0.5580390625 0.7509861111111111 0.0379453125 0.2162638888888889
2 0.5943046875 0.6914722222222223 0.0323671875 0.20040277777777776
2 0.626671875 0.6309583333333334 0.0301328125 0.21031944444444445
2 0.65625 0.577375 0.029015625 0.202375
2 0.6869453125 0.5178611111111111 0.0278984375 0.202375
2 0.7176328125 0.4672638888888889 0.03125 0.20040277777777776
2 0.7472109375 0.4136944444444445 0.0301328125 0.19245833333333331