0 0.1607109375 0.7410694444444446 0.064734375 0.14880555555555555
0 0.2371640625 0.7351249999999999 0.061382812499999995 0.140875
0 0.310265625 0.7311527777777778 0.0691953125 0.13293055555555555
0 0.3839296875 0.7103194444444445 0.0691953125 0.14681944444444445
0 0.46038281249999996 0.7083333333333334 0.0636171875 0.13491666666666666
0 0.5301328125 0.7113055555555555 0.0580390625 0.125
0 0.603796875 0.6964305555555556 0.0714296875 0.13491666666666666
0 0.6763359375 0.6845277777777778 0.055804687500000005 0.13491666666666666
0 0.7505546875 0.6745972222222222 0.0658515625 0.12698611111111113
2 0.5580390625 0.9375 0.080359375 0.125
2 0.6400703125 0.9315416666666667 0.0792421875 0.13690277777777776
2 0.7232109375 0.9275833333333333 0.080359375 0.14484722222222224
2 0.8080390625 0.9196388888888889 0.0825859375 0.16070833333333331
2 0.8900703125 0.9196388888888889 0.0859375 0.16070833333333331
2 0.9670781249999999 0.9166666666666666 0.0658515625 0.16666666666666666