0 0.177453125 0.6448472222222222 0.10714062499999999 0.3055555555555556
0 0.244421875 0.577375 0.0848203125 0.28968055555555555
0 0.47767968749999995 0.5972222222222222 0.0714296875 0.3571388888888889
0 0.6824765625 0.5952361111111111 0.1372734375 0.32143055555555555
0 0.5948671875 0.49106944444444445 0.11383593750000001 0.2876944444444444
0 0.5747734375 0.34920833333333334 0.075890625 0.18651388888888887
0 0.657921875 0.38987499999999997 0.088171875 0.25595833333333334
2 0.0658515625 0.6904722222222222 0.0870546875 0.24206944444444442
2 0.337609375 0.5535694444444444 0.083703125 0.23809722222222224
2 0.41852343750000004 0.5138888888888888 0.078125 0.22619444444444448
2 0.498328125 0.4652777777777778 0.0814765625 0.21230555555555558
2 0.256140625 0.5992083333333333 0.0792421875 0.24602777777777776
2 0.5809140625 0.4375 0.0792421875 0.21230555555555558
2 0.6551328125 0.3888888888888889 0.0669609375 0.21824999999999997
2 0.8431953125 0.9523750000000001 0.083703125 0.0952361111111111
2 0.9330390625 0.9285694444444446 0.09375 0.1428611111111111