0 0.3989921875 0.38095833333333334 0.0747734375 0.16666666666666666
0 0.40680468750000004 0.5357083333333333 0.041296875 0.16666666666666666
0 0.376671875 0.6755972222222222 0.0814765625 0.2043611111111111
0 0.2550234375 0.7430555555555556 0.0770078125 0.2361111111111111
0 0.47387499999999994 0.6328194444444445 0.059109375 0.21820833333333337
0 0.160765625 0.6523472222222222 0.0625625 0.20790277777777777
0 0.552734375 0.5177916666666667 0.088015625 0.24197222222222223
0 0.690921875 0.48568055555555556 0.095703125 0.2197222222222222
2 0.3403984375 0.4305555555555556 0.03125 0.15079166666666666
2 0.30859375 0.4642916666666667 0.0323671875 0.15079166666666666
2 0.2767890625 0.5019861111111111 0.0357109375 0.1547638888888889
2 0.2410703125 0.5386944444444445 0.03125 0.16070833333333331
2 0.209265625 0.5763888888888888 0.0323671875 0.15675
2 0.171875 0.6150833333333333 0.033484375 0.1547638888888889
2 0.134484375 0.6587361111111112 0.036828125 0.15873611111111113
2 0.0948671875 0.6974166666666667 0.0379453125 0.1686527777777778
2 0.05859375 0.751986111111111 0.0479921875 0.1547638888888889
2 0.7193046875 0.8650833333333333 0.0346015625 0.19841666666666669
2 0.7472109375 0.8125 0.0234375 0.1845277777777778
2 0.7745546875 0.7638888888888888 0.029015625 0.18651388888888887
2 0.7996640625 0.7172638888888888 0.0234375 0.1686527777777778
2 0.82421875 0.6755972222222222 0.025671875 0.17658333333333334
2 0.8487734375 0.6329305555555556 0.0234375 0.15873611111111113
2 0.8722109375 0.5962361111111112 0.021203125 0.15675
2 0.8956484375 0.5545694444444444 0.021203125 0.1527777777777778
2 0.9196406250000001 0.5138888888888888 0.0245546875 0.1547638888888889