0 0.15234375 0.6914722222222223 0.0747734375 0.11309722222222224
0 0.22600781250000002 0.6894861111111111 0.0658515625 0.10912499999999999
0 0.3074765625 0.6745972222222222 0.0636171875 0.11904166666666666
0 0.3900703125 0.6626944444444445 0.072546875 0.11904166666666666
0 0.46930468750000004 0.6557499999999999 0.0591484375 0.11309722222222224
0 0.5502265625 0.6488055555555555 0.0736640625 0.1111111111111111
0 0.6244453125 0.640875 0.061382812499999995 0.1071388888888889
0 0.701453125 0.6279722222222222 0.0591484375 0.11309722222222224
0 0.779015625 0.6220277777777778 0.0691953125 0.11309722222222224
2 0.5747734375 0.9047638888888888 0.0892890625 0.16269444444444445
2 0.6651796875 0.8928611111111111 0.0870546875 0.16666666666666666
2 0.7527890625 0.8829305555555556 0.0859375 0.16666666666666666
2 0.8426328125 0.8740138888888889 0.0892890625 0.16468055555555555
2 0.9319218749999999 0.8660694444444446 0.0892890625 0.16468055555555555
2 0.9877265625 0.859125 0.0245546875 0.1706388888888889