0 0.1640625 0.6646805555555555 0.080359375 0.1706388888888889
0 0.25 0.6607083333333333 0.0691953125 0.17856944444444445
0 0.49609375 0.6349166666666667 0.0747734375 0.17856944444444445
2 0.591515625 0.9087361111111111 0.1026796875 0.18254166666666669
2 0.782921875 0.8898750000000001 0.0903984375 0.18848611111111113
2 0.875 0.8740138888888889 0.0870546875 0.1845277777777778
0 0.3283671875 0.6436666666666666 0.0726328125 0.14051388888888888
0 0.41577343750000006 0.6454027777777778 0.064390625 0.1298888888888889
0 0.578125 0.6289027777777778 0.0797734375 0.12869444444444444
0 0.7236328125 0.6141527777777778 0.0701875 0.12705555555555556
0 0.6495546875 0.6130972222222222 0.064734375 0.1706388888888889
2 0.6908515625 0.890875 0.0848203125 0.17856944444444445
2 0.9603828125 0.8660694444444446 0.0792421875 0.18848611111111113