0 0.2178828125 0.473 0.076390625 0.125
0 0.22309375 0.7175972222222222 0.092015625 0.24691666666666667
0 0.318578125 0.7916666666666666 0.1024296875 0.25
0 0.4223125 0.6365694444444444 0.037328125000000004 0.24537499999999998
0 0.404078125 0.5956805555555555 0.084203125 0.20370833333333332
0 0.6501718750000001 0.6959861111111111 0.1319453125 0.12345833333333334
0 0.6180546875 0.5192916666666666 0.0850703125 0.2237638888888889
0 0.6740468749999999 0.4683611111111112 0.06684375000000001 0.21141666666666667
0 0.6983515625 0.5501527777777778 0.0703125 0.16820833333333332
2 0.3138046875 0.4490694444444444 0.04253125 0.1512361111111111
2 0.271265625 0.48225 0.04253125 0.1527777777777778
2 0.228734375 0.5138888888888888 0.0460078125 0.1512361111111111
2 0.18359375 0.5493888888888889 0.04253125 0.1512361111111111
2 0.13802343749999998 0.5779305555555556 0.045140625000000004 0.15586111111111112
2 0.0872421875 0.615736111111111 0.0477421875 0.16666666666666666
2 0.033421875000000004 0.6504583333333334 0.052953125000000004 0.165125
2 0.045140625000000004 0.7746944444444444 0.0868046875 0.08333333333333333
2 0.5638046875 0.8958333333333334 0.040796874999999996 0.1867222222222222
2 0.6076406249999999 0.8487638888888889 0.046875 0.17901388888888886
2 0.65234375 0.8078749999999999 0.04253125 0.17747222222222223
2 0.6944453125 0.7662083333333333 0.0399296875 0.17747222222222223
2 0.7365468749999999 0.7214444444444446 0.0442734375 0.17129166666666668
2 0.7760390625 0.6805555555555556 0.0364609375 0.16358333333333333
2 0.8138046875 0.6442916666666666 0.037328125000000004 0.18055555555555555
2 0.852 0.6111111111111112 0.0390625 0.17283333333333334
2 0.8880234375 0.5740694444444444 0.032984374999999996 0.17593055555555556