0 0.1685234375 0.7559583333333333 0.064734375 0.1388888888888889
0 0.23772656250000002 0.7490138888888889 0.055804687500000005 0.140875
0 0.322546875 0.7470277777777778 0.060265625 0.12102777777777778
0 0.3895078125 0.7301527777777779 0.0625 0.13491666666666666
0 0.466515625 0.7182499999999999 0.060265625 0.1428611111111111
0 0.5440859375 0.7083333333333334 0.0636171875 0.14681944444444445
0 0.6127265625 0.7063472222222222 0.064734375 0.13491666666666666
0 0.6863828125 0.7004027777777778 0.064734375 0.12698611111111113
0 0.7572578125 0.6974166666666667 0.056921875 0.11706944444444445
2 0.5658515625 0.9454305555555556 0.0848203125 0.10912499999999999
2 0.6517890625 0.9414722222222223 0.0848203125 0.11706944444444445
2 0.7371640625 0.935513888888889 0.0859375 0.1289722222222222
2 0.8203125 0.9335277777777777 0.080359375 0.13293055555555555
2 0.9045781249999999 0.9295694444444444 0.083703125 0.140875
2 0.9732109375 0.9275833333333333 0.053570312499999995 0.14484722222222224