0 0.21484375 0.6150833333333333 0.0792421875 0.3015833333333333
0 0.298546875 0.5912638888888888 0.068078125 0.297625
0 0.3754921875 0.5473055555555556 0.0679296875 0.29491666666666666
0 0.5078125 0.4930555555555556 0.0642109375 0.25151388888888887
0 0.42578125 0.5121527777777778 0.0668359375 0.2575972222222222
0 0.82421875 0.4869861111111111 0.054203125 0.2708333333333333
0 0.75928125 0.5060833333333333 0.0719609375 0.23872222222222222
0 0.6376953125 0.5165 0.070921875 0.2708333333333333
2 0.0161796875 0.32540277777777776 0.0278984375 0.17856944444444445
2 0.07421875 0.30754166666666666 0.0792421875 0.15873611111111113
2 0.1573671875 0.3015833333333333 0.0848203125 0.16666666666666666
2 0.24274218749999998 0.28670833333333334 0.0792421875 0.16468055555555555
2 0.3270078125 0.2708333333333333 0.0892890625 0.17658333333333334
2 0.015070312499999999 0.5416666666666666 0.025671875 0.19444444444444445
2 0.0753359375 0.5297638888888889 0.0971015625 0.18254166666666669
2 0.1646171875 0.5059583333333334 0.0859375 0.1745972222222222
2 0.255578125 0.5009861111111111 0.091515625 0.19245833333333331
2 0.3482109375 0.48015277777777776 0.091515625 0.16666666666666666
2 0.45367968750000004 0.5565416666666666 0.1238828125 0.06547222222222222
2 0.5200859375 0.4583333333333333 0.0892890625 0.16666666666666666
2 0.609375 0.4404722222222222 0.0870546875 0.1706388888888889
2 0.6925234375 0.4265833333333333 0.088171875 0.1706388888888889
2 0.3744453125 0.7410694444444446 0.099328125 0.20040277777777776
2 0.470421875 0.7182499999999999 0.0948671875 0.19841666666666669
2 0.568640625 0.703375 0.0948671875 0.19245833333333331
2 0.6629453125 0.6845277777777778 0.0892890625 0.18651388888888887
2 0.7589296875 0.671625 0.0982109375 0.20040277777777776
2 0.8537968749999999 0.6577361111111111 0.0892890625 0.19245833333333331
2 0.9453125 0.6359166666666667 0.09375 0.19245833333333331
2 0.8337031250000001 0.9285694444444446 0.1160703125 0.1428611111111111
2 0.94921875 0.9196388888888889 0.1015625 0.16070833333333331