0 0.181359375 0.6448472222222222 0.0591484375 0.21031944444444445
0 0.271203125 0.6587361111111112 0.055804687500000005 0.21031944444444445
0 0.3471015625 0.639875 0.0691953125 0.2162638888888889
0 0.435265625 0.639875 0.060265625 0.19643055555555555
0 0.53125 0.6259861111111111 0.0691953125 0.2162638888888889
0 0.6026796875 0.610125 0.0580390625 0.18848611111111113
0 0.6863828125 0.5972222222222222 0.055804687500000005 0.2063472222222222
0 0.75390625 0.5942500000000001 0.0457578125 0.19245833333333331
2 0.584265625 0.8938472222222222 0.1082578125 0.19643055555555555
2 0.6841484375 0.8779722222222222 0.0892890625 0.19643055555555555
2 0.7762265625 0.875 0.0903984375 0.18254166666666669
2 0.8666328125 0.8601249999999999 0.088171875 0.19245833333333331
2 0.9564765625 0.8492083333333332 0.0870546875 0.19444444444444445