0 0.1640625 0.5146666666666667 0.092015625 0.20833333333333334
0 0.25086718750000003 0.6983055555555555 0.1163203125 0.21141666666666667
0 0.36284375 0.7739166666666667 0.07465625000000001 0.2237638888888889
0 0.42491406249999997 0.5833333333333334 0.12934375 0.12345833333333334
0 0.41059375 0.5416666666666666 0.126734375 0.09259722222222222
0 0.6184921875 0.5054027777777778 0.05815625 0.2145
0 0.6627578125 0.7345694444444444 0.1085078125 0.2222222222222222
0 0.6922734375 0.571763888888889 0.072046875 0.23302777777777778
0 0.65971875 0.4351805555555555 0.05903125 0.16358333333333333
2 0.0364609375 0.4004583333333333 0.045140625000000004 0.14969444444444444
2 0.009546875 0.4282361111111111 0.013890625 0.14969444444444444
2 0.2895 0.8240694444444445 0.04253125 0.17901388888888886
2 0.3346328125 0.7862638888888889 0.04253125 0.165125
2 0.41796875 0.6898194444444444 0.037328125000000004 0.17283333333333334
2 0.45616406249999997 0.6512361111111111 0.037328125000000004 0.15431944444444445
2 0.49305468750000003 0.6141944444444445 0.03471875 0.15740277777777778
2 0.52778125 0.5748472222222222 0.03471875 0.16820833333333332
2 0.5633671875 0.5385833333333333 0.03471875 0.1605
2 0.5963515625 0.5023194444444444 0.029515625 0.15894444444444444
2 0.420140625 0.7731527777777777 0.0989609375 0.06481944444444444