0 0.20746875 0.5015416666666667 0.060765625000000004 0.2006111111111111
0 0.2278671875 0.7091111111111111 0.0911484375 0.23302777777777778
0 0.3307265625 0.7932083333333334 0.0833359375 0.26543055555555556
0 0.40711718750000003 0.6126527777777778 0.032984374999999996 0.2345694444444444
0 0.42317968749999996 0.6327222222222222 0.0859375 0.2376527777777778
0 0.6259765625 0.5165 0.05090625 0.22418055555555555
0 0.6372109375 0.7213611111111111 0.0834375 0.1716527777777778
0 0.66796875 0.44575 0.05071875 0.1733888888888889
0 0.6997109375 0.5338611111111111 0.11963281249999999 0.12630555555555556
2 0.26953125 0.43827777777777777 0.04253125 0.14815277777777777
2 0.2252578125 0.47376388888888893 0.04253125 0.14815277777777777
2 0.148875 0.540125 0.0494765625 0.14815277777777777
2 0.1866328125 0.5084861111111111 0.0381953125 0.13734722222222223
2 0.092015625 0.5686666666666667 0.046875 0.16204166666666667
2 0.04296875 0.6111111111111112 0.0494765625 0.16666666666666666
2 0.01128125 0.6358055555555555 0.015625 0.1605
2 0.025609375 0.771611111111111 0.0477421875 0.08333333333333333
2 0.5225703125 0.8819444444444444 0.046875 0.19906944444444447
2 0.56596875 0.8356527777777777 0.0399296875 0.18363888888888888
2 0.6184921875 0.7978333333333334 0.0460078125 0.17593055555555556
2 0.83940625 0.5594166666666667 0.0364609375 0.1743888888888889
2 0.8029531249999999 0.5987638888888889 0.0381953125 0.17283333333333334
2 0.7660625 0.6350277777777779 0.03559375 0.165125
2 0.7296015625 0.6712916666666666 0.03559375 0.15740277777777778
2 0.6896718749999999 0.7114166666666667 0.040796874999999996 0.17593055555555556
2 0.65190625 0.7523194444444444 0.03471875 0.165125