0 0.1830390625 0.6498055555555555 0.0513359375 0.2837361111111111
0 0.21875 0.6200416666666667 0.033484375 0.24404166666666668
0 0.314171875 0.6031805555555556 0.0703125 0.24206944444444442
0 0.3934140625 0.5912638888888888 0.0479921875 0.24602777777777776
0 0.44360156249999994 0.5716111111111111 0.044859375 0.2328611111111111
0 0.5747109375 0.5512222222222222 0.0551171875 0.22395833333333334
0 0.5458984375 0.5121527777777778 0.05865625 0.237625
0 0.7216796875 0.5295138888888888 0.0816640625 0.22547222222222224
0 0.8193359375 0.5199722222222222 0.061429687499999996 0.24045833333333333
2 0.166296875 0.3125 0.0714296875 0.14880555555555555
2 0.0931953125 0.3293611111111111 0.0703125 0.14681944444444445
2 0.029578125 0.33431944444444445 0.052453125 0.14484722222222224
2 0.05859375 0.5535694444444444 0.0814765625 0.16269444444444445
2 0.1400703125 0.5357083333333333 0.0814765625 0.1706388888888889
2 0.2215390625 0.5198472222222222 0.0792421875 0.15873611111111113
2 0.302453125 0.5019861111111111 0.078125 0.15873611111111113
2 0.396765625 0.5099166666666667 0.099328125 0.11904166666666666
2 0.45703125 0.4751944444444444 0.0792421875 0.16468055555555555
2 0.5552421875 0.5208333333333334 0.1104921875 0.041666666666666664
2 0.29296875 0.7757916666666668 0.088171875 0.18254166666666669
2 0.3822578125 0.751986111111111 0.088171875 0.1745972222222222
2 0.470421875 0.7311527777777778 0.0859375 0.172625
2 0.5546875 0.7162638888888889 0.080359375 0.1706388888888889
2 0.638390625 0.6974166666666667 0.0825859375 0.172625
2 0.720984375 0.6765833333333333 0.080359375 0.18254166666666669
2 0.8030156249999999 0.6617083333333333 0.0814765625 0.17658333333333334
2 0.8850468749999999 0.6448472222222222 0.080359375 0.17856944444444445
2 0.9637265625 0.6309583333333334 0.072546875 0.17856944444444445
2 0.8699765625 0.9404722222222222 0.088171875 0.11904166666666666
2 0.9592656249999999 0.9305555555555556 0.0814765625 0.1388888888888889