0 0.1802421875 0.6478194444444445 0.0546875 0.24801388888888887
0 0.2606015625 0.6230138888888889 0.0658515625 0.21824999999999997
0 0.364953125 0.6041666666666666 0.0625 0.24008333333333334
0 0.42553906250000006 0.5928888888888889 0.066953125 0.22851388888888888
0 0.787109375 0.5603333333333333 0.056765625 0.21083333333333334
0 0.62109375 0.5872361111111111 0.07159375 0.22916666666666666
0 0.7133828125 0.5824722222222222 0.0556015625 0.20941666666666667
0 0.5131875 0.5894166666666667 0.0713515625 0.24413888888888888
2 0.392296875 0.8015833333333333 0.10379687500000001 0.1904722222222222
2 0.4921875 0.7886944444444445 0.09375 0.1845277777777778
2 0.5887265625 0.7757916666666668 0.088171875 0.18651388888888887
2 0.6802421875 0.7609166666666667 0.088171875 0.1845277777777778
2 0.7728828125 0.751986111111111 0.0859375 0.17856944444444445
2 0.8677421875 0.748013888888889 0.0903984375 0.17856944444444445
2 0.9581484375 0.7331388888888889 0.083703125 0.1845277777777778
2 0.9598203125 0.9375 0.080359375 0.125
2 0.86328125 0.9424583333333334 0.099328125 0.11508333333333333