0 0.1590390625 0.7043611111111111 0.0636171875 0.26587500000000003
0 0.208703125 0.6904722222222222 0.033484375 0.26587500000000003
0 0.3203125 0.6736111111111112 0.053570312499999995 0.22818055555555555
0 0.396203125 0.6607083333333333 0.046875 0.23809722222222224
0 0.4560546875 0.648 0.041625 0.23915277777777777
0 0.5649453125 0.6302083333333334 0.068296875 0.24956944444444445
0 0.8232421875 0.5894166666666667 0.060421875 0.20790277777777777
0 0.7251015625 0.6137222222222222 0.065609375 0.22504166666666667
0 0.5870546875 0.5704305555555556 0.049109375 0.1845277777777778
2 0.2393984375 0.4077361111111111 0.0747734375 0.16070833333333331
2 0.1651796875 0.42262500000000003 0.0691953125 0.1547638888888889
2 0.08984375 0.4365138888888889 0.0792421875 0.15873611111111113
2 0.025671875 0.44245833333333334 0.044640625 0.1706388888888889
2 0.0267890625 0.6388888888888888 0.049109375 0.1706388888888889
2 0.0965390625 0.625 0.0814765625 0.15873611111111113
2 0.1791328125 0.609125 0.0792421875 0.16269444444444445
2 0.2622734375 0.5952361111111111 0.0825859375 0.1547638888888889
2 0.342078125 0.5803611111111111 0.0747734375 0.16070833333333331
2 0.42075781250000005 0.5714305555555556 0.075890625 0.15873611111111113
2 0.5 0.5565416666666666 0.078125 0.15675
2 0.576453125 0.5426527777777778 0.0747734375 0.15675
2 0.287390625 0.8293611111111111 0.088171875 0.17856944444444445
2 0.377234375 0.8154722222222222 0.0870546875 0.1745972222222222
2 0.46428906249999996 0.796625 0.0848203125 0.172625
2 0.552453125 0.7827361111111112 0.0825859375 0.16468055555555555
2 0.6361640625 0.7629027777777777 0.0825859375 0.172625
2 0.7198671875 0.75 0.0825859375 0.16666666666666666
2 0.8046875 0.734125 0.0825859375 0.1745972222222222
2 0.8883906250000001 0.7202361111111112 0.080359375 0.1706388888888889
2 0.9653984375 0.7093194444444444 0.0691953125 0.1686527777777778
2 0.709265625 0.9732083333333333 0.0948671875 0.05356944444444445
2 0.8052421875 0.9613055555555555 0.0926328125 0.077375
2 0.9017890625 0.953375 0.0982109375 0.09325
2 0.9760078125 0.9494027777777778 0.0479921875 0.10119444444444445