0 0.1752265625 0.6041666666666666 0.0691953125 0.2837361111111111
0 0.2723203125 0.5664722222222223 0.075890625 0.25198611111111113
0 0.36328125 0.5347222222222222 0.0636171875 0.2876944444444444
0 0.5322265625 0.5544444444444444 0.07825 0.2662083333333333
0 0.6031640625 0.4879722222222222 0.0692421875 0.27216666666666667
0 0.515625 0.42856944444444445 0.0580390625 0.17856944444444445
0 0.631140625 0.4196388888888889 0.041296875 0.2678611111111111
0 0.6869453125 0.40575 0.056921875 0.25991666666666663
2 0.080359375 0.24801388888888887 0.0825859375 0.16666666666666666
2 0.060265625 0.3611111111111111 0.11160937500000001 0.06745833333333333
2 0.099890625 0.6617083333333333 0.1082578125 0.09722222222222222
2 0.193640625 0.6120972222222222 0.0903984375 0.09722222222222222
2 0.21819531250000002 0.5585277777777777 0.0814765625 0.1845277777777778
2 0.294640625 0.5267916666666667 0.078125 0.172625
2 0.368859375 0.4970277777777778 0.072546875 0.18055555555555555
2 0.44140625 0.4751944444444444 0.072546875 0.1686527777777778
2 0.5792421875 0.4236111111111111 0.080359375 0.17658333333333334
2 0.6517890625 0.8551527777777779 0.0848203125 0.21429166666666666
2 0.734375 0.8234166666666667 0.075890625 0.2063472222222222
2 0.8113828125 0.7857083333333333 0.075890625 0.202375
2 0.8900703125 0.748013888888889 0.0770078125 0.2063472222222222
2 0.9659609375 0.7251944444444445 0.068078125 0.2202361111111111