0 0.0703125 0.40873611111111113 0.1316953125 0.11904166666666666
0 0.197546875 0.5922638888888889 0.091515625 0.2916666666666667
0 0.2645078125 0.4245972222222222 0.0825859375 0.297625
0 0.3911796875 0.6855138888888889 0.1328125 0.2876944444444444
0 0.2784609375 0.810513888888889 0.072546875 0.30754166666666666
0 0.28125 0.7351249999999999 0.0982109375 0.29959722222222224
2 0.033484375 0.7093194444444444 0.0401796875 0.2202361111111111
2 0.068640625 0.6359166666666667 0.0323671875 0.2162638888888889
2 0.099890625 0.5714305555555556 0.0323671875 0.21824999999999997
2 0.217078125 0.3571388888888889 0.0346015625 0.17856944444444445
2 0.189734375 0.4156805555555556 0.0267890625 0.18055555555555555
2 0.1322578125 0.5178611111111111 0.0346015625 0.2063472222222222