0 0.1841484375 0.5674583333333333 0.185265625 0.1388888888888889
0 0.25390625 0.5039722222222223 0.099328125 0.12301388888888888
0 0.46205468749999995 0.5654722222222222 0.0870546875 0.3095277777777778
0 0.6791328125 0.5982083333333333 0.0903984375 0.35912499999999997
0 0.599890625 0.5069444444444444 0.072546875 0.2956388888888889
0 0.5814765625 0.35318055555555555 0.154015625 0.17856944444444445
0 0.671875 0.3363055555555555 0.095984375 0.1289722222222222
2 0.0708671875 0.21824999999999997 0.072546875 0.19444444444444445
2 0.08984375 0.7708333333333334 0.0926328125 0.24404166666666668
2 0.185265625 0.7222222222222222 0.091515625 0.234125
2 0.275671875 0.6706388888888889 0.0892890625 0.22619444444444448
2 0.3627265625 0.6279722222222222 0.0848203125 0.22420833333333334
2 0.45033593749999995 0.5882916666666667 0.0903984375 0.22818055555555555
2 0.5401796875 0.5436527777777778 0.0848203125 0.21824999999999997
2 0.619421875 0.5069444444444444 0.0736640625 0.22818055555555555
2 0.6986640625 0.4623055555555556 0.075890625 0.22619444444444448
2 0.7734375 0.42559722222222224 0.0714296875 0.22420833333333334