2 0.20647656250000002 0.25397222222222227 0.11383593750000001 0.12301388888888888
2 0.10491406249999999 0.22718055555555555 0.0825859375 0.16070833333333331
2 0.0323671875 0.23908333333333331 0.064734375 0.15675
2 0.01953125 0.4265833333333333 0.0390625 0.17856944444444445
2 0.0848203125 0.4136944444444445 0.0892890625 0.17658333333333334
2 0.1724296875 0.40079166666666666 0.0859375 0.1706388888888889
2 0.2583671875 0.38690277777777776 0.0814765625 0.1706388888888889
2 0.3409609375 0.37897222222222227 0.083703125 0.1706388888888889
2 0.5072578125 0.3501944444444444 0.083703125 0.1686527777777778
2 0.45200781250000005 0.42956944444444445 0.1294609375 0.04959722222222222
2 0.2550234375 0.6120972222222222 0.1015625 0.19245833333333331
2 0.3515625 0.5922638888888889 0.0892890625 0.18055555555555555
2 0.44419531250000005 0.578375 0.09375 0.1845277777777778
2 0.5357109375 0.5644861111111111 0.0870546875 0.18848611111111113
2 0.6244453125 0.5545694444444444 0.0903984375 0.18848611111111113
2 0.7137265625 0.5347222222222222 0.0859375 0.1845277777777778
2 0.8018984375 0.5218194444444444 0.088171875 0.18651388888888887
2 0.8922968750000001 0.5079305555555556 0.0903984375 0.18651388888888887
2 0.6690859375 0.8184583333333333 0.1082578125 0.20833333333333334
2 0.775109375 0.7986111111111112 0.1015625 0.20833333333333334
2 0.8772343749999999 0.7807499999999999 0.1004453125 0.20833333333333334
2 0.9642890625 0.7648750000000001 0.0714296875 0.21230555555555558
0 0.7332578125 0.39484722222222224 0.0513359375 0.25793055555555555
0 0.681359375 0.42856944444444445 0.0546875 0.26190277777777776
0 0.6166328125 0.44643055555555555 0.072546875 0.26587500000000003
0 0.5418515625 0.4613055555555555 0.072546875 0.25991666666666663
0 0.46875 0.47420833333333334 0.053570312499999995 0.25397222222222227
0 0.3504453125 0.4781805555555556 0.0714296875 0.2738055555555555
0 0.2622734375 0.4861111111111111 0.0691953125 0.28570833333333334
0 0.1551328125 0.5019861111111111 0.075890625 0.28175