0 0.1674140625 0.765875 0.064734375 0.11508333333333333
0 0.236046875 0.7569444444444444 0.0591484375 0.11309722222222224
0 0.3191953125 0.7529722222222222 0.0691953125 0.125
0 0.3895078125 0.7430555555555556 0.0580390625 0.10912499999999999
0 0.46539843750000004 0.7361111111111112 0.0625 0.11904166666666666
0 0.540734375 0.7261944444444445 0.068078125 0.12301388888888888
0 0.61328125 0.7172638888888888 0.0636171875 0.11706944444444445
0 0.6880546875 0.7093194444444444 0.0658515625 0.11309722222222224
0 0.759484375 0.7093194444444444 0.061382812499999995 0.10912499999999999
2 0.5658515625 0.9434583333333333 0.0848203125 0.11309722222222224
2 0.650671875 0.9414722222222223 0.0825859375 0.11706944444444445
2 0.7354921875 0.9345277777777778 0.080359375 0.13095833333333334
2 0.8208671875 0.9315416666666667 0.0859375 0.13690277777777776
2 0.9051328125 0.9275833333333333 0.0848203125 0.14484722222222224
2 0.9737734375 0.9245972222222223 0.052453125 0.15079166666666666