0 0.1808046875 0.6259861111111111 0.078125 0.30754166666666666
0 0.2650703125 0.5952361111111111 0.0703125 0.297625
0 0.5357109375 0.515875 0.0870546875 0.1745972222222222
0 0.3752421875 0.5486111111111112 0.07434375 0.28168055555555555
0 0.6020546875 0.46397222222222223 0.0718359375 0.226125
0 0.474609375 0.46744444444444444 0.0817890625 0.26106944444444447
0 0.65771875 0.40625 0.0676875 0.24869444444444444
0 0.5971015625 0.3373055555555556 0.046875 0.11904166666666666
2 0.279015625 0.32837500000000003 0.0691953125 0.1686527777777778
2 0.150109375 0.3819444444444444 0.072546875 0.17658333333333334
2 0.2371640625 0.3759861111111111 0.0859375 0.13293055555555555
2 0.079796875 0.4047638888888889 0.0703125 0.17856944444444445
2 0.0234375 0.4265833333333333 0.0401796875 0.19444444444444445
2 0.349890625 0.7400833333333333 0.0859375 0.21031944444444445
2 0.431359375 0.702375 0.0703125 0.19841666666666669
2 0.5050234375 0.6597222222222222 0.0703125 0.1845277777777778
2 0.575890625 0.6259861111111111 0.064734375 0.19643055555555555
2 0.6417421875 0.5952361111111111 0.0669609375 0.18651388888888887
2 0.709265625 0.5664722222222223 0.0636171875 0.20040277777777776
2 0.7762265625 0.5357083333333333 0.061382812499999995 0.18651388888888887
2 0.8431953125 0.5039722222222223 0.068078125 0.1904722222222222