0 0.171875 0.8035694444444446 0.11383593750000001 0.3015833333333333
0 0.20703125 0.7430555555555556 0.0814765625 0.2876944444444444
0 0.30859375 0.6994027777777778 0.0948671875 0.2797638888888889
0 0.2745546875 0.6230138888888889 0.064734375 0.3055555555555556
0 0.44028906250000005 0.49106944444444445 0.099328125 0.2837361111111111
0 0.579796875 0.42758333333333337 0.0814765625 0.27579166666666666
2 0.0340390625 0.6656805555555556 0.0591484375 0.19245833333333331
2 0.095421875 0.6150833333333333 0.0703125 0.1904722222222222
2 0.1690859375 0.578375 0.0747734375 0.19643055555555555
2 0.24274218749999998 0.546625 0.068078125 0.2043611111111111
2 0.318640625 0.5099166666666667 0.0747734375 0.18254166666666669
2 0.381140625 0.4781805555555556 0.0591484375 0.18254166666666669
2 0.44085156249999996 0.4345277777777778 0.0580390625 0.18651388888888887
2 0.595984375 0.9365138888888889 0.0669609375 0.12698611111111113
2 0.66796875 0.9126944444444445 0.072546875 0.1745972222222222
2 0.7433046875 0.8819444444444444 0.0736640625 0.20833333333333334
2 0.8147343749999999 0.8442500000000001 0.0669609375 0.22420833333333334
2 0.8833671875 0.7976249999999999 0.068078125 0.21429166666666666
2 0.953125 0.7509861111111111 0.0669609375 0.19643055555555555