0 0.1640625 0.6488055555555555 0.075890625 0.11904166666666666
0 0.2589296875 0.6369027777777778 0.0736640625 0.12698611111111113
0 0.3471015625 0.625 0.075890625 0.12698611111111113
0 0.43638281250000005 0.6170694444444444 0.0736640625 0.12698611111111113
0 0.521203125 0.6051527777777778 0.075890625 0.13095833333333334
0 0.609375 0.6021805555555555 0.0714296875 0.11706944444444445
0 0.6869453125 0.5853194444444445 0.0658515625 0.12698611111111113
0 0.7801328125 0.5803611111111111 0.0669609375 0.12102777777777778
2 0.6356015625 0.8809583333333333 0.0948671875 0.17856944444444445
2 0.7332578125 0.8343194444444445 0.095984375 0.10515277777777778
2 0.8297968750000001 0.8571388888888889 0.0971015625 0.1904722222222222
2 0.9280156249999999 0.8521805555555556 0.099328125 0.18055555555555555
2 0.98828125 0.8472222222222222 0.0234375 0.17856944444444445