0 0.1674140625 0.6894861111111111 0.0625 0.14880555555555555
0 0.2472109375 0.6795694444444444 0.061382812499999995 0.14484722222222224
0 0.318078125 0.6745972222222222 0.0669609375 0.14681944444444445
0 0.46655468750000006 0.6588611111111111 0.055421874999999995 0.12684722222222222
0 0.61475 0.6436666666666666 0.063234375 0.11990277777777777
0 0.54053125 0.6501805555555555 0.05697656250000001 0.11990277777777777
0 0.7578125 0.6267361111111112 0.048125 0.12955555555555556
0 0.3923359375 0.6649305555555556 0.060515624999999997 0.1284722222222222
0 0.675296875 0.6436666666666666 0.0626796875 0.10840277777777778
2 0.560265625 0.8998055555555555 0.0848203125 0.172625
2 0.6495546875 0.8918611111111111 0.080359375 0.15675
2 0.7299140625 0.8799583333333334 0.0736640625 0.16070833333333331
2 0.8125 0.875 0.0825859375 0.16666666666666666
2 0.8928593749999999 0.8670694444444444 0.078125 0.1706388888888889
2 0.9681953125 0.8571388888888889 0.0636171875 0.16666666666666666