0 0.1964296875 0.6200416666666667 0.049109375 0.2361111111111111
0 0.2583671875 0.5992083333333333 0.0591484375 0.24602777777777776
0 0.384484375 0.5843194444444444 0.0636171875 0.24404166666666668
0 0.4555703125 0.5768194444444444 0.055937499999999994 0.23915277777777777
0 0.6220703125 0.5585972222222222 0.0533125 0.24283333333333335
0 0.69678125 0.5499166666666666 0.0546875 0.2482638888888889
0 0.7998046875 0.5256111111111111 0.065859375 0.22765277777777776
0 0.5262265625 0.5654722222222222 0.0658515625 0.25793055555555555
2 0.303015625 0.7251944444444445 0.0971015625 0.18055555555555555
2 0.3995546875 0.7113055555555555 0.091515625 0.172625
2 0.49107031250000005 0.702375 0.091515625 0.1706388888888889
2 0.5825859375 0.6875 0.0870546875 0.1686527777777778
2 0.671875 0.6795694444444444 0.0892890625 0.1686527777777778
2 0.763390625 0.6686527777777778 0.0892890625 0.1706388888888889
2 0.8521171875 0.6547638888888889 0.088171875 0.16666666666666666
2 0.9436406249999999 0.6498055555555555 0.0903984375 0.172625
2 0.661828125 0.9107083333333333 0.1004453125 0.17856944444444445
2 0.7622734375 0.8968194444444445 0.0982109375 0.1904722222222222
2 0.8604921875 0.8898750000000001 0.0982109375 0.18848611111111113
2 0.9564765625 0.8759861111111111 0.0870546875 0.18848611111111113