0 0.161828125 0.5396805555555555 0.0714296875 0.3333333333333333
0 0.232140625 0.4722222222222222 0.0714296875 0.29365277777777776
0 0.361609375 0.4791666666666667 0.0580390625 0.3154722222222222
0 0.7260078125 0.30059722222222224 0.0658515625 0.24404166666666668
0 0.56640625 0.4444444444444444 0.0765390625 0.2803888888888889
0 0.46948437500000006 0.4557361111111111 0.068421875 0.285375
0 0.638671875 0.39170833333333327 0.073421875 0.273
0 0.681921875 0.3720277777777778 0.046875 0.2956388888888889
2 0.0206484375 0.5119027777777778 0.041296875 0.21031944444444445
2 0.0864921875 0.4890833333333333 0.088171875 0.20040277777777776
2 0.177453125 0.4672638888888889 0.09375 0.2043611111111111
2 0.2667421875 0.4375 0.0848203125 0.18848611111111113
2 0.353796875 0.41865277777777776 0.0870546875 0.202375
2 0.52734375 0.36706944444444445 0.0814765625 0.18254166666666669
2 0.6099296875 0.34325 0.083703125 0.18254166666666669
2 0.5630546875 0.7579305555555556 0.099328125 0.22619444444444448
2 0.661828125 0.7261944444444445 0.095984375 0.21824999999999997
2 0.7583671875 0.6964305555555556 0.0926328125 0.2222222222222222
2 0.8521171875 0.6597222222222222 0.0926328125 0.2202361111111111
2 0.9447578125 0.6339305555555556 0.088171875 0.20833333333333334
2 0.1183046875 0.172625 0.078125 0.16269444444444445