0 0.1690859375 0.7738055555555555 0.0658515625 0.11904166666666666
0 0.2371640625 0.7599166666666667 0.061382812499999995 0.1111111111111111
0 0.3236640625 0.7559583333333333 0.0625 0.11508333333333333
0 0.392859375 0.7440416666666667 0.0580390625 0.12301388888888888
0 0.46930468750000004 0.7400833333333333 0.061382812499999995 0.1111111111111111
0 0.5435234375 0.7232083333333333 0.060265625 0.12102777777777778
0 0.6177421875 0.7202361111111112 0.0636171875 0.11508333333333333
0 0.6902890625 0.7132916666666668 0.061382812499999995 0.10912499999999999
0 0.76171875 0.7083333333333334 0.0591484375 0.1071388888888889
2 0.5658515625 0.9464305555555554 0.0848203125 0.1071388888888889
2 0.650671875 0.9414722222222223 0.0848203125 0.11706944444444445
2 0.736046875 0.9365138888888889 0.0814765625 0.12698611111111113
2 0.8208671875 0.9325416666666666 0.083703125 0.13491666666666666
2 0.9045781249999999 0.9275833333333333 0.0814765625 0.14484722222222224
2 0.9732109375 0.9265833333333333 0.053570312499999995 0.14681944444444445