0 0.11371875000000001 0.4907361111111111 0.0694453125 0.12345833333333334
0 0.1063359375 0.6288611111111111 0.1085078125 0.125
0 0.19400781250000002 0.6118888888888889 0.0755234375 0.12191666666666667
0 0.259984375 0.5910555555555556 0.103296875 0.11727777777777777
0 0.3708515625 0.6072083333333333 0.11182031249999999 0.22959722222222223
0 0.40210156250000006 0.5151944444444444 0.05340625 0.11686111111111111
0 0.5693359375 0.5629305555555556 0.07684375 0.25195833333333334
0 0.753421875 0.5381944444444444 0.0730625 0.24088888888888887
2 0.07378124999999999 0.31095833333333334 0.0729140625 0.1466111111111111
2 0.060328124999999996 0.4066388888888888 0.11197656250000002 0.05401388888888889
2 0.46007031249999997 0.4606527777777778 0.046875 0.16204166666666667
2 0.3580703125 0.4837916666666666 0.072046875 0.165125
2 0.26996875 0.4814861111111111 0.078125 0.15740277777777778
2 0.1875 0.49845833333333334 0.0850703125 0.15740277777777778
2 0.10025781250000002 0.5100277777777779 0.087671875 0.15586111111111112
2 0.028210937499999998 0.5254583333333334 0.0494765625 0.165125
2 0.127171875 0.7569444444444444 0.09809375000000001 0.18055555555555555
2 0.2235234375 0.7361111111111112 0.0946171875 0.17593055555555556
2 0.31596875 0.7183611111111111 0.0885390625 0.17129166666666668
2 0.404515625 0.7006111111111111 0.0885390625 0.18209722222222224
2 0.493921875 0.6836388888888889 0.0885390625 0.17901388888888886
2 0.5802968749999999 0.6658888888888889 0.084203125 0.1743888888888889
2 0.6662343749999999 0.6535555555555556 0.087671875 0.17129166666666668
2 0.7556406250000001 0.6334861111111111 0.0859375 0.17747222222222223
2 0.8420156249999999 0.6172777777777778 0.0885390625 0.16975
2 0.5703125 0.9351805555555556 0.0989609375 0.129625
2 0.6692734375 0.9251527777777778 0.0989609375 0.14969444444444444
2 0.7682265625 0.9128055555555556 0.095484375 0.1743888888888889
2 0.86371875 0.9066388888888889 0.09375 0.1867222222222222
2 0.95703125 0.8942916666666666 0.0859375 0.18981944444444443