0 0.1713203125 0.5912638888888888 0.0703125 0.3015833333333333
0 0.263390625 0.5793611111111111 0.0714296875 0.297625
0 0.5380859375 0.5004305555555556 0.0997890625 0.1847916666666667
0 0.357703125 0.5426527777777778 0.072546875 0.2956388888888889
0 0.603796875 0.5029722222222222 0.0580390625 0.25595833333333334
0 0.7958984375 0.47179166666666666 0.0680546875 0.27018055555555553
0 0.66553125 0.5069444444444444 0.0936875 0.2645416666666667
0 0.7198671875 0.4870972222222222 0.0513359375 0.2956388888888889
2 0.078125 0.22420833333333334 0.0892890625 0.15873611111111113
2 0.0435234375 0.31745833333333334 0.080359375 0.07540277777777778
2 0.0463203125 0.46626388888888887 0.0859375 0.18254166666666669
2 0.138390625 0.45237499999999997 0.0848203125 0.19444444444444445
2 0.224328125 0.4305555555555556 0.0848203125 0.1745972222222222
2 0.392859375 0.3958333333333333 0.075890625 0.1686527777777778
2 0.47265625 0.38095833333333334 0.0814765625 0.17856944444444445
2 0.2935234375 0.7053611111111111 0.1026796875 0.19245833333333331
2 0.3917421875 0.6855138888888889 0.0892890625 0.19245833333333331
2 0.48382031249999996 0.6547638888888889 0.0859375 0.19841666666666669
2 0.572546875 0.639875 0.0892890625 0.19245833333333331
2 0.661828125 0.6230138888888889 0.0848203125 0.19444444444444445
2 0.75 0.6061527777777778 0.0870546875 0.19643055555555555
2 0.8387265625 0.5853194444444445 0.0859375 0.18254166666666669
2 0.9302421875 0.5664722222222223 0.0926328125 0.19643055555555555
2 0.8035703125 0.921625 0.10491406249999999 0.15675
2 0.9096015625 0.9057499999999999 0.1004453125 0.18848611111111113
2 0.9799140625 0.8958333333333334 0.0401796875 0.2043611111111111