0 0.1947578125 0.6597222222222222 0.061382812499999995 0.2956388888888889
0 0.2784609375 0.6111111111111112 0.061382812499999995 0.24602777777777776
0 0.3755546875 0.5813472222222222 0.0636171875 0.26190277777777776
0 0.43080468749999995 0.5654722222222222 0.046875 0.2738055555555555
0 0.5184140625 0.5515833333333333 0.0502265625 0.26587500000000003
0 0.6328125 0.563375 0.0772109375 0.24370833333333333
0 0.8076171875 0.54775 0.0733046875 0.25043055555555555
0 0.748046875 0.5681388888888889 0.061984375 0.2482638888888889
2 0.11328125 0.5992083333333333 0.0926328125 0.18254166666666669
2 0.032921875 0.6051527777777778 0.061382812499999995 0.19444444444444445
2 0.2081484375 0.5823472222222222 0.088171875 0.18848611111111113
2 0.296875 0.5704305555555556 0.0892890625 0.18848611111111113
2 0.3917421875 0.5545694444444444 0.0870546875 0.18055555555555555
2 0.47935156250000005 0.5436527777777778 0.0926328125 0.17856944444444445
2 0.568640625 0.5327361111111111 0.0792421875 0.20040277777777776
2 0.6517890625 0.5218194444444444 0.0870546875 0.18651388888888887
2 0.743859375 0.5119027777777778 0.088171875 0.16666666666666666
2 0.377234375 0.7936527777777778 0.1004453125 0.19444444444444445
2 0.47767968749999995 0.7797638888888888 0.0982109375 0.202375
2 0.5731015625 0.7619027777777778 0.0971015625 0.19444444444444445
2 0.670203125 0.748013888888889 0.0971015625 0.1904722222222222
2 0.767859375 0.7390833333333333 0.095984375 0.18055555555555555
2 0.86328125 0.7222222222222222 0.0948671875 0.18651388888888887
2 0.9559140625 0.7123055555555555 0.088171875 0.1904722222222222
2 0.799109375 0.9523750000000001 0.1026796875 0.0952361111111111
2 0.9034609375 0.9464305555555554 0.10602343750000001 0.1071388888888889
2 0.9810234375 0.9384861111111111 0.0379453125 0.12301388888888888