2 0.048546875 0.4236111111111111 0.0770078125 0.18848611111111113
2 0.1261171875 0.38293055555555555 0.0736640625 0.19444444444444445
2 0.204796875 0.37004166666666666 0.0792421875 0.172625
2 0.3247734375 0.44741666666666663 0.1183046875 0.08134722222222222
2 0.349328125 0.33134722222222224 0.078125 0.15079166666666666
2 0.3247734375 0.7132916666666668 0.0870546875 0.19245833333333331
2 0.40960156249999996 0.6815416666666666 0.078125 0.19245833333333331
2 0.49107031250000005 0.6488055555555555 0.078125 0.19841666666666669
2 0.5708671875 0.6230138888888889 0.0747734375 0.202375
2 0.646203125 0.5942500000000001 0.0714296875 0.19643055555555555
2 0.7221015625 0.5654722222222222 0.078125 0.202375
2 0.798546875 0.5396805555555555 0.0703125 0.19841666666666669
2 0.875 0.514875 0.0825859375 0.19245833333333331
2 0.953125 0.9325416666666666 0.09375 0.13491666666666666
0 0.1925234375 0.5972222222222222 0.068078125 0.3095277777777778
0 0.2706484375 0.5674583333333333 0.0546875 0.3015833333333333
0 0.375 0.5208333333333334 0.0691953125 0.27579166666666666
0 0.5597109375 0.48412499999999997 0.11942187500000001 0.12698611111111113
0 0.5625 0.40575 0.046875 0.13293055555555555
0 0.6395078125 0.4345277777777778 0.060265625 0.22619444444444448
0 0.7098203125 0.4166666666666667 0.0424140625 0.26587500000000003
0 0.666296875 0.40873611111111113 0.0401796875 0.24206944444444442