0 0.20703125 0.5952361111111111 0.099328125 0.14681944444444445
0 0.2924140625 0.5644861111111111 0.0892890625 0.11309722222222224
0 0.388390625 0.5495972222222222 0.0892890625 0.15079166666666666
0 0.45257031249999996 0.5297638888888889 0.072546875 0.16269444444444445
0 0.53271875 0.5438333333333334 0.0700703125 0.18738888888888888
0 0.644046875 0.5390694444444445 0.07825 0.1659027777777778
0 0.7368203125 0.5221388888888889 0.0877109375 0.10780555555555556
0 0.8232421875 0.5138888888888888 0.070921875 0.13194444444444445
2 0.201453125 0.7132916666666668 0.1015625 0.19643055555555555
2 0.298546875 0.6964305555555556 0.0903984375 0.18651388888888887
2 0.39453125 0.6835277777777777 0.0903984375 0.18848611111111113
2 0.48716406250000005 0.6706388888888889 0.0903984375 0.17856944444444445
2 0.5770078125 0.6557499999999999 0.0892890625 0.1845277777777778
2 0.66796875 0.6468194444444444 0.088171875 0.1745972222222222
2 0.7611640625 0.6359166666666667 0.0892890625 0.1845277777777778
2 0.8532343750000001 0.6230138888888889 0.088171875 0.18254166666666669
2 0.9458671875 0.6190416666666666 0.0948671875 0.18651388888888887
2 0.568078125 0.8928611111111111 0.1026796875 0.19444444444444445
2 0.6707578125 0.8869027777777778 0.0982109375 0.1904722222222222
2 0.7684140625 0.8720277777777778 0.0948671875 0.19643055555555555
2 0.8677421875 0.8611111111111112 0.099328125 0.202375
2 0.9603828125 0.8482083333333333 0.0792421875 0.20040277777777776