0 0.14974218749999998 0.6936666666666667 0.072046875 0.10648611111111111
0 0.2252578125 0.6898194444444444 0.068578125 0.09876388888888889
0 0.306421875 0.6736111111111112 0.060765625000000004 0.11265277777777778
0 0.3910625 0.6628055555555556 0.06684375000000001 0.11265277777777778
0 0.467015625 0.6574027777777778 0.064234375 0.11419444444444445
0 0.5520859375 0.6512361111111111 0.0694453125 0.10802777777777778
0 0.62846875 0.6435138888888888 0.06596874999999999 0.11419444444444445
0 0.7035625 0.6311666666666667 0.05815625 0.1111111111111111
0 0.7795156249999999 0.625 0.06596874999999999 0.10494444444444445
2 0.57465625 0.9043194444444445 0.0885390625 0.16358333333333333
2 0.6640625 0.8927499999999999 0.0885390625 0.16204166666666667
2 0.75390625 0.8850277777777779 0.0911484375 0.16204166666666667
2 0.8424453125 0.8780833333333333 0.087671875 0.16358333333333333
2 0.9318593749999999 0.8695972222222222 0.0911484375 0.16204166666666667
2 0.98784375 0.8618888888888888 0.024304687499999998 0.16204166666666667