0 0.3247734375 0.37004166666666666 0.140625 0.1527777777777778
0 0.40680468750000004 0.36606944444444445 0.0948671875 0.20833333333333334
0 0.44140625 0.6438472222222222 0.0926328125 0.30754166666666666
0 0.5496640625 0.4970277777777778 0.056921875 0.2638888888888889
0 0.611609375 0.5853194444444445 0.11383593750000001 0.25
0 0.240515625 0.7172638888888888 0.0948671875 0.24801388888888887
0 0.247765625 0.6130972222222222 0.0870546875 0.1111111111111111
2 0.1489921875 0.7995972222222223 0.052453125 0.234125
2 0.189734375 0.7370972222222223 0.0357109375 0.19643055555555555
2 0.2739921875 0.5565416666666666 0.0658515625 0.17658333333333334
2 0.3292421875 0.5019861111111111 0.1160703125 0.12698611111111113
2 0.3426328125 0.44245833333333334 0.0736640625 0.1547638888888889