0 0.1517890625 0.5029722222222222 0.1004453125 0.24404166666666668
0 0.2572578125 0.46626388888888887 0.0903984375 0.19444444444444445
0 0.45758593750000004 0.4623055555555556 0.0870546875 0.17856944444444445
0 0.3596171875 0.4713611111111111 0.0803828125 0.21820833333333337
0 0.732421875 0.4427083333333333 0.0972265625 0.20052777777777778
0 0.8237343750000001 0.4479166666666667 0.10034375 0.23958333333333334
0 0.6396484375 0.42230555555555555 0.088015625 0.16308333333333333
0 0.5537109375 0.43120833333333336 0.0772109375 0.1408472222222222
2 0.1646171875 0.609125 0.11495312499999999 0.19841666666666669
2 0.2734375 0.5962361111111112 0.1026796875 0.20040277777777776
2 0.3783515625 0.5863055555555555 0.1026796875 0.19643055555555555
2 0.48325781250000005 0.5754027777777778 0.1026796875 0.19841666666666669
2 0.5859375 0.5644861111111111 0.1004453125 0.19245833333333331
2 0.6863828125 0.5575416666666667 0.1004453125 0.1904722222222222
2 0.7890625 0.5416666666666666 0.1004453125 0.19841666666666669
2 0.8895078125 0.5327361111111111 0.1004453125 0.19245833333333331
2 0.493859375 0.7837361111111111 0.1171875 0.21429166666666666
2 0.611609375 0.7708333333333334 0.11383593750000001 0.2162638888888889
2 0.7237734375 0.7509861111111111 0.1082578125 0.20833333333333334
2 0.8342656249999999 0.7460277777777777 0.1082578125 0.21429166666666666
2 0.9441953125 0.7351249999999999 0.109375 0.20833333333333334
2 0.8828125 0.939486111111111 0.127234375 0.12102777777777778
2 0.9737734375 0.9325416666666666 0.052453125 0.13491666666666666