0 0.1238828125 0.4613055555555555 0.080359375 0.1845277777777778
0 0.2276796875 0.4642916666666667 0.0825859375 0.16269444444444445
0 0.321984375 0.44543055555555555 0.0770078125 0.19245833333333331
0 0.4208984375 0.4409722222222222 0.0803828125 0.15320833333333334
0 0.515625 0.43163888888888885 0.07146875 0.15104166666666666
0 0.822265625 0.41427777777777774 0.058351562499999995 0.143875
0 0.7138671875 0.41601388888888885 0.0675625 0.15072222222222223
0 0.623328125 0.42162499999999997 0.088171875 0.1845277777777778
2 0.546875 0.7004027777777778 0.1160703125 0.21824999999999997
2 0.6646171875 0.6914722222222223 0.1104921875 0.2043611111111111
2 0.775671875 0.6835277777777777 0.109375 0.21230555555555558
2 0.88671875 0.671625 0.11272656249999999 0.21230555555555558
2 0.9721015625 0.6686527777777778 0.055804687500000005 0.202375
2 0.9012265625 0.890875 0.1283515625 0.21824999999999997
2 0.9827031249999999 0.8859166666666667 0.0346015625 0.22818055555555555