0 0.236046875 0.6845277777777778 0.0636171875 0.234125
0 0.23828125 0.6160694444444444 0.056921875 0.25595833333333334
0 0.44085156249999996 0.5486111111111112 0.075890625 0.2162638888888889
0 0.482703125 0.610125 0.0479921875 0.2361111111111111
0 0.5625 0.5026111111111111 0.068421875 0.22808333333333333
0 0.6220703125 0.42230555555555555 0.049960937500000004 0.21636111111111112
0 0.532921875 0.5357083333333333 0.068078125 0.25397222222222227
0 0.5 0.40079166666666666 0.055804687500000005 0.15079166666666666
2 0.3666328125 0.3680555555555556 0.0546875 0.14880555555555555
2 0.3136171875 0.3958333333333333 0.0513359375 0.1527777777777778
2 0.2611640625 0.42262500000000003 0.0513359375 0.14681944444444445
2 0.1439765625 0.48015277777777776 0.0513359375 0.14681944444444445
2 0.1724296875 0.5942500000000001 0.1082578125 0.10119444444444445
2 0.0267890625 0.5446388888888889 0.044640625 0.1686527777777778
2 0.49330468749999995 0.8005972222222222 0.053570312499999995 0.18848611111111113
2 0.5513359375 0.7579305555555556 0.0580390625 0.1745972222222222
2 0.609375 0.7212361111111111 0.055804687500000005 0.1845277777777778
2 0.6668515625 0.6865138888888889 0.0546875 0.1706388888888889
2 0.720421875 0.6527777777777778 0.0502265625 0.17856944444444445
2 0.7728828125 0.610125 0.0502265625 0.172625
2 0.8247734375 0.5793611111111111 0.0513359375 0.1706388888888889
2 0.8766718750000001 0.5495972222222222 0.0479921875 0.16666666666666666
2 0.9263359375 0.5168611111111111 0.049109375 0.16070833333333331