0 0.2265625 0.671625 0.0580390625 0.2638888888888889
0 0.46763281250000005 0.6259861111111111 0.060265625 0.2361111111111111
0 0.5691953125 0.46825 0.046875 0.22619444444444448
0 0.611328125 0.5364583333333334 0.0759921875 0.231125
0 0.2605 0.6072083333333333 0.0497734375 0.23329166666666667
0 0.54296875 0.5416666666666666 0.0770078125 0.234125
0 0.48102343750000004 0.5426527777777778 0.053570312499999995 0.16070833333333331
2 0.12053906249999999 0.29068055555555555 0.064734375 0.14484722222222224
2 0.05859375 0.31151388888888887 0.061382812499999995 0.1547638888888889
2 0.015070312499999999 0.32540277777777776 0.025671875 0.15079166666666666
2 0.0401796875 0.6309583333333334 0.0736640625 0.18254166666666669
2 0.11328125 0.6011944444444445 0.072546875 0.16269444444444445
2 0.2020078125 0.6081388888888889 0.0825859375 0.13690277777777776
2 0.2806953125 0.6150833333333333 0.11942187500000001 0.05555555555555555
2 0.3136171875 0.5307499999999999 0.0714296875 0.1686527777777778
2 0.3995546875 0.5674583333333333 0.109375 0.051583333333333335
2 0.435828125 0.4791666666666667 0.0591484375 0.16070833333333331
2 0.497765625 0.45337500000000003 0.060265625 0.1527777777777778
2 0.5597109375 0.43254166666666666 0.0591484375 0.15079166666666666
2 0.5630546875 0.8343194444444445 0.072546875 0.19643055555555555
2 0.6333671875 0.7976249999999999 0.0636171875 0.18651388888888887
2 0.7003359375 0.7698472222222221 0.0658515625 0.18651388888888887
2 0.767859375 0.7390833333333333 0.064734375 0.17658333333333334
2 0.8337031250000001 0.7123055555555555 0.0625 0.18254166666666669
2 0.8967656249999999 0.6785694444444444 0.0591484375 0.18254166666666669
2 0.9626093750000001 0.6537638888888888 0.068078125 0.17658333333333334