0 0.169640625 0.7509861111111111 0.0669609375 0.14484722222222224
0 0.2393984375 0.7450416666666666 0.0502265625 0.14484722222222224
0 0.3275703125 0.7361111111111112 0.0703125 0.14681944444444445
0 0.3956484375 0.7321388888888889 0.0546875 0.13491666666666666
0 0.46596093749999995 0.7162638888888889 0.0636171875 0.1388888888888889
0 0.544640625 0.7113055555555555 0.0580390625 0.14880555555555555
0 0.6065859375 0.7093194444444444 0.061382812499999995 0.13293055555555555
0 0.6925234375 0.7013888888888888 0.061382812499999995 0.11706944444444445
0 0.763390625 0.6904722222222222 0.0580390625 0.12698611111111113
2 0.5658515625 0.9434583333333333 0.0870546875 0.11309722222222224
2 0.650671875 0.9414722222222223 0.080359375 0.11706944444444445
2 0.734375 0.935513888888889 0.0825859375 0.1289722222222222
2 0.8203125 0.9315416666666667 0.0825859375 0.13690277777777776
2 0.9045781249999999 0.9295694444444444 0.0814765625 0.140875
2 0.9732109375 0.9265833333333333 0.053570312499999995 0.14681944444444445