0 0.162390625 0.6240138888888889 0.061382812499999995 0.1845277777777778
0 0.2421875 0.6081388888888889 0.0736640625 0.21230555555555558
0 0.377234375 0.609125 0.0580390625 0.26587500000000003
0 0.43471093749999995 0.5843194444444444 0.0546875 0.2638888888888889
0 0.49944531249999996 0.5357083333333333 0.083703125 0.1745972222222222
0 0.6060234375 0.547625 0.060265625 0.21824999999999997
0 0.65234375 0.46626388888888887 0.088171875 0.12698611111111113
0 0.763953125 0.4791666666666667 0.1104921875 0.17658333333333334
2 0.0775703125 0.25595833333333334 0.072546875 0.1428611111111111
2 0.021765625 0.26190277777777776 0.0390625 0.14681944444444445
2 0.032921875 0.4553611111111111 0.052453125 0.16070833333333331
2 0.1015625 0.44245833333333334 0.0825859375 0.16666666666666666
2 0.18359375 0.42856944444444445 0.0814765625 0.1547638888888889
2 0.2628359375 0.4196388888888889 0.0747734375 0.15675
2 0.3392890625 0.40376388888888887 0.078125 0.1527777777777778
2 0.41517968749999995 0.39087500000000003 0.0691953125 0.15079166666666666
2 0.1294609375 0.6736111111111112 0.080359375 0.172625
2 0.220984375 0.6656805555555556 0.091515625 0.1527777777777778
2 0.30078125 0.6438472222222222 0.0948671875 0.172625
2 0.390625 0.6240138888888889 0.0848203125 0.1686527777777778
2 0.47600781249999996 0.609125 0.0814765625 0.16666666666666666
2 0.556921875 0.5962361111111112 0.080359375 0.16468055555555555
2 0.638390625 0.577375 0.080359375 0.16269444444444445
2 0.720984375 0.5595277777777778 0.0848203125 0.1745972222222222
2 0.80078125 0.5515833333333333 0.0770078125 0.16269444444444445
2 0.549109375 0.8799583333333334 0.09375 0.1845277777777778
2 0.6417421875 0.8611111111111112 0.091515625 0.1904722222222222
2 0.734375 0.8194444444444444 0.09375 0.1388888888888889
2 0.828125 0.8234166666666667 0.09375 0.18651388888888887
2 0.9196406250000001 0.8075416666666666 0.0892890625 0.17856944444444445
2 0.9821406250000001 0.7986111111111112 0.0357109375 0.18055555555555555