0 0.1981015625 0.5863055555555555 0.1328125 0.14484722222222224
0 0.3270078125 0.6894861111111111 0.0580390625 0.25595833333333334
0 0.6043515625 0.6190416666666666 0.0971015625 0.2222222222222222
0 0.3431953125 0.44940277777777776 0.1104921875 0.09325
0 0.51953125 0.48133333333333334 0.0725078125 0.23155555555555554
0 0.3699765625 0.5396805555555555 0.0770078125 0.1904722222222222
0 0.3800234375 0.36309722222222224 0.1171875 0.10318055555555557
0 0.3666328125 0.32241666666666663 0.1238828125 0.11309722222222224
2 0.22600781250000002 0.7281805555555555 0.0301328125 0.18651388888888887
2 0.2544609375 0.6805555555555556 0.0267890625 0.16269444444444445
2 0.28125 0.625 0.0245546875 0.15873611111111113
2 0.3058046875 0.5813472222222222 0.0245546875 0.15873611111111113
2 0.3314765625 0.5386944444444445 0.0267890625 0.14484722222222224
2 0.41796875 0.37698611111111113 0.025671875 0.1428611111111111
2 0.38671875 0.4375 0.0323671875 0.13690277777777776