0 0.21539843749999998 0.6755972222222222 0.0870546875 0.2876944444444444
0 0.2661796875 0.6279722222222222 0.0703125 0.2837361111111111
0 0.2778984375 0.4305555555555556 0.0691953125 0.26984722222222224
0 0.40513281250000005 0.5932499999999999 0.064734375 0.29365277777777776
0 0.5809140625 0.5347222222222222 0.12164843750000001 0.140875
0 0.6026796875 0.45734722222222224 0.0580390625 0.16070833333333331
0 0.5457578125 0.4126944444444444 0.049109375 0.2301527777777778
0 0.5982109375 0.34425 0.049109375 0.13690277777777776
2 0.42242968750000004 0.7956388888888889 0.0792421875 0.2222222222222222
2 0.48939843749999995 0.7440416666666667 0.0591484375 0.21031944444444445
2 0.5479921875 0.7053611111111111 0.0625 0.21230555555555558
2 0.6088203125 0.6636944444444445 0.061382812499999995 0.2043611111111111
2 0.6685234375 0.6388888888888888 0.053570312499999995 0.2222222222222222
2 0.7232109375 0.5942500000000001 0.053570312499999995 0.21230555555555558
2 0.779578125 0.5644861111111111 0.0457578125 0.21230555555555558
2 0.8303593749999999 0.515875 0.060265625 0.1706388888888889
2 0.239953125 0.3581388888888889 0.0669609375 0.18848611111111113
2 0.1830390625 0.39087500000000003 0.064734375 0.18651388888888887
2 0.1160703125 0.41865277777777776 0.080359375 0.18254166666666669
2 0.154578125 0.5218194444444444 0.146203125 0.10318055555555557
2 0.017859375 0.46925 0.0267890625 0.18055555555555555
2 0.0223203125 0.6061527777777778 0.0379453125 0.07341666666666667