0 0.162390625 0.6845277777777778 0.068078125 0.1428611111111111
0 0.24609375 0.6865138888888889 0.0591484375 0.1428611111111111
0 0.32421875 0.6788194444444444 0.0633515625 0.11902777777777779
0 0.46655468750000006 0.6579861111111112 0.0549921875 0.12869444444444444
0 0.7578125 0.6263055555555556 0.048125 0.129125
0 0.5400390625 0.6510416666666666 0.0563359375 0.11881944444444444
0 0.6748046875 0.6423611111111112 0.0646328125 0.11143055555555556
0 0.6137734375 0.6445277777777778 0.061984375 0.11859722222222223
0 0.392859375 0.6676527777777778 0.064734375 0.13690277777777776
2 0.560828125 0.9017916666666667 0.0859375 0.16070833333333331
2 0.6450859375 0.8888888888888888 0.0825859375 0.15873611111111113
2 0.7299140625 0.8799583333333334 0.078125 0.15675
2 0.8130546875 0.8759861111111111 0.0770078125 0.16070833333333331
2 0.8950859375 0.8660694444444446 0.080359375 0.16468055555555555
2 0.9681953125 0.8581388888888889 0.0636171875 0.15675