0 0.1629453125 0.6319444444444444 0.078125 0.2202361111111111
0 0.2354921875 0.6160694444444444 0.0669609375 0.25198611111111113
0 0.41294531250000005 0.5744027777777778 0.11383593750000001 0.140875
0 0.431921875 0.5704305555555556 0.080359375 0.21230555555555558
0 0.5050234375 0.5436527777777778 0.068078125 0.25397222222222227
0 0.7529296875 0.49219444444444443 0.0451015625 0.22808333333333333
0 0.6254921875 0.5186666666666666 0.0582265625 0.2558611111111111
0 0.599328125 0.5386944444444445 0.064734375 0.2162638888888889
2 0.1222109375 0.2748055555555556 0.0747734375 0.14484722222222224
2 0.046875 0.28968055555555555 0.0714296875 0.1547638888888889
2 0.0301328125 0.5069444444444444 0.0513359375 0.1686527777777778
2 0.0965390625 0.4890833333333333 0.0814765625 0.16468055555555555
2 0.177453125 0.4791666666666667 0.078125 0.16468055555555555
2 0.255578125 0.46031944444444445 0.075890625 0.16269444444444445
2 0.3314765625 0.44643055555555555 0.0736640625 0.16269444444444445
2 0.420203125 0.44245833333333334 0.0792421875 0.15873611111111113
2 0.48382031249999996 0.4206388888888889 0.0770078125 0.15873611111111113
2 0.247765625 0.7242083333333332 0.091515625 0.1745972222222222
2 0.3370546875 0.7063472222222222 0.0848203125 0.1745972222222222
2 0.421875 0.6845277777777778 0.0825859375 0.1745972222222222
2 0.50390625 0.6686527777777778 0.0814765625 0.1745972222222222
2 0.584265625 0.6537638888888888 0.0770078125 0.172625
2 0.6646171875 0.6339305555555556 0.0770078125 0.16468055555555555
2 0.744421875 0.6180555555555556 0.080359375 0.16468055555555555
2 0.8247734375 0.5962361111111112 0.075890625 0.172625
2 0.9040156250000001 0.5853194444444445 0.078125 0.17856944444444445
2 0.71484375 0.9255972222222222 0.0903984375 0.14880555555555555
2 0.8063593750000001 0.9146805555555556 0.0903984375 0.1706388888888889
2 0.8984375 0.9007916666666668 0.091515625 0.18254166666666669
2 0.97265625 0.890875 0.0546875 0.19444444444444445