0 0.1596015625 0.6438472222222222 0.060265625 0.24801388888888887
0 0.2410703125 0.6468194444444444 0.0691953125 0.25793055555555555
0 0.3113828125 0.6160694444444444 0.046875 0.2361111111111111
0 0.517578125 0.5963611111111111 0.0665859375 0.20540277777777777
0 0.425296875 0.6106805555555556 0.0699453125 0.1909722222222222
0 0.6586953125 0.5759583333333333 0.0681796875 0.20865277777777777
0 0.73975 0.5785555555555556 0.051546875000000006 0.2185277777777778
0 0.5844765625 0.5876805555555555 0.059203125 0.20366666666666663
2 0.337609375 0.7876944444444445 0.10379687500000001 0.18254166666666669
2 0.435265625 0.7738055555555555 0.0892890625 0.17856944444444445
2 0.52734375 0.7619027777777778 0.088171875 0.18651388888888887
2 0.6160703125 0.7490138888888889 0.0848203125 0.1845277777777778
2 0.7042421875 0.7370972222222223 0.0848203125 0.18055555555555555
2 0.7924140625 0.7321388888888889 0.0848203125 0.1706388888888889
2 0.8839296875 0.7192500000000001 0.0825859375 0.172625
2 0.9637265625 0.7152777777777778 0.072546875 0.18848611111111113
2 0.6908515625 0.9375 0.095984375 0.125
2 0.790734375 0.9285694444444446 0.0926328125 0.1428611111111111
2 0.8883906250000001 0.9255972222222222 0.095984375 0.14880555555555555
2 0.96875 0.9226249999999999 0.0625 0.1547638888888889