0 0.0833359375 0.6913611111111111 0.0572890625 0.27469444444444446
0 0.1827265625 0.6797777777777778 0.05815625 0.2638888888888889
0 0.204859375 0.5 0.046875 0.2530833333333333
0 0.2504375 0.6404305555555556 0.056421874999999996 0.25
0 0.34765625 0.620375 0.068578125 0.24691666666666667
0 0.46007031249999997 0.6658888888888889 0.07465625000000001 0.10648611111111111
0 0.59028125 0.584875 0.0694453125 0.25616666666666665
0 0.711375 0.6165138888888889 0.0928828125 0.125
0 0.75825 0.5702222222222222 0.06684375000000001 0.2361111111111111
2 0.5403671875 0.5162083333333334 0.08246875000000001 0.16204166666666667
2 0.208765625 0.5555555555555556 0.08246875000000001 0.1605
2 0.12065624999999999 0.5740694444444444 0.0885390625 0.15740277777777778
2 0.038625 0.5841111111111111 0.07378124999999999 0.15586111111111112
2 0.19878125 0.7831805555555555 0.0989609375 0.1743888888888889
2 0.2942734375 0.7662083333333333 0.092015625 0.17747222222222223
2 0.38585156249999997 0.7554027777777778 0.0911484375 0.17747222222222223
2 0.476125 0.7391944444444445 0.0911484375 0.17283333333333334
2 0.5672734375 0.723 0.08940624999999999 0.17747222222222223
2 0.6579843750000001 0.7106527777777778 0.09028125000000001 0.17747222222222223
2 0.7452265625 0.6975277777777779 0.0859375 0.16975
2 0.8333359375 0.6844166666666667 0.0868046875 0.18055555555555555
2 0.9210078125000001 0.6759305555555556 0.09028125000000001 0.17593055555555556
2 0.5933125 0.9413611111111111 0.099828125 0.11727777777777777
2 0.6935781249999999 0.9351805555555556 0.09721874999999999 0.129625
2 0.7916640625 0.9274722222222221 0.0989609375 0.14505555555555555
2 0.8897578125000001 0.9189861111111111 0.0989609375 0.16204166666666667
2 0.96875 0.9135833333333333 0.0625 0.17283333333333334