0 0.1768984375 0.5376944444444445 0.0747734375 0.2738055555555555
0 0.2550234375 0.5069444444444444 0.072546875 0.25595833333333334
0 0.3722109375 0.5019861111111111 0.061382812499999995 0.3015833333333333
0 0.61865625 0.4392361111111111 0.085265625 0.26019444444444445
0 0.69678125 0.4574722222222222 0.0705546875 0.27755555555555556
0 0.491703125 0.5121527777777778 0.068421875 0.27018055555555553
0 0.54053125 0.4835138888888889 0.058773437500000004 0.29015277777777776
2 0.260046875 0.26190277777777776 0.0825859375 0.1706388888888889
2 0.17578125 0.27579166666666666 0.083703125 0.1706388888888889
2 0.087609375 0.28968055555555555 0.088171875 0.1706388888888889
2 0.0228828125 0.3015833333333333 0.0390625 0.17856944444444445
2 0.046875 0.5515833333333333 0.0870546875 0.19444444444444445
2 0.1395078125 0.5307499999999999 0.0892890625 0.18055555555555555
2 0.2315859375 0.5129027777777778 0.0971015625 0.18055555555555555
2 0.328125 0.49504166666666666 0.095984375 0.19245833333333331
2 0.420203125 0.4751944444444444 0.088171875 0.1845277777777778
2 0.6060234375 0.4513888888888889 0.075890625 0.17658333333333334
2 0.6841484375 0.42559722222222224 0.080359375 0.17658333333333334
2 0.41127343749999995 0.7946388888888889 0.099328125 0.2043611111111111
2 0.510046875 0.7728194444444444 0.0982109375 0.19643055555555555
2 0.609375 0.748013888888889 0.1026796875 0.202375
2 0.709265625 0.7242083333333332 0.0971015625 0.19841666666666669
2 0.8074765625 0.7043611111111111 0.099328125 0.19841666666666669
2 0.9056953125 0.6855138888888889 0.0971015625 0.20040277777777776
2 0.9771171875 0.6666666666666666 0.0457578125 0.202375
2 0.9587031250000001 0.9742083333333332 0.0825859375 0.051583333333333335