0 0.170203125 0.7698472222222221 0.068078125 0.12301388888888888
0 0.23828125 0.7599166666666667 0.056921875 0.1111111111111111
0 0.3203125 0.7539722222222223 0.0669609375 0.1071388888888889
0 0.388390625 0.7460277777777777 0.0580390625 0.10318055555555557
0 0.46986718749999995 0.7390833333333333 0.060265625 0.10515277777777778
0 0.5418515625 0.7271805555555556 0.0591484375 0.11309722222222224
0 0.6138359375 0.7132916666666668 0.064734375 0.10515277777777778
0 0.685828125 0.7123055555555555 0.0658515625 0.0952361111111111
0 0.7578125 0.703375 0.060265625 0.09325
2 0.5669609375 0.9454305555555556 0.0870546875 0.10912499999999999
2 0.6534609375 0.939486111111111 0.0792421875 0.12102777777777778
2 0.7354921875 0.935513888888889 0.080359375 0.1289722222222222
2 0.8180781250000001 0.9345277777777778 0.0825859375 0.13095833333333334
2 0.9051328125 0.9245972222222223 0.080359375 0.15079166666666666
2 0.9737734375 0.9285694444444446 0.052453125 0.1428611111111111