0 0.20703125 0.5962361111111112 0.0658515625 0.24404166666666668
0 0.310265625 0.5982083333333333 0.055804687500000005 0.21230555555555558
0 0.392859375 0.5803611111111111 0.0736640625 0.19245833333333331
0 0.49609375 0.5813472222222222 0.068078125 0.2063472222222222
0 0.572546875 0.5763888888888888 0.064734375 0.19245833333333331
0 0.646203125 0.5684583333333334 0.0513359375 0.20833333333333334
0 0.736046875 0.5585277777777777 0.056921875 0.22420833333333334
0 0.8325859375 0.546625 0.0580390625 0.19643055555555555
2 0.48716406250000005 0.7986111111111112 0.0948671875 0.172625
2 0.579796875 0.7876944444444445 0.0903984375 0.1745972222222222
2 0.6724296875 0.7748055555555555 0.0903984375 0.172625
2 0.7645078125 0.7629027777777777 0.091515625 0.1686527777777778
2 0.8577031249999999 0.7549583333333334 0.0948671875 0.17658333333333334
2 0.9520078125 0.7460277777777777 0.0892890625 0.1706388888888889
2 0.8465390625 0.9474166666666667 0.10379687500000001 0.10515277777777778
2 0.9486640625 0.9454305555555556 0.1026796875 0.10912499999999999