0 0.161828125 0.6160694444444444 0.049109375 0.25595833333333334
0 0.248328125 0.5803611111111111 0.0792421875 0.21230555555555558
0 0.41852343750000004 0.5972222222222222 0.046875 0.234125
0 0.3856015625 0.5416666666666666 0.056921875 0.19841666666666669
0 0.474890625 0.546625 0.0457578125 0.23213888888888887
0 0.579796875 0.5376944444444445 0.0591484375 0.21824999999999997
0 0.6333671875 0.5049583333333333 0.0546875 0.2162638888888889
0 0.6796875 0.4761944444444445 0.055804687500000005 0.21031944444444445
0 0.697546875 0.4305555555555556 0.055804687500000005 0.21429166666666666
2 0.126671875 0.3125 0.061382812499999995 0.13293055555555555
2 0.21819531250000002 0.3640833333333333 0.0926328125 0.05356944444444445
2 0.060828125 0.32540277777777776 0.0658515625 0.1388888888888889
2 0.0167421875 0.5654722222222222 0.0267890625 0.16269444444444445
2 0.091515625 0.6041666666666666 0.0982109375 0.04959722222222222
2 0.1417421875 0.5327361111111111 0.0714296875 0.140875
2 0.21428906250000002 0.5138888888888888 0.0691953125 0.1547638888888889
2 0.28515625 0.4990138888888889 0.0703125 0.14880555555555555
2 0.353234375 0.48015277777777776 0.061382812499999995 0.1547638888888889
2 0.43247656250000005 0.46825 0.068078125 0.12301388888888888
2 0.48883593750000004 0.4504027777777778 0.060265625 0.1388888888888889
2 0.3995546875 0.7539722222222223 0.075890625 0.15873611111111113
2 0.474890625 0.7301527777777779 0.0747734375 0.16269444444444445
2 0.5496640625 0.7123055555555555 0.0747734375 0.15873611111111113
2 0.6255546875 0.6884861111111111 0.0747734375 0.16666666666666666
2 0.69921875 0.6706388888888889 0.072546875 0.15873611111111113
2 0.7723203125 0.6507916666666667 0.0691953125 0.16269444444444445
2 0.8448671875 0.6339305555555556 0.0714296875 0.16468055555555555
2 0.9168515625 0.6111111111111112 0.0703125 0.15873611111111113
2 0.9765625 0.5992083333333333 0.046875 0.15873611111111113
2 0.8939765625 0.9444444444444444 0.080359375 0.1111111111111111
2 0.9681953125 0.9285694444444446 0.0636171875 0.1428611111111111