0 0.14453125 0.5763888888888888 0.0591484375 0.23213888888888887
0 0.2533515625 0.5644861111111111 0.0513359375 0.2361111111111111
0 0.3989921875 0.5813472222222222 0.052453125 0.234125
0 0.396203125 0.5297638888888889 0.053570312499999995 0.2222222222222222
0 0.49888281250000005 0.5257916666666667 0.060265625 0.2222222222222222
0 0.58984375 0.515875 0.052453125 0.21429166666666666
0 0.6528984375 0.4870972222222222 0.049109375 0.20833333333333334
0 0.7081484375 0.4504027777777778 0.0457578125 0.18254166666666669
0 0.783484375 0.45237499999999997 0.0669609375 0.21429166666666666
2 0.0697578125 0.3402777777777778 0.072546875 0.140875
2 0.0184140625 0.3472222222222222 0.0278984375 0.1428611111111111
2 0.03125 0.5634861111111111 0.060265625 0.16269444444444445
2 0.1043515625 0.5456388888888889 0.083703125 0.16269444444444445
2 0.1863828125 0.5287638888888888 0.080359375 0.15675
2 0.2667421875 0.515875 0.078125 0.16269444444444445
2 0.34375 0.5 0.0736640625 0.15873611111111113
2 0.41796875 0.4870972222222222 0.072546875 0.1527777777777778
2 0.49163281249999996 0.4761944444444445 0.072546875 0.15079166666666666
2 0.5658515625 0.4583333333333333 0.0691953125 0.15873611111111113
2 0.412390625 0.748013888888889 0.0814765625 0.16666666666666666
2 0.49497656250000005 0.7301527777777779 0.083703125 0.1706388888888889
2 0.5792421875 0.7103194444444445 0.0825859375 0.16269444444444445
2 0.6612734375 0.6944444444444444 0.0814765625 0.1706388888888889
2 0.7427421875 0.6785694444444444 0.0792421875 0.1706388888888889
2 0.8236640625 0.6567500000000001 0.080359375 0.16666666666666666
2 0.9034609375 0.6478194444444445 0.0792421875 0.172625
2 0.97265625 0.6309583333333334 0.0546875 0.1706388888888889
2 0.9631718749999999 0.9285694444444446 0.0736640625 0.1428611111111111
2 0.8761171875 0.9404722222222222 0.0870546875 0.11904166666666666