0 0.200890625 0.7093194444444444 0.0625 0.24801388888888887
0 0.2862734375 0.6994027777777778 0.0479921875 0.2361111111111111
0 0.3761171875 0.6855138888888889 0.0625 0.2202361111111111
0 0.4243203125 0.6662361111111111 0.057710937500000004 0.22461111111111112
0 0.515140625 0.6714444444444444 0.046632812499999995 0.22418055555555555
0 0.6845703125 0.6527777777777778 0.0557265625 0.22125
0 0.8335000000000001 0.6271666666666667 0.050992187499999994 0.22547222222222224
0 0.554203125 0.6467083333333333 0.0531953125 0.2064861111111111
0 0.757328125 0.6310833333333333 0.0621015625 0.21516666666666664
2 0.267296875 0.7807499999999999 0.083703125 0.15675
2 0.3515625 0.7718194444444445 0.078125 0.15873611111111113
2 0.431921875 0.7638888888888888 0.080359375 0.15873611111111113
2 0.5128359375 0.7470277777777778 0.0770078125 0.1527777777777778
2 0.5909609375 0.7400833333333333 0.0792421875 0.1547638888888889
2 0.6707578125 0.7291666666666666 0.080359375 0.1527777777777778
2 0.7494453125 0.7182499999999999 0.0770078125 0.15079166666666666
2 0.8275703125 0.7083333333333334 0.0770078125 0.1547638888888889
2 0.9051328125 0.702375 0.075890625 0.1428611111111111
2 0.578125 0.9305555555555556 0.0892890625 0.1388888888888889
2 0.6674140625 0.9236111111111112 0.0870546875 0.1527777777777778
2 0.755578125 0.9156805555555555 0.0870546875 0.16070833333333331
2 0.8420781249999999 0.9126944444444445 0.0859375 0.16666666666666666
2 0.9285703125 0.8998055555555555 0.0870546875 0.16468055555555555
2 0.9877265625 0.8998055555555555 0.0245546875 0.172625