0 0.1417421875 0.6001944444444445 0.055804687500000005 0.24008333333333334
0 0.189171875 0.5654722222222222 0.0502265625 0.25793055555555555
0 0.3136171875 0.5763888888888888 0.0669609375 0.25198611111111113
0 0.6746640625 0.4990138888888889 0.0546875 0.2678611111111111
0 0.5068359375 0.5134583333333333 0.0681796875 0.24913888888888888
0 0.41723437499999994 0.55425 0.065 0.25845833333333335
0 0.7841796875 0.48741666666666666 0.057710937500000004 0.2482638888888889
0 0.7646484375 0.42165277777777777 0.042875 0.1909722222222222
0 0.5379453125 0.4990138888888889 0.0357109375 0.24008333333333334
2 0.181921875 0.26190277777777776 0.078125 0.14681944444444445
2 0.10714062499999999 0.2748055555555556 0.0714296875 0.14880555555555555
2 0.0385078125 0.2876944444444444 0.0703125 0.15079166666666666
2 0.0200859375 0.5099166666666667 0.0357109375 0.1745972222222222
2 0.0792421875 0.49206944444444445 0.080359375 0.16666666666666666
2 0.1590390625 0.4732083333333333 0.0792421875 0.16070833333333331
2 0.2393984375 0.46031944444444445 0.0770078125 0.15873611111111113
2 0.31640625 0.44345833333333334 0.072546875 0.16070833333333331
2 0.46819531249999996 0.4156805555555556 0.072546875 0.15675
2 0.5424140625 0.3998055555555556 0.0714296875 0.1527777777777778
2 0.41127343749999995 0.4613055555555555 0.11495312499999999 0.08929166666666667
2 0.3091484375 0.7132916666666668 0.0870546875 0.18055555555555555
2 0.3973203125 0.6894861111111111 0.0825859375 0.17658333333333334
2 0.48102343750000004 0.672625 0.0848203125 0.17856944444444445
2 0.564171875 0.6517916666666667 0.0792421875 0.172625
2 0.6450859375 0.6379027777777778 0.078125 0.17658333333333334
2 0.7260078125 0.6180555555555556 0.0814765625 0.1686527777777778
2 0.8063593750000001 0.6001944444444445 0.0770078125 0.172625
2 0.8872734375 0.5843194444444444 0.078125 0.17658333333333334
2 0.9637265625 0.5724166666666667 0.072546875 0.172625
2 0.7767890625 0.9176527777777779 0.0892890625 0.16468055555555555
2 0.87109375 0.9047638888888888 0.0948671875 0.1904722222222222
2 0.9592656249999999 0.890875 0.0814765625 0.19444444444444445