2 0.6121640625 0.8849166666666667 0.1171875 0.17856944444444445
2 0.7181953125 0.8680555555555556 0.0926328125 0.1845277777777778
2 0.8175234375 0.8571388888888889 0.0926328125 0.18651388888888887
2 0.9112734375 0.8501944444444445 0.0903984375 0.18848611111111113
2 0.9782343750000001 0.8402777777777778 0.0435234375 0.2043611111111111
0 0.1640625 0.6339305555555556 0.0825859375 0.1686527777777778
0 0.25390625 0.6259861111111111 0.0747734375 0.16468055555555555
0 0.5126953125 0.6033055555555555 0.0681796875 0.13606944444444444
0 0.3498515625 0.6189305555555555 0.08465625 0.15072222222222223
0 0.443359375 0.609375 0.0754375 0.15104166666666666
0 0.671390625 0.5898472222222222 0.065859375 0.1333611111111111
0 0.599609375 0.5972222222222222 0.0686640625 0.13530555555555557
0 0.755859375 0.5802916666666667 0.0673203125 0.1333611111111111