0 0.181359375 0.6309583333333334 0.056921875 0.21824999999999997
0 0.267296875 0.6458333333333334 0.0658515625 0.22818055555555555
0 0.3364921875 0.6220277777777778 0.061382812499999995 0.2162638888888889
0 0.431921875 0.6240138888888889 0.064734375 0.22420833333333334
0 0.5267890625 0.6061527777777778 0.060265625 0.2162638888888889
0 0.5971015625 0.6041666666666666 0.055804687500000005 0.20833333333333334
0 0.6746640625 0.5962361111111112 0.0502265625 0.23213888888888887
0 0.752234375 0.5833333333333334 0.0691953125 0.2063472222222222
2 0.54296875 0.8759861111111111 0.1082578125 0.19643055555555555
2 0.64453125 0.8620972222222223 0.0859375 0.1845277777777778
2 0.7338203125 0.8462361111111111 0.088171875 0.18848611111111113
2 0.8270078125 0.8392916666666667 0.0870546875 0.19444444444444445
2 0.9168515625 0.8303611111111111 0.088171875 0.1845277777777778
2 0.9810234375 0.8273750000000001 0.0379453125 0.19841666666666669
2 0.9793515625 0.9771805555555556 0.041296875 0.04563888888888889
2 0.9001093750000001 0.9811527777777778 0.11272656249999999 0.03769444444444445