0 0.1808046875 0.6259861111111111 0.10714062499999999 0.20040277777777776
0 0.1925234375 0.546625 0.088171875 0.10119444444444445
0 0.30859375 0.5376944444444445 0.1104921875 0.12301388888888888
0 0.3861640625 0.5119027777777778 0.11383593750000001 0.11508333333333333
0 0.72021875 0.45920833333333333 0.08728125 0.10525
0 0.5869140625 0.5347222222222222 0.0869140625 0.21451388888888887
0 0.806640625 0.45920833333333333 0.102296875 0.12120833333333333
0 0.44028906250000005 0.49602777777777773 0.061382812499999995 0.09920833333333334
0 0.521765625 0.5109166666666667 0.041296875 0.27181944444444445
2 0.029015625 0.2529722222222222 0.046875 0.15675
2 0.0703125 0.45337500000000003 0.078125 0.16070833333333331
2 0.1484375 0.43551388888888887 0.075890625 0.15675
2 0.240515625 0.4404722222222222 0.099328125 0.11904166666666666
2 0.3002265625 0.40873611111111113 0.080359375 0.15079166666666666
2 0.3878359375 0.4722222222222222 0.1015625 0.06745833333333333
2 0.015070312499999999 0.4702361111111111 0.025671875 0.1745972222222222
2 0.1395078125 0.7073472222222222 0.0892890625 0.17658333333333334
2 0.228234375 0.6835277777777777 0.0859375 0.172625
2 0.3136171875 0.6666666666666666 0.0848203125 0.16666666666666666
2 0.3984375 0.6448472222222222 0.080359375 0.1706388888888889
2 0.48046875 0.6210277777777777 0.083703125 0.1745972222222222
2 0.560828125 0.6041666666666666 0.0770078125 0.1686527777777778
2 0.6378359375 0.5902777777777778 0.0770078125 0.16468055555555555
2 0.717078125 0.5704305555555556 0.0814765625 0.1686527777777778
2 0.796875 0.5505972222222222 0.078125 0.16070833333333331
2 0.609375 0.9136944444444445 0.09375 0.172625
2 0.7003359375 0.8958333333333334 0.088171875 0.18848611111111113
2 0.791296875 0.8789722222222223 0.0870546875 0.19444444444444445
2 0.8800234375 0.8581388888888889 0.088171875 0.19643055555555555
2 0.9620546875 0.8402777777777778 0.075890625 0.19245833333333331