0 0.138953125 0.6587361111111112 0.0859375 0.22619444444444448
0 0.2237734375 0.7281805555555555 0.099328125 0.234125
0 0.3643984375 0.6755972222222222 0.0546875 0.24404166666666668
0 0.419640625 0.5495972222222222 0.055804687500000005 0.21824999999999997
0 0.45758593750000004 0.6021805555555555 0.091515625 0.1686527777777778
0 0.45190625000000006 0.4149305555555556 0.0648828125 0.20258333333333337
0 0.5810546875 0.507375 0.0885 0.19780555555555554
0 0.713171875 0.43254166666666666 0.1316953125 0.1071388888888889
2 0.1997734375 0.3988055555555555 0.0379453125 0.1547638888888889
2 0.1573671875 0.4365138888888889 0.0401796875 0.1547638888888889
2 0.1171875 0.46031944444444445 0.0379453125 0.15079166666666666
2 0.071984375 0.5 0.0435234375 0.15079166666666666
2 0.02734375 0.5357083333333333 0.0435234375 0.16666666666666666
2 0.44028906250000005 0.8244027777777778 0.041296875 0.1845277777777778
2 0.48325781250000005 0.7728194444444444 0.0424140625 0.18055555555555555
2 0.525671875 0.734125 0.0401796875 0.18254166666666669
2 0.5658515625 0.6954305555555556 0.0379453125 0.1686527777777778
2 0.6026796875 0.6507916666666667 0.033484375 0.1706388888888889
2 0.6378359375 0.610125 0.0346015625 0.16468055555555555
2 0.6746640625 0.5823472222222222 0.036828125 0.15675
2 0.7103828125 0.5446388888888889 0.0323671875 0.16468055555555555
2 0.7433046875 0.5109166666666667 0.033484375 0.1527777777777778