2 0.056359375 0.31051388888888887 0.052453125 0.16468055555555555
2 0.0189765625 0.3422638888888889 0.0357109375 0.172625
2 0.044640625 0.4613055555555555 0.0870546875 0.06547222222222222
2 0.021203125 0.5188472222222222 0.0424140625 0.10119444444444445
0 0.259484375 0.6696388888888889 0.1171875 0.1686527777777778
0 0.22711718749999998 0.6339305555555556 0.056921875 0.2797638888888889
0 0.49553906249999996 0.6279722222222222 0.091515625 0.25198611111111113
0 0.415734375 0.3928611111111111 0.0457578125 0.1904722222222222
0 0.44085156249999996 0.5049583333333333 0.125 0.125
0 0.48716406250000005 0.42758333333333337 0.0546875 0.14484722222222224
0 0.549109375 0.49206944444444445 0.1004453125 0.17856944444444445
0 0.5636171875 0.34425 0.0892890625 0.15675
2 0.3353828125 0.7867083333333332 0.0502265625 0.21230555555555558
2 0.384484375 0.7291666666666666 0.0479921875 0.2162638888888889
2 0.43080468749999995 0.6865138888888889 0.0424140625 0.19444444444444445
2 0.6808046875 0.42956944444444445 0.0401796875 0.18848611111111113
2 0.6411796875 0.46925 0.0323671875 0.19245833333333331
2 0.6043515625 0.5099166666666667 0.036828125 0.1904722222222222
2 0.5630546875 0.547625 0.0390625 0.19444444444444445
2 0.517296875 0.5972222222222222 0.0390625 0.1904722222222222
2 0.474328125 0.6557499999999999 0.0424140625 0.17658333333333334