0 0.169640625 0.6120972222222222 0.078125 0.25595833333333334
0 0.2042421875 0.5486111111111112 0.0625 0.2162638888888889
0 0.3197578125 0.5982083333333333 0.0546875 0.25991666666666663
0 0.501953125 0.5329861111111112 0.0685390625 0.24869444444444444
0 0.7646484375 0.5125833333333334 0.052125 0.23676388888888888
0 0.6787109375 0.5186666666666666 0.05014062500000001 0.24913888888888888
0 0.54053125 0.5199722222222222 0.0642109375 0.23872222222222222
0 0.40122656250000005 0.5714305555555556 0.0457578125 0.26984722222222224
0 0.7578125 0.37004166666666666 0.09375 0.09722222222222222
2 0.0262265625 0.2063472222222222 0.0457578125 0.15079166666666666
2 0.334265625 0.33829166666666666 0.072546875 0.1527777777777778
2 0.259484375 0.3541666666666667 0.072546875 0.14880555555555555
2 0.185265625 0.36508333333333337 0.0714296875 0.14681944444444445
2 0.140625 0.45734722222222224 0.1183046875 0.04563888888888889
2 0.0625 0.46925 0.11383593750000001 0.05356944444444445
2 0.061382812499999995 0.6120972222222222 0.0825859375 0.16468055555555555
2 0.14453125 0.5912638888888888 0.0792421875 0.16666666666666666
2 0.2276796875 0.5744027777777778 0.0825859375 0.16468055555555555
2 0.310828125 0.5575416666666667 0.0792421875 0.15079166666666666
2 0.392296875 0.5436527777777778 0.0770078125 0.16666666666666666
2 0.474328125 0.5277777777777778 0.0848203125 0.15873611111111113
2 0.5703125 0.5376944444444445 0.0848203125 0.10318055555555557
2 0.6316953125 0.5099166666666667 0.0669609375 0.1428611111111111
2 0.700890625 0.48809722222222224 0.078125 0.15873611111111113
2 0.45982031250000005 0.8035694444444446 0.0892890625 0.18254166666666669
2 0.5496640625 0.7817500000000001 0.0859375 0.18254166666666669
2 0.638390625 0.7619027777777778 0.0870546875 0.17856944444444445
2 0.7237734375 0.7470277777777778 0.0814765625 0.1845277777777778
2 0.80859375 0.7321388888888889 0.0814765625 0.18651388888888887
2 0.8917421875 0.7113055555555555 0.0825859375 0.18055555555555555
2 0.9670781249999999 0.6954305555555556 0.0658515625 0.17658333333333334
2 0.9475468749999999 0.9652777777777778 0.10491406249999999 0.06944444444444445