0 0.18359375 0.665125 0.06684375000000001 0.24073611111111112
0 0.22309375 0.6141944444444445 0.0729140625 0.19136111111111112
0 0.37413281249999997 0.6612638888888889 0.0416640625 0.2237638888888889
0 0.3684921875 0.5810138888888888 0.09809375000000001 0.17747222222222223
0 0.453125 0.5995416666666666 0.05034375 0.2175972222222222
0 0.492625 0.5115694444444444 0.0703125 0.084875
0 0.640625 0.5907083333333334 0.06396874999999999 0.22851388888888888
0 0.6962890625 0.5659722222222222 0.061890625 0.22418055555555555
0 0.761234375 0.5434027777777778 0.0699453125 0.2185277777777778
2 0.0616328125 0.31481944444444443 0.06596874999999999 0.12345833333333334
2 0.0147578125 0.32406944444444447 0.026039062499999998 0.12654166666666666
2 0.0234375 0.49459722222222224 0.0416640625 0.14351388888888889
2 0.08246875000000001 0.4830277777777777 0.0729140625 0.13580555555555557
2 0.2217890625 0.45679166666666665 0.072046875 0.1327222222222222
2 0.290796875 0.4467638888888889 0.0677109375 0.1342638888888889
2 0.35850781249999997 0.43595833333333334 0.0694453125 0.1342638888888889
2 0.107640625 0.682875 0.076390625 0.14969444444444444
2 0.203125 0.6712916666666666 0.079859375 0.12345833333333334
2 0.2552109375 0.6489166666666667 0.0885390625 0.14969444444444444
2 0.34028125 0.6388888888888888 0.08159374999999999 0.1512361111111111
2 0.41536718749999996 0.6242222222222222 0.06684375000000001 0.14351388888888889
2 0.4839375 0.6080277777777777 0.0703125 0.14505555555555555
2 0.5538203125 0.5933611111111111 0.0694453125 0.1466111111111111
2 0.6228281250000001 0.5794722222222223 0.068578125 0.14351388888888889
2 0.474390625 0.8580277777777777 0.08246875000000001 0.16358333333333333
2 0.5559921875 0.8379583333333334 0.0789921875 0.16666666666666666
2 0.6349843749999999 0.8240694444444445 0.0772578125 0.16358333333333333
2 0.7131093749999999 0.8070972222222222 0.0789921875 0.16975
2 0.7921015625 0.790888888888889 0.0772578125 0.16204166666666667
2 0.8693593749999999 0.777 0.07378124999999999 0.165125
2 0.94575 0.7615694444444445 0.0789921875 0.165125
2 0.992625 0.7492222222222223 0.0147578125 0.165125