0 0.181359375 0.6448472222222222 0.061382812499999995 0.2301527777777778
0 0.2689765625 0.6468194444444444 0.0625 0.21824999999999997
2 0.5691953125 0.8888888888888888 0.11160937500000001 0.1904722222222222
2 0.6729921875 0.8700416666666666 0.0892890625 0.1845277777777778
2 0.85546875 0.8531805555555555 0.0903984375 0.18651388888888887
0 0.3454609375 0.6241388888888889 0.061890625 0.17773611111111112
0 0.431640625 0.6328194444444445 0.057921875 0.16829166666666667
0 0.593265625 0.6098055555555556 0.062226562500000006 0.17284722222222224
0 0.525109375 0.6190416666666666 0.0591484375 0.21031944444444445
0 0.6752265625 0.5873055555555555 0.0736640625 0.19841666666666669
0 0.7533515625 0.5843194444444444 0.0714296875 0.2043611111111111
2 0.7650703125 0.8630972222222222 0.083703125 0.18651388888888887
2 0.9475468749999999 0.8452361111111112 0.091515625 0.19841666666666669