0 0.1646171875 0.5505972222222222 0.0658515625 0.140875
0 0.2818046875 0.5873055555555555 0.0591484375 0.1745972222222222
0 0.35546875 0.5317500000000001 0.0792421875 0.11508333333333333
0 0.411828125 0.5505972222222222 0.0513359375 0.18055555555555555
0 0.5145078125 0.5198472222222222 0.078125 0.1111111111111111
0 0.603796875 0.5257916666666667 0.078125 0.12698611111111113
0 0.6869453125 0.49602777777777773 0.083703125 0.11508333333333333
0 0.7544609375 0.49504166666666666 0.0669609375 0.140875
0 0.8381718749999999 0.4990138888888889 0.0848203125 0.16070833333333331
2 0.2109375 0.672625 0.0870546875 0.1547638888888889
2 0.2979921875 0.6617083333333333 0.0848203125 0.16070833333333331
2 0.3828125 0.6507916666666667 0.080359375 0.15873611111111113
2 0.46596093749999995 0.6418611111111111 0.0792421875 0.16070833333333331
2 0.5474296875 0.6299583333333333 0.0814765625 0.1527777777777778
2 0.6300234375 0.6170694444444444 0.0814765625 0.16666666666666666
2 0.712609375 0.6081388888888889 0.0792421875 0.1527777777777778
2 0.7940859375 0.5982083333333333 0.0792421875 0.14880555555555555
2 0.8738828125 0.5833333333333334 0.075890625 0.15873611111111113
2 0.5362734375 0.8412638888888889 0.0859375 0.1706388888888889
2 0.6283515625 0.8323472222222221 0.0870546875 0.17658333333333334
2 0.720421875 0.8125 0.0903984375 0.16468055555555555
2 0.8074765625 0.8045694444444444 0.088171875 0.1686527777777778
2 0.8978828125 0.796625 0.088171875 0.16468055555555555
2 0.9715390625 0.7857083333333333 0.056921875 0.16666666666666666
2 0.9291328125 0.9751944444444445 0.099328125 0.04959722222222222