0 0.12164843750000001 0.46329166666666666 0.091515625 0.19245833333333331
0 0.232703125 0.4672638888888889 0.083703125 0.16468055555555555
0 0.5189765625 0.43254166666666666 0.075890625 0.18651388888888887
0 0.41967968750000006 0.44379166666666664 0.0823984375 0.1716527777777778
0 0.323484375 0.44575 0.0589921875 0.1758888888888889
0 0.62109375 0.4262222222222222 0.078921875 0.16797222222222222
0 0.7133828125 0.4238333333333334 0.07825 0.1645
0 0.81640625 0.42144444444444445 0.0713515625 0.1481111111111111
2 0.548546875 0.703375 0.1171875 0.21230555555555558
2 0.6640625 0.6894861111111111 0.109375 0.2043611111111111
2 0.7767890625 0.6845277777777778 0.10714062499999999 0.21031944444444445
2 0.8895078125 0.6736111111111112 0.1160703125 0.2043611111111111
2 0.97265625 0.6646805555555555 0.0546875 0.22619444444444448
2 0.8967656249999999 0.8928611111111111 0.130578125 0.21429166666666666
2 0.9832578125 0.8888888888888888 0.033484375 0.2222222222222222