0 0.16015625 0.6755972222222222 0.0792421875 0.14484722222222224
0 0.247765625 0.6745972222222222 0.0736640625 0.1428611111111111
0 0.3292421875 0.6597222222222222 0.078125 0.14484722222222224
0 0.4140625 0.6537638888888888 0.080359375 0.1289722222222222
0 0.49944531249999996 0.6478194444444445 0.0747734375 0.15675
0 0.5775703125 0.640875 0.0747734375 0.1428611111111111
0 0.6512265625 0.6240138888888889 0.072546875 0.1527777777777778
0 0.7271171875 0.6180555555555556 0.0770078125 0.14484722222222224
2 0.5887265625 0.9047638888888888 0.1082578125 0.18254166666666669
2 0.6941953125 0.8938472222222222 0.09375 0.1845277777777778
2 0.782921875 0.8829305555555556 0.088171875 0.19444444444444445
2 0.875 0.8789722222222223 0.0870546875 0.1706388888888889
2 0.9592656249999999 0.873013888888889 0.0814765625 0.18254166666666669