0 0.15103906250000002 0.6712916666666666 0.06596874999999999 0.14505555555555555
0 0.2256953125 0.6697500000000001 0.06596874999999999 0.13580555555555557
0 0.306421875 0.6658888888888889 0.06596874999999999 0.13116666666666665
0 0.39453125 0.6423611111111112 0.064390625 0.149625
0 0.702640625 0.6154583333333333 0.058562499999999997 0.13931944444444444
0 0.5512734375 0.6297777777777778 0.064390625 0.1440972222222222
0 0.780765625 0.6115416666666667 0.0633515625 0.13052777777777777
0 0.47192187499999994 0.640625 0.0537109375 0.13834722222222223
0 0.6293984375 0.6224027777777777 0.0616484375 0.1408472222222222
2 0.57465625 0.9043194444444445 0.09028125000000001 0.16666666666666666
2 0.6649296875 0.896611111111111 0.0868046875 0.16666666666666666
2 0.7517343750000001 0.8873472222222222 0.0868046875 0.16666666666666666