2 0.0262265625 0.3968194444444444 0.0479921875 0.2063472222222222
2 0.0948671875 0.3879027777777778 0.0848203125 0.17658333333333334
2 0.1802421875 0.37698611111111113 0.0859375 0.1745972222222222
2 0.2650703125 0.36606944444444445 0.0814765625 0.17658333333333334
2 0.3515625 0.3501944444444444 0.080359375 0.16468055555555555
2 0.431921875 0.33929166666666666 0.075890625 0.15873611111111113
2 0.09375 0.6309583333333334 0.10714062499999999 0.17856944444444445
2 0.178015625 0.5972222222222222 0.0948671875 0.18254166666666669
2 0.2734375 0.5813472222222222 0.0870546875 0.1745972222222222
2 0.365515625 0.5704305555555556 0.0903984375 0.18055555555555555
2 0.45703125 0.5575416666666667 0.0859375 0.17856944444444445
2 0.560265625 0.6200416666666667 0.12276562499999999 0.06547222222222222
2 0.6356015625 0.5287638888888888 0.088171875 0.17658333333333334
2 0.72265625 0.5168611111111111 0.0859375 0.172625
2 0.8113828125 0.4970277777777778 0.0870546875 0.18055555555555555
2 0.48325781250000005 0.810513888888889 0.0982109375 0.20040277777777776
2 0.5831484375 0.7956388888888889 0.099328125 0.19444444444444445
2 0.6830390625 0.7827361111111112 0.09375 0.19643055555555555
2 0.7806953125 0.7648750000000001 0.099328125 0.19245833333333331
2 0.8800234375 0.75 0.0971015625 0.202375
2 0.96484375 0.7321388888888889 0.0703125 0.19444444444444445
2 0.9553593749999999 0.9712361111111111 0.0892890625 0.057541666666666665
0 0.204796875 0.6279722222222222 0.061382812499999995 0.30754166666666666
0 0.2739921875 0.5873055555555555 0.068078125 0.28570833333333334
0 0.357140625 0.5575416666666667 0.049109375 0.297625
0 0.43024218750000004 0.5228194444444445 0.0658515625 0.30754166666666666
0 0.5145078125 0.5 0.064734375 0.25793055555555555
0 0.625 0.5208333333333334 0.060265625 0.2638888888888889
0 0.743859375 0.5138888888888888 0.056921875 0.26587500000000003
0 0.8186406249999999 0.48512500000000003 0.0658515625 0.2837361111111111