0 0.1883671875 0.602625 0.1024296875 0.14351388888888889
0 0.24653125 0.7337916666666667 0.05903125 0.2669722222222222
0 0.271265625 0.49383333333333335 0.0494765625 0.209875
0 0.398875 0.5871944444444444 0.12065624999999999 0.15894444444444444
0 0.40971875 0.5162083333333334 0.07465625000000001 0.08795833333333333
0 0.64990625 0.5655416666666666 0.0757421875 0.24240277777777777
0 0.4985390625 0.6953194444444445 0.080078125 0.22125
0 0.692875 0.46918055555555555 0.0680546875 0.20116666666666666
0 0.63325 0.49459722222222224 0.0494765625 0.1867222222222222
2 0.15755468749999998 0.38040277777777776 0.0546875 0.1466111111111111
2 0.10200000000000001 0.3981527777777778 0.056421874999999996 0.14815277777777777
2 0.0416640625 0.4205277777777777 0.05903125 0.1466111111111111
2 0.161890625 0.7507777777777777 0.068578125 0.1743888888888889
2 0.23003125 0.7175972222222222 0.064234375 0.17593055555555556
2 0.291234375 0.6875 0.05815625 0.17747222222222223
2 0.36414843750000003 0.6566388888888889 0.072046875 0.165125
2 0.413625 0.6180555555555556 0.0633671875 0.16820833333333332
2 0.47178906249999997 0.5964444444444444 0.052953125000000004 0.165125
2 0.5234375 0.5686666666666667 0.0520859375 0.16820833333333332
2 0.57421875 0.5455277777777777 0.05121875 0.17129166666666668
2 0.6306406250000001 0.5169722222222223 0.0598984375 0.15431944444444445
2 0.7508671875 0.9290138888888889 0.0625 0.14197222222222222
2 0.8125 0.9112638888888889 0.05903125 0.17747222222222223
2 0.87153125 0.8788611111111111 0.05903125 0.19598611111111114
2 0.9318593749999999 0.8487638888888889 0.0598984375 0.18518055555555557
2 0.98090625 0.8163611111111111 0.0381953125 0.17283333333333334