0 0.173546875 0.5992083333333333 0.0926328125 0.1388888888888889
0 0.2410703125 0.5605138888888889 0.0736640625 0.12102777777777778
0 0.3348203125 0.5813472222222222 0.075890625 0.11508333333333333
0 0.412109375 0.57075 0.06634375 0.13780555555555554
0 0.49682812500000006 0.5572916666666666 0.0805078125 0.13433333333333333
0 0.558109375 0.5295138888888888 0.0680546875 0.07975
0 0.6684609375 0.5416666666666666 0.0928359375 0.13368055555555555
0 0.796390625 0.49609722222222224 0.075015625 0.11079166666666666
0 0.7275390625 0.4965277777777778 0.06384375 0.09852777777777777
2 0.169640625 0.6805555555555556 0.0870546875 0.16269444444444445
2 0.2527890625 0.6755972222222222 0.0792421875 0.15675
2 0.3325859375 0.6626944444444445 0.078125 0.1547638888888889
2 0.4140625 0.6527777777777778 0.080359375 0.15873611111111113
2 0.493859375 0.639875 0.0770078125 0.1527777777777778
2 0.5714296875 0.6299583333333333 0.0736640625 0.1527777777777778
2 0.65234375 0.6210277777777777 0.0747734375 0.15079166666666666
2 0.7276796875 0.6061527777777778 0.075890625 0.16070833333333331
2 0.8097109375 0.6021805555555555 0.0792421875 0.1527777777777778
2 0.47935156250000005 0.8472222222222222 0.0903984375 0.1706388888888889
2 0.5714296875 0.8363055555555555 0.0848203125 0.172625
2 0.6556953125 0.8273750000000001 0.0814765625 0.1706388888888889
2 0.7427421875 0.8075416666666666 0.0859375 0.16666666666666666
2 0.8297968750000001 0.8035694444444446 0.083703125 0.16666666666666666
2 0.9157343750000001 0.796625 0.0814765625 0.1686527777777778
2 0.9799140625 0.7817500000000001 0.0401796875 0.1706388888888889
2 0.8537968749999999 0.9751944444444445 0.1026796875 0.04959722222222222
2 0.9514531249999999 0.9692500000000001 0.0971015625 0.06151388888888889