2 0.045203125 0.38987499999999997 0.0859375 0.18055555555555555
2 0.1328125 0.3720277777777778 0.080359375 0.18848611111111113
2 0.21484375 0.36606944444444445 0.0814765625 0.17658333333333334
2 0.42299218749999995 0.8065416666666667 0.1004453125 0.19643055555555555
2 0.126671875 0.5992083333333333 0.088171875 0.18254166666666669
2 0.0418515625 0.609125 0.0814765625 0.19444444444444445
2 0.220421875 0.5813472222222222 0.0903984375 0.1904722222222222
2 0.3058046875 0.5575416666666667 0.080359375 0.1904722222222222
2 0.48382031249999996 0.5416666666666666 0.083703125 0.1706388888888889
2 0.5189765625 0.7817500000000001 0.0892890625 0.19444444444444445
2 0.615515625 0.7738055555555555 0.0971015625 0.19841666666666669
2 0.7114921875 0.75 0.0859375 0.202375
2 0.8046875 0.7420694444444444 0.09375 0.19444444444444445
2 0.8967656249999999 0.7202361111111112 0.088171875 0.18651388888888887
2 0.9743281250000001 0.7113055555555555 0.0513359375 0.21230555555555558
2 0.8839296875 0.9652777777777778 0.11160937500000001 0.06944444444444445
2 0.9704218750000001 0.9563472222222222 0.0591484375 0.08730555555555555
0 0.1674140625 0.6170694444444444 0.0580390625 0.28570833333333334
0 0.2527890625 0.6031805555555556 0.0770078125 0.25793055555555555
0 0.3471015625 0.5744027777777778 0.060265625 0.2916666666666667
0 0.5005546875 0.5843194444444444 0.0546875 0.2638888888888889
0 0.5831484375 0.5605138888888889 0.0658515625 0.25595833333333334
0 0.6400703125 0.5486111111111112 0.052453125 0.2638888888888889
0 0.70703125 0.5228194444444445 0.068078125 0.2678611111111111
0 0.7840390625 0.5198472222222222 0.0703125 0.28570833333333334
2 0.296875 0.3571388888888889 0.0848203125 0.1706388888888889