0 0.21038281250000002 0.4821388888888889 0.0859375 0.297625
0 0.2767890625 0.5724166666666667 0.075890625 0.2797638888888889
0 0.349328125 0.5218194444444444 0.0736640625 0.26190277777777776
0 0.42689843749999995 0.6775833333333333 0.0747734375 0.27579166666666666
0 0.6333046875 0.7591111111111111 0.09125 0.3020833333333333
0 0.6181640625 0.3502638888888889 0.11840625 0.24413888888888888
0 0.5161171875 0.42795833333333333 0.0980859375 0.28450000000000003
0 0.529015625 0.375 0.060265625 0.22619444444444448
2 0.1082578125 0.31051388888888887 0.0379453125 0.17658333333333334
2 0.11272656249999999 0.4513888888888889 0.1026796875 0.08134722222222222
2 0.021765625 0.49008333333333337 0.0390625 0.2063472222222222