0 0.21428906250000002 0.6855138888888889 0.064734375 0.23213888888888887
0 0.2778984375 0.672625 0.0691953125 0.21824999999999997
0 0.3755546875 0.6865138888888889 0.0435234375 0.234125
0 0.43024218750000004 0.6369027777777778 0.0636171875 0.19841666666666669
0 0.5239296875 0.6501805555555555 0.06371875 0.24045833333333333
0 0.687015625 0.6302083333333334 0.0685390625 0.21559722222222222
0 0.573734375 0.6115416666666667 0.0680546875 0.19606944444444444
0 0.8247109375000001 0.6059027777777778 0.0745234375 0.23241666666666666
0 0.7589296875 0.6120972222222222 0.0580390625 0.2202361111111111
2 0.14453125 0.7073472222222222 0.0859375 0.14880555555555555
2 0.3052421875 0.6765833333333333 0.0770078125 0.1388888888888889
2 0.2488828125 0.7698472222222221 0.11160937500000001 0.051583333333333335
2 0.3895078125 0.6785694444444444 0.078125 0.13491666666666666
2 0.459265625 0.6617083333333333 0.0814765625 0.14484722222222224
2 0.540734375 0.6527777777777778 0.0814765625 0.1388888888888889
2 0.6283515625 0.6617083333333333 0.0825859375 0.11706944444444445
2 0.6902890625 0.6309583333333334 0.0770078125 0.14681944444444445
2 0.7684140625 0.6240138888888889 0.0770078125 0.14484722222222224
2 0.450890625 0.8640833333333333 0.0825859375 0.16468055555555555
2 0.536828125 0.8531805555555555 0.0848203125 0.16666666666666666
2 0.6216484375 0.8392916666666667 0.0825859375 0.1547638888888889
2 0.7059140625 0.8333333333333334 0.083703125 0.16269444444444445
2 0.7896171875 0.8174583333333334 0.0814765625 0.16269444444444445
2 0.8727656250000001 0.8075416666666666 0.0825859375 0.15873611111111113
2 0.95703125 0.7986111111111112 0.083703125 0.15675
2 0.8175234375 0.9831388888888889 0.0926328125 0.03373611111111111
2 0.9090390625 0.9771805555555556 0.0903984375 0.04563888888888889
2 0.9782343750000001 0.9742083333333332 0.0435234375 0.051583333333333335