0 0.20659375 0.6550972222222222 0.09028125000000001 0.11883333333333333
0 0.2178828125 0.6558611111111111 0.0555546875 0.25616666666666665
0 0.42447656250000004 0.665125 0.08159374999999999 0.17593055555555556
0 0.37890625 0.5339444444444444 0.056421874999999996 0.18209722222222224
0 0.3984375 0.6057083333333334 0.0399296875 0.24537499999999998
0 0.43836718750000003 0.6072500000000001 0.05034375 0.2175972222222222
0 0.6566875 0.5640416666666667 0.08940624999999999 0.12191666666666667
0 0.6935781249999999 0.5084861111111111 0.079859375 0.11265277777777778
0 0.76215625 0.4884305555555556 0.092015625 0.125
2 0.3919296875 0.4513888888888889 0.0633671875 0.1342638888888889
2 0.3276875 0.46605555555555556 0.05815625 0.14505555555555555
2 0.2651875 0.4876527777777778 0.0633671875 0.14815277777777777
2 0.200953125 0.5007777777777778 0.0633671875 0.13734722222222223
2 0.13150781250000002 0.5200555555555556 0.068578125 0.14815277777777777
2 0.0625 0.5393472222222222 0.0711796875 0.1527777777777778
2 0.015187500000000001 0.5462916666666666 0.0234375 0.14505555555555555
2 0.24175 0.7592638888888888 0.0772578125 0.1605
2 0.31684375 0.7361111111111112 0.0711796875 0.15740277777777778
2 0.3893203125 0.7175972222222222 0.072046875 0.15740277777777778
2 0.45963281250000004 0.696763888888889 0.0651015625 0.15894444444444444
2 0.52734375 0.6790138888888889 0.0703125 0.16358333333333333
2 0.5963515625 0.6566388888888889 0.06596874999999999 0.14969444444444444
2 0.6627578125 0.6388888888888888 0.0651015625 0.1512361111111111
2 0.7282968750000001 0.6188333333333333 0.06596874999999999 0.1512361111111111
2 0.7955703125 0.6018472222222222 0.0651015625 0.15740277777777778
2 0.7087656250000001 0.9367222222222223 0.0789921875 0.12654166666666666
2 0.78559375 0.9251527777777778 0.07465625000000001 0.14969444444444444
2 0.8619765625 0.9120416666666666 0.076390625 0.16358333333333333
2 0.9379375 0.8942916666666666 0.07378124999999999 0.17129166666666668
2 0.98784375 0.8842638888888888 0.024304687499999998 0.17283333333333334