0 0.1763359375 0.6329305555555556 0.0669609375 0.21824999999999997
0 0.3370546875 0.609125 0.0691953125 0.19444444444444445
0 0.23986718749999997 0.5815972222222222 0.074765625 0.14159722222222224
0 0.5595703125 0.5399305555555556 0.0816640625 0.11040277777777777
0 0.7231484375 0.5403611111111111 0.0861796875 0.17252777777777778
0 0.4926796875 0.5859444444444445 0.07666406249999999 0.20443055555555556
0 0.7939453125 0.5108472222222222 0.0783671875 0.13390277777777776
0 0.4165078125 0.5993888888888889 0.0621015625 0.20019444444444442
0 0.6630859375 0.5681388888888889 0.0665859375 0.204
2 0.154015625 0.6914722222222223 0.1004453125 0.11309722222222224
2 0.2276796875 0.6617083333333333 0.0892890625 0.16468055555555555
2 0.3119453125 0.6537638888888888 0.0770078125 0.1527777777777778
2 0.3911796875 0.6369027777777778 0.0770078125 0.15873611111111113
2 0.47153906250000005 0.6279722222222222 0.0770078125 0.1527777777777778
2 0.55078125 0.6180555555555556 0.0770078125 0.15675
2 0.630578125 0.6130972222222222 0.078125 0.1547638888888889
2 0.7075859375 0.5972222222222222 0.0691953125 0.15079166666666666
2 0.787390625 0.5873055555555555 0.0792421875 0.14681944444444445
2 0.45982031250000005 0.8382916666666668 0.0892890625 0.18848611111111113
2 0.55078125 0.8254027777777777 0.083703125 0.1706388888888889
2 0.6361640625 0.810513888888889 0.0825859375 0.16468055555555555
2 0.72265625 0.7986111111111112 0.0814765625 0.172625
2 0.80859375 0.7867083333333332 0.083703125 0.17658333333333334
2 0.8939765625 0.7757916666666668 0.080359375 0.16269444444444445
2 0.9670781249999999 0.7738055555555555 0.0658515625 0.1745972222222222
2 0.8314765625 0.9692500000000001 0.095984375 0.06151388888888889
2 0.9302421875 0.9613055555555555 0.0948671875 0.077375
2 0.9893984375 0.9573472222222221 0.021203125 0.08531944444444445