0 0.2565078125 0.4814861111111111 0.05121875 0.21605555555555556
0 0.2039921875 0.6705277777777777 0.0868046875 0.2361111111111111
0 0.27039843750000003 0.7530833333333333 0.0963515625 0.25926388888888885
0 0.4066875 0.5902777777777778 0.030382812500000002 0.22994444444444445
0 0.42621875 0.615736111111111 0.06596874999999999 0.24073611111111112
0 0.56640625 0.6628055555555556 0.1258671875 0.12191666666666667
0 0.6432265625 0.5162083333333334 0.048609374999999996 0.24537499999999998
0 0.67925 0.5362638888888889 0.08940624999999999 0.14043055555555556
0 0.6983515625 0.47838888888888886 0.056421874999999996 0.2283888888888889
2 0.333765625 0.42977777777777776 0.0477421875 0.14969444444444444
2 0.28515625 0.4560138888888889 0.0477421875 0.14969444444444444
2 0.234375 0.48688888888888887 0.048609374999999996 0.1466111111111111
2 0.18619531250000002 0.5162083333333334 0.0546875 0.1466111111111111
2 0.122828125 0.5455277777777777 0.0546875 0.15586111111111112
2 0.064234375 0.5802499999999999 0.060765625000000004 0.1605
2 0.017796875 0.602625 0.028648437500000002 0.15894444444444444
2 0.45659375 0.848 0.0520859375 0.1867222222222222
2 0.5104140625 0.8117222222222223 0.0538203125 0.16975
2 0.5642343750000001 0.7746944444444444 0.0520859375 0.17593055555555556
2 0.6180546875 0.7376527777777778 0.0538203125 0.17283333333333334
2 0.6710078125 0.7006111111111111 0.0520859375 0.17901388888888886
2 0.7235234375 0.6712916666666666 0.0494765625 0.16975
2 0.7721328125 0.6350277777777779 0.0460078125 0.15894444444444444
2 0.8203125 0.6041666666666666 0.048609374999999996 0.16820833333333332
2 0.8671875 0.5702222222222222 0.04340625 0.165125