0 0.1763359375 0.6379027777777778 0.075890625 0.2162638888888889
2 0.5887265625 0.8978194444444444 0.10602343750000001 0.1845277777777778
2 0.689171875 0.8928611111111111 0.088171875 0.1745972222222222
2 0.8722109375 0.8740138888888889 0.0903984375 0.18055555555555555
0 0.431921875 0.6240138888888889 0.0848203125 0.19643055555555555
0 0.351078125 0.6236944444444444 0.062226562500000006 0.1867361111111111
0 0.2756328125 0.6410555555555556 0.069640625 0.17068055555555556
0 0.5263671875 0.6202222222222222 0.066953125 0.16308333333333333
0 0.6743203125 0.6085138888888889 0.0581328125 0.1841388888888889
0 0.749515625 0.6063333333333334 0.0551171875 0.16069444444444445
0 0.599125 0.61025 0.0745234375 0.1768611111111111
2 0.7818046875 0.8789722222222223 0.088171875 0.18254166666666669
2 0.9598203125 0.8680555555555556 0.080359375 0.1845277777777778