0 0.11495312499999999 0.5228194444444445 0.0825859375 0.125
0 0.2354921875 0.515875 0.0982109375 0.11904166666666666
0 0.3247734375 0.5416666666666666 0.0736640625 0.1706388888888889
0 0.3828125 0.48412499999999997 0.091515625 0.10318055555555557
0 0.49107031250000005 0.5168611111111111 0.0825859375 0.18055555555555555
0 0.58203125 0.5138888888888888 0.0747734375 0.1904722222222222
0 0.6674140625 0.4623055555555556 0.078125 0.1388888888888889
0 0.7293515625 0.4375 0.068078125 0.10515277777777778
0 0.8152890625 0.44643055555555555 0.099328125 0.13095833333333334
2 0.45200781250000005 0.38293055555555555 0.0691953125 0.14681944444444445
2 0.377234375 0.39484722222222224 0.075890625 0.15079166666666666
2 0.2963203125 0.40079166666666666 0.0747734375 0.14681944444444445
2 0.2198671875 0.4156805555555556 0.080359375 0.1527777777777778
2 0.1400703125 0.42856944444444445 0.0770078125 0.15079166666666666
2 0.0580390625 0.4384861111111111 0.0825859375 0.15873611111111113
2 0.1300234375 0.6339305555555556 0.0859375 0.16468055555555555
2 0.217078125 0.6180555555555556 0.0903984375 0.1686527777777778
2 0.314734375 0.6150833333333333 0.095984375 0.15873611111111113
2 0.3900703125 0.5962361111111112 0.0814765625 0.172625
2 0.47210156249999996 0.577375 0.0848203125 0.15873611111111113
2 0.5574765625 0.5704305555555556 0.0814765625 0.16468055555555555
2 0.638953125 0.5555555555555556 0.0792421875 0.16269444444444445
2 0.720421875 0.5367083333333333 0.0792421875 0.1686527777777778
2 0.8002265625 0.5297638888888889 0.0736640625 0.16666666666666666
2 0.5027890625 0.8214305555555554 0.0859375 0.1745972222222222
2 0.591515625 0.8015833333333333 0.091515625 0.18651388888888887
2 0.6830390625 0.7876944444444445 0.0892890625 0.1706388888888889
2 0.7745546875 0.7718194444444445 0.0892890625 0.1745972222222222
2 0.8649531250000001 0.7579305555555556 0.091515625 0.1745972222222222
2 0.9542421875 0.748013888888889 0.0848203125 0.1706388888888889
2 0.9481015625 0.9742083333333332 0.10379687500000001 0.051583333333333335