0 0.16015625 0.5813472222222222 0.0546875 0.26190277777777776
0 0.286828125 0.6041666666666666 0.0625 0.2361111111111111
0 0.3666328125 0.5892916666666667 0.068078125 0.234125
0 0.46875 0.5724166666666667 0.064734375 0.2162638888888889
0 0.5574765625 0.5754027777777778 0.0703125 0.21429166666666666
0 0.62646875 0.5590277777777778 0.0667109375 0.23155555555555554
0 0.7075234375 0.5499166666666666 0.06915625 0.22005555555555556
0 0.81640625 0.5486111111111112 0.060757812499999994 0.2105
2 0.3755546875 0.751986111111111 0.0948671875 0.1745972222222222
2 0.46986718749999995 0.7410694444444446 0.0892890625 0.1686527777777778
2 0.5591484375 0.7281805555555555 0.0892890625 0.16666666666666666
2 0.650109375 0.7113055555555555 0.0903984375 0.1845277777777778
2 0.7427421875 0.7073472222222222 0.0926328125 0.17658333333333334
2 0.8353828125 0.6944444444444444 0.088171875 0.16666666666666666
2 0.92578125 0.6845277777777778 0.088171875 0.1706388888888889
2 0.9854921875 0.6805555555555556 0.029015625 0.1745972222222222
2 0.732703125 0.9245972222222223 0.099328125 0.15079166666666666
2 0.8325859375 0.9176527777777779 0.1004453125 0.16468055555555555
2 0.9358281249999999 0.9107083333333333 0.1015625 0.17856944444444445
2 0.9933046875 0.9097222222222222 0.013390625 0.18055555555555555