0 0.20703125 0.6686527777777778 0.1417421875 0.3333333333333333
0 0.2265625 0.5704305555555556 0.1160703125 0.2837361111111111
0 0.517859375 0.6160694444444444 0.1183046875 0.3472222222222222
0 0.7260078125 0.5932499999999999 0.10602343750000001 0.3373055555555556
0 0.603234375 0.5307499999999999 0.10379687500000001 0.3234166666666667
0 0.5731015625 0.39484722222222224 0.0859375 0.26190277777777776
0 0.650671875 0.41468055555555555 0.080359375 0.31348611111111113
2 0.3900703125 0.32440277777777776 0.068078125 0.2162638888888889
2 0.3175234375 0.3611111111111111 0.0747734375 0.21824999999999997
2 0.23828125 0.39781944444444445 0.0792421875 0.2202361111111111
2 0.1590390625 0.4484166666666667 0.0792421875 0.22619444444444448
2 0.0753359375 0.48115277777777776 0.083703125 0.22818055555555555
2 0.5736640625 0.9047638888888888 0.078125 0.1904722222222222
2 0.657921875 0.8789722222222223 0.0903984375 0.234125
2 0.7449765625 0.7936527777777778 0.083703125 0.19841666666666669
2 0.8275703125 0.7827361111111112 0.0747734375 0.24801388888888887
2 0.90625 0.7242083333333332 0.0736640625 0.25793055555555555
2 0.9732109375 0.6845277777777778 0.053570312499999995 0.24602777777777776