0 0.1986640625 0.7867083333333332 0.1450859375 0.33134722222222224
0 0.212609375 0.7152777777777778 0.0971015625 0.27181944444444445
0 0.3286796875 0.6755972222222222 0.130578125 0.29959722222222224
0 0.2265625 0.5654722222222222 0.11383593750000001 0.28968055555555555
0 0.345984375 0.42559722222222224 0.1026796875 0.2638888888888889
0 0.43303906249999996 0.3373055555555556 0.0714296875 0.26587500000000003
2 0.177453125 0.3363055555555555 0.049109375 0.172625
2 0.1300234375 0.3680555555555556 0.0479921875 0.17658333333333334
2 0.11328125 0.4583333333333333 0.130578125 0.12301388888888888
2 0.0167421875 0.4672638888888889 0.03125 0.2043611111111111
2 0.505578125 0.8958333333333334 0.053570312499999995 0.20833333333333334
2 0.5636171875 0.8492083333333332 0.0580390625 0.234125
2 0.62109375 0.7906805555555555 0.0546875 0.2361111111111111
2 0.6763359375 0.7390833333333333 0.055804687500000005 0.22420833333333334
2 0.73046875 0.6884861111111111 0.0479921875 0.21429166666666666
2 0.7806953125 0.6349166666666667 0.052453125 0.21824999999999997
2 0.8325859375 0.5823472222222222 0.046875 0.22818055555555555
2 0.8772343749999999 0.5367083333333333 0.044640625 0.2043611111111111
2 0.9235468750000001 0.49008333333333337 0.0435234375 0.21031944444444445