0 0.165734375 0.6954305555555556 0.0636171875 0.11706944444444445
0 0.244421875 0.6924583333333333 0.0669609375 0.11904166666666666
0 0.3203125 0.6865138888888889 0.0691953125 0.1111111111111111
0 0.390625 0.6815416666666666 0.0714296875 0.11309722222222224
0 0.5380859375 0.6610277777777778 0.054593749999999996 0.10052777777777777
0 0.6142578125 0.6553888888888889 0.061765625000000005 0.10106944444444443
0 0.7548828125 0.6388888888888888 0.0484921875 0.10297222222222223
0 0.46484375 0.671625 0.0658515625 0.11309722222222224
0 0.6785703125 0.6448472222222222 0.0625 0.1071388888888889
2 0.5630546875 0.9027777777777778 0.088171875 0.16269444444444445
2 0.6473203125 0.8879027777777777 0.078125 0.16070833333333331
2 0.7293515625 0.876986111111111 0.0814765625 0.15079166666666666
2 0.8130546875 0.8779722222222222 0.0814765625 0.15675
2 0.8934140625 0.8620972222222223 0.0814765625 0.1527777777777778
2 0.9676328125 0.8561527777777778 0.064734375 0.16070833333333331