0 0.169640625 0.5803611111111111 0.10714062499999999 0.11309722222222224
0 0.2293515625 0.5545694444444444 0.11495312499999999 0.11706944444444445
0 0.40289843750000004 0.5882916666666667 0.0848203125 0.21230555555555558
0 0.45814843749999995 0.5238055555555555 0.0747734375 0.1388888888888889
0 0.61084375 0.5243055555555556 0.089296875 0.16743055555555555
0 0.7563515625 0.4548611111111111 0.088015625 0.14105555555555555
0 0.5063515625 0.4887222222222222 0.094484375 0.12358333333333334
0 0.615515625 0.43352777777777773 0.0926328125 0.11309722222222224
2 0.076453125 0.2470277777777778 0.0814765625 0.15675
2 0.021765625 0.25991666666666663 0.0346015625 0.15873611111111113
2 0.048546875 0.46626388888888887 0.0792421875 0.15873611111111113
2 0.12890625 0.45337500000000003 0.0770078125 0.172625
2 0.209265625 0.4375 0.0770078125 0.172625
2 0.282921875 0.41865277777777776 0.072546875 0.16666666666666666
2 0.3588203125 0.40575 0.0703125 0.16070833333333331
2 0.431921875 0.3918611111111111 0.075890625 0.15675
2 0.1964296875 0.7013888888888888 0.091515625 0.1845277777777778
2 0.286828125 0.6815416666666666 0.0848203125 0.17658333333333334
2 0.3716484375 0.6656805555555556 0.078125 0.18055555555555555
2 0.45257031249999996 0.639875 0.0814765625 0.18055555555555555
2 0.5340390625 0.625 0.0770078125 0.17856944444444445
2 0.6121640625 0.6011944444444445 0.0770078125 0.18254166666666669
2 0.6908515625 0.5843194444444444 0.078125 0.18055555555555555
2 0.76953125 0.5664722222222223 0.0747734375 0.1686527777777778
2 0.84765625 0.547625 0.0770078125 0.16666666666666666
2 0.662390625 0.9067500000000001 0.0926328125 0.18651388888888887
2 0.75390625 0.8898750000000001 0.0859375 0.1845277777777778
2 0.8426328125 0.873013888888889 0.0870546875 0.1904722222222222
2 0.9319218749999999 0.8561527777777778 0.0892890625 0.20040277777777776
2 0.9899531250000001 0.8382916666666668 0.0200859375 0.2043611111111111