0 0.12332812500000001 0.4642916666666667 0.0903984375 0.17856944444444445
0 0.228796875 0.4672638888888889 0.080359375 0.16070833333333331
0 0.42016406249999994 0.4440138888888889 0.08209375 0.17252777777777778
0 0.3244609375 0.4479166666666667 0.0626796875 0.17101388888888888
0 0.6235390625 0.4268611111111111 0.0754375 0.1662361111111111
0 0.7158203125 0.42491666666666666 0.0803828125 0.16156944444444443
0 0.8159218750000001 0.4244861111111111 0.073421875 0.14366666666666666
0 0.5161796875 0.4345277777777778 0.0792421875 0.1745972222222222
2 0.5502265625 0.703375 0.11383593750000001 0.2043611111111111
2 0.6646171875 0.6914722222222223 0.1082578125 0.2043611111111111
2 0.775109375 0.6815416666666666 0.1104921875 0.2043611111111111
2 0.8883906250000001 0.6745972222222222 0.109375 0.21031944444444445
2 0.97265625 0.6686527777777778 0.0546875 0.2063472222222222
2 0.8995546875 0.8918611111111111 0.1294609375 0.2162638888888889
2 0.9832578125 0.8879027777777777 0.033484375 0.2162638888888889