0 0.1629453125 0.7767916666666667 0.0669609375 0.30754166666666666
0 0.228796875 0.7361111111111112 0.078125 0.29365277777777776
0 0.3152890625 0.7123055555555555 0.0814765625 0.297625
0 0.3309140625 0.5942500000000001 0.10379687500000001 0.20833333333333334
0 0.5234375 0.5297638888888889 0.0714296875 0.26190277777777776
0 0.6808046875 0.43254166666666666 0.091515625 0.18254166666666669
2 0.0792421875 0.33929166666666666 0.0714296875 0.16666666666666666
2 0.0234375 0.36012500000000003 0.0401796875 0.16468055555555555
2 0.0318046875 0.4861111111111111 0.0546875 0.06745833333333333
2 0.072546875 0.7281805555555555 0.0870546875 0.21031944444444445
2 0.015070312499999999 0.751986111111111 0.0278984375 0.19841666666666669
2 0.157921875 0.6894861111111111 0.0792421875 0.19245833333333331
2 0.2393984375 0.6607083333333333 0.0859375 0.19841666666666669
2 0.3231015625 0.6240138888888889 0.0770078125 0.19643055555555555
2 0.3984375 0.5932499999999999 0.0736640625 0.19444444444444445
2 0.49274218750000004 0.5684583333333334 0.0903984375 0.18055555555555555
2 0.5541328125 0.5337361111111112 0.0636171875 0.18254166666666669
2 0.6199765625 0.5109166666666667 0.0658515625 0.172625
2 0.6361640625 0.9474166666666667 0.078125 0.10515277777777778
2 0.7176328125 0.9295694444444444 0.080359375 0.140875
2 0.80078125 0.9107083333333333 0.0814765625 0.17856944444444445
2 0.8856015625 0.8869027777777778 0.083703125 0.21031944444444445
2 0.9631718749999999 0.8601249999999999 0.0714296875 0.2162638888888889