0 0.075953125 0.37345833333333334 0.12934375 0.14815277777777777
0 0.208765625 0.7175972222222222 0.11197656250000002 0.2685138888888889
0 0.3203125 0.5648194444444444 0.092015625 0.24073611111111112
0 0.5694453125 0.7662083333333333 0.18403125 0.18981944444444443
0 0.47221875 0.6404305555555556 0.09721874999999999 0.25
0 0.6665078125 0.46918055555555555 0.0687890625 0.227
0 0.6274453125 0.5564305555555555 0.07825 0.2645416666666667
0 0.6333046875 0.38325 0.0535859375 0.15906944444444446
0 0.5143203125 0.709875 0.06684375000000001 0.27161111111111114
2 0.24653125 0.4861111111111111 0.123265625 0.07716666666666668
2 0.146265625 0.44366666666666665 0.0460078125 0.19290277777777776
2 0.111546875 0.4861111111111111 0.0442734375 0.17593055555555556
2 0.10503124999999999 0.5833333333333334 0.11458593749999998 0.058638888888888886
2 0.0638046875 0.7083333333333334 0.12065624999999999 0.08333333333333333
2 0.0399296875 0.7654305555555556 0.079859375 0.09568055555555556
2 0.6453984375 0.8981527777777777 0.0321171875 0.20370833333333332
2 0.6775156250000001 0.8557083333333334 0.030382812500000002 0.20833333333333334
2 0.7109375 0.7993888888888888 0.03471875 0.209875
2 0.7447890625 0.7507777777777777 0.029515625 0.20216666666666666
2 0.7751718750000001 0.6990694444444444 0.02778125 0.20679166666666665
2 0.8038203125000001 0.6419722222222223 0.029515625 0.2006111111111111
2 0.8311640625000001 0.6003055555555556 0.025171875 0.19444444444444445
2 0.8576406249999999 0.5516944444444445 0.026039062499999998 0.19598611111111114
2 0.8845468750000001 0.49845833333333334 0.026039062499999998 0.17593055555555556