0 0.2767890625 0.6745972222222222 0.075890625 0.3015833333333333
0 0.224328125 0.5992083333333333 0.0848203125 0.28570833333333334
0 0.5390625 0.44345833333333334 0.1026796875 0.25198611111111113
0 0.7001953125 0.3836805555555556 0.0883203125 0.26931944444444444
0 0.3078984375 0.4188055555555556 0.0871640625 0.1716111111111111
0 0.226078125 0.45443055555555556 0.1015625 0.15820833333333334
0 0.64453125 0.4290416666666667 0.065859375 0.282125
0 0.329796875 0.34425 0.1082578125 0.12102777777777778
2 0.025109375 0.1875 0.0435234375 0.1845277777777778
2 0.0318046875 0.6517916666666667 0.0591484375 0.2043611111111111
2 0.099890625 0.6111111111111112 0.0814765625 0.21031944444444445
2 0.1791328125 0.5734166666666667 0.0747734375 0.19444444444444445
2 0.595984375 0.36508333333333337 0.0625 0.202375
2 0.5284609375 0.3988055555555555 0.072546875 0.202375
2 0.463171875 0.4236111111111111 0.0669609375 0.19245833333333331
2 0.428015625 0.5119027777777778 0.1417421875 0.1071388888888889
2 0.326453125 0.5029722222222222 0.0770078125 0.18848611111111113
2 0.251671875 0.5347222222222222 0.068078125 0.19245833333333331
2 0.73828125 0.8888888888888888 0.0770078125 0.21429166666666666
2 0.8169609375 0.8511944444444445 0.075890625 0.2301527777777778
2 0.8917421875 0.8085277777777777 0.0714296875 0.23213888888888887
2 0.96484375 0.7619027777777778 0.068078125 0.2222222222222222