0 0.1908515625 0.8025833333333333 0.12276562499999999 0.327375
0 0.2159609375 0.7400833333333333 0.1104921875 0.28175
0 0.330359375 0.7004027777777778 0.1183046875 0.297625
0 0.2890625 0.6180555555555556 0.0669609375 0.2876944444444444
0 0.41685156250000005 0.48412499999999997 0.0926328125 0.2738055555555555
0 0.5502265625 0.4027777777777778 0.080359375 0.25
2 0.2806953125 0.39781944444444445 0.0591484375 0.18055555555555555
2 0.2176328125 0.43352777777777773 0.064734375 0.18848611111111113
2 0.1517890625 0.46925 0.0669609375 0.19245833333333331
2 0.083703125 0.5029722222222222 0.0736640625 0.19643055555555555
2 0.0234375 0.5327361111111111 0.044640625 0.20833333333333334
2 0.4375 0.9067500000000001 0.0714296875 0.18651388888888887
2 0.5106015625 0.8759861111111111 0.072546875 0.2162638888888889
2 0.58203125 0.828375 0.068078125 0.2202361111111111
2 0.6512265625 0.7886944444444445 0.068078125 0.20833333333333334
2 0.7198671875 0.7450416666666666 0.0669609375 0.21230555555555558
2 0.7840390625 0.6994027777777778 0.0591484375 0.2162638888888889
2 0.8487734375 0.6587361111111112 0.0636171875 0.202375
2 0.9129453125 0.6160694444444444 0.060265625 0.2043611111111111
2 0.9721015625 0.5714305555555556 0.055804687500000005 0.1904722222222222