0 0.20647656250000002 0.6656805555555556 0.064734375 0.25198611111111113
0 0.43638281250000005 0.6021805555555555 0.060265625 0.24801388888888887
0 0.51953125 0.5555555555555556 0.0703125 0.26190277777777776
0 0.46149218750000004 0.5486111111111112 0.041296875 0.22818055555555555
0 0.2526875 0.5950555555555556 0.07409375 0.2358888888888889
0 0.737796875 0.47265277777777776 0.072875 0.21516666666666664
0 0.61328125 0.5451388888888888 0.0478828125 0.24456944444444445
0 0.6261171875 0.4722222222222222 0.0580390625 0.202375
2 0.217078125 0.2986111111111111 0.072546875 0.14880555555555555
2 0.1456484375 0.3125 0.0703125 0.14880555555555555
2 0.0747734375 0.327375 0.0714296875 0.1547638888888889
2 0.0200859375 0.3412638888888889 0.0357109375 0.15873611111111113
2 0.0200859375 0.5902777777777778 0.03125 0.19245833333333331
2 0.087609375 0.578375 0.0948671875 0.14484722222222224
2 0.157921875 0.5575416666666667 0.0814765625 0.1745972222222222
2 0.263953125 0.5694444444444444 0.0971015625 0.09920833333333334
2 0.3125 0.5119027777777778 0.080359375 0.15873611111111113
2 0.392859375 0.49602777777777773 0.0736640625 0.15873611111111113
2 0.46205468749999995 0.4761944444444445 0.0669609375 0.16666666666666666
2 0.53515625 0.4642916666666667 0.072546875 0.16269444444444445
2 0.607703125 0.4444444444444444 0.072546875 0.16269444444444445
2 0.435828125 0.7906805555555555 0.0814765625 0.18848611111111113
2 0.51953125 0.7648750000000001 0.083703125 0.18848611111111113
2 0.603796875 0.7440416666666667 0.0825859375 0.18254166666666669
2 0.6841484375 0.7222222222222222 0.075890625 0.18651388888888887
2 0.7645078125 0.7004027777777778 0.0825859375 0.18254166666666669
2 0.8459843749999999 0.6795694444444444 0.078125 0.1686527777777778
2 0.9213203125 0.6636944444444445 0.072546875 0.1845277777777778
2 0.98046875 0.6507916666666667 0.0390625 0.18651388888888887