0 0.165734375 0.6894861111111111 0.0747734375 0.13293055555555555
0 0.252234375 0.6765833333333333 0.064734375 0.14681944444444445
0 0.3356953125 0.6684027777777778 0.0726328125 0.12163888888888888
0 0.5048828125 0.6549444444444444 0.068421875 0.112625
0 0.7309609375 0.63325 0.0642734375 0.10704166666666666
0 0.6538125 0.6375833333333334 0.0662265625 0.11306944444444444
0 0.412390625 0.6636944444444445 0.068078125 0.13293055555555555
0 0.5775703125 0.6478194444444445 0.072546875 0.1289722222222222
2 0.59375 0.9027777777777778 0.10491406249999999 0.1745972222222222
2 0.6908515625 0.8958333333333334 0.0870546875 0.172625
2 0.783484375 0.8859166666666667 0.0892890625 0.18055555555555555
2 0.8755546875 0.8759861111111111 0.088171875 0.1845277777777778
2 0.9592656249999999 0.875 0.0814765625 0.18651388888888887