0 0.1417421875 0.43948611111111113 0.11383593750000001 0.16070833333333331
0 0.2505546875 0.4245972222222222 0.10602343750000001 0.15079166666666666
0 0.45591406250000005 0.44345833333333334 0.0859375 0.21230555555555558
0 0.33984375 0.40755555555555556 0.10650781250000001 0.1505
0 0.5439453125 0.4305555555555556 0.082703125 0.22894444444444445
0 0.69140625 0.35633333333333334 0.10089062499999998 0.14159722222222224
0 0.626953125 0.3834583333333333 0.0920390625 0.1701388888888889
2 0.013390625 0.16666666666666666 0.0267890625 0.15079166666666666
2 0.053570312499999995 0.3373055555555556 0.0848203125 0.16269444444444445
2 0.1378359375 0.3234166666666667 0.0814765625 0.16269444444444445
2 0.220984375 0.3095277777777778 0.0825859375 0.1547638888888889
2 0.381140625 0.29068055555555555 0.0770078125 0.15675
2 0.135046875 0.5406805555555556 0.1004453125 0.17658333333333334
2 0.22991406250000002 0.5238055555555555 0.0870546875 0.1706388888888889
2 0.3203125 0.5109166666666667 0.0892890625 0.172625
2 0.40903906250000005 0.4970277777777778 0.0859375 0.1686527777777778
2 0.49497656250000005 0.4821388888888889 0.0859375 0.16666666666666666
2 0.5903984375 0.48015277777777776 0.0982109375 0.13491666666666666
2 0.748328125 0.4375 0.0859375 0.16468055555555555
2 0.6668515625 0.44940277777777776 0.0770078125 0.1686527777777778
2 0.5401796875 0.7351249999999999 0.1026796875 0.18848611111111113
2 0.6400703125 0.7172638888888888 0.0926328125 0.1845277777777778
2 0.7332578125 0.7004027777777778 0.091515625 0.1904722222222222
2 0.8297968750000001 0.6835277777777777 0.0948671875 0.20040277777777776
2 0.92578125 0.6626944444444445 0.0926328125 0.19444444444444445
2 0.9866093749999999 0.6488055555555555 0.0267890625 0.1904722222222222