0 0.201453125 0.6537638888888888 0.0457578125 0.25198611111111113
0 0.248328125 0.5992083333333333 0.0457578125 0.23809722222222224
0 0.44140625 0.5941805555555556 0.0465390625 0.22916666666666666
0 0.357421875 0.6119861111111111 0.0451015625 0.21408333333333332
0 0.5454140625 0.5677083333333334 0.0433671875 0.24088888888888887
0 0.5810546875 0.5533888888888889 0.065 0.21593055555555554
0 0.79834375 0.5447083333333333 0.062320312499999996 0.22352777777777777
0 0.7177734375 0.5520833333333334 0.050992187499999994 0.23827777777777778
0 0.82421875 0.5017361111111112 0.05090625 0.22547222222222224
2 0.325890625 0.3511944444444445 0.078125 0.15079166666666666
2 0.2511171875 0.36012500000000003 0.0714296875 0.1527777777777778
2 0.1785703125 0.375 0.0714296875 0.15079166666666666
2 0.1026796875 0.38690277777777776 0.075890625 0.15079166666666666
2 0.032921875 0.3968194444444444 0.0591484375 0.16269444444444445
2 0.0982109375 0.5744027777777778 0.0870546875 0.16070833333333331
2 0.1830390625 0.5575416666666667 0.078125 0.16666666666666666
2 0.2667421875 0.5456388888888889 0.080359375 0.16666666666666666
2 0.377234375 0.6120972222222222 0.1160703125 0.06547222222222222
2 0.44977343750000004 0.5962361111111112 0.1160703125 0.06151388888888889
2 0.497765625 0.5129027777777778 0.075890625 0.16070833333333331
2 0.5903984375 0.5059583333333334 0.09375 0.13095833333333334
2 0.6534609375 0.48412499999999997 0.0747734375 0.1547638888888889
2 0.3699765625 0.7629027777777777 0.0859375 0.17658333333333334
2 0.45703125 0.7440416666666667 0.0859375 0.1706388888888889
2 0.5440859375 0.7331388888888889 0.0814765625 0.17658333333333334
2 0.6283515625 0.7152777777777778 0.0848203125 0.1845277777777778
2 0.7142890625 0.6974166666666667 0.080359375 0.17658333333333334
2 0.7974296875 0.6865138888888889 0.0792421875 0.1706388888888889
2 0.87890625 0.6686527777777778 0.0814765625 0.16666666666666666
2 0.9609375 0.6577361111111111 0.078125 0.18055555555555555
2 0.783484375 0.935513888888889 0.1026796875 0.1289722222222222
2 0.8844843750000001 0.9275833333333333 0.0926328125 0.14484722222222224
2 0.9681953125 0.9226249999999999 0.0636171875 0.1547638888888889