0 0.23828125 0.8005972222222222 0.0971015625 0.31151388888888887
0 0.26953125 0.7242083333333332 0.0770078125 0.3055555555555556
0 0.3683046875 0.6468194444444444 0.1450859375 0.2301527777777778
0 0.173546875 0.5744027777777778 0.11272656249999999 0.2837361111111111
0 0.2706484375 0.42162499999999997 0.088171875 0.2876944444444444
0 0.21428906250000002 0.35218055555555555 0.1004453125 0.19245833333333331
2 0.42075781250000005 0.8759861111111111 0.033484375 0.22420833333333334
2 0.45814843749999995 0.8184583333333333 0.036828125 0.22818055555555555
2 0.4921875 0.7420694444444444 0.033484375 0.22619444444444448
2 0.525671875 0.6884861111111111 0.033484375 0.21031944444444445
2 0.55859375 0.6269861111111111 0.0323671875 0.202375
2 0.5892890625 0.5694444444444444 0.029015625 0.21824999999999997
2 0.6199765625 0.5089305555555556 0.0278984375 0.21230555555555558
2 0.6484375 0.4593194444444444 0.0267890625 0.2162638888888889
2 0.6768984375 0.40675 0.0301328125 0.18651388888888887