0 0.13671875 0.47123611111111113 0.0903984375 0.25595833333333334
0 0.236046875 0.47123611111111113 0.072546875 0.25198611111111113
0 0.345421875 0.4504027777777778 0.0591484375 0.26190277777777776
0 0.44555468749999994 0.45920833333333333 0.0626796875 0.23719444444444446
0 0.8408203125 0.4145 0.05603125 0.24045833333333333
0 0.734375 0.42643055555555553 0.07171875 0.23719444444444446
0 0.5546875 0.4404722222222222 0.0513359375 0.22619444444444448
0 0.646203125 0.42856944444444445 0.064734375 0.26190277777777776
2 0.3816953125 0.6617083333333333 0.12276562499999999 0.2043611111111111
2 0.5 0.6537638888888888 0.109375 0.20833333333333334
2 0.6104921875 0.6418611111111111 0.10714062499999999 0.20040277777777776
2 0.71875 0.6289722222222223 0.109375 0.2063472222222222
2 0.8275703125 0.6230138888888889 0.1082578125 0.202375
2 0.9363828125 0.6120972222222222 0.10714062499999999 0.20040277777777776
2 0.728234375 0.8551527777777779 0.1261171875 0.22619444444444448
2 0.85546875 0.8402777777777778 0.1238828125 0.22420833333333334
2 0.9587031250000001 0.8323472222222221 0.0825859375 0.22818055555555555