0 0.162390625 0.6994027777777778 0.0792421875 0.19245833333333331
0 0.247765625 0.6825416666666667 0.075890625 0.16269444444444445
0 0.3364921875 0.6775833333333333 0.0792421875 0.16070833333333331
0 0.4829140625 0.640625 0.0779453125 0.14127777777777778
0 0.5747109375 0.6614583333333334 0.0896015625 0.21300000000000002
0 0.7329140625 0.6276111111111111 0.0679296875 0.15538888888888888
0 0.8237343750000001 0.6371527777777778 0.104125 0.19238888888888891
0 0.6235390625 0.5824722222222222 0.0754375 0.10720833333333334
0 0.4052734375 0.6475694444444444 0.0843515625 0.1391111111111111
2 0.1361640625 0.7688472222222222 0.0825859375 0.16468055555555555
2 0.220984375 0.7529722222222222 0.0848203125 0.15675
2 0.3052421875 0.7380972222222222 0.0814765625 0.15079166666666666
2 0.3878359375 0.7261944444444445 0.0814765625 0.1547638888888889
2 0.46986718749999995 0.7182499999999999 0.078125 0.15079166666666666
2 0.548546875 0.7083333333333334 0.0792421875 0.15079166666666666
2 0.6300234375 0.6984166666666667 0.0814765625 0.1547638888888889
2 0.7142890625 0.6984166666666667 0.080359375 0.1428611111111111
2 0.7862734375 0.6785694444444444 0.088171875 0.15079166666666666
2 0.455359375 0.9226249999999999 0.091515625 0.1547638888888889
2 0.5479921875 0.9146805555555556 0.0892890625 0.16666666666666666
2 0.6361640625 0.9007916666666668 0.0892890625 0.16666666666666666
2 0.7254453125 0.8928611111111111 0.0870546875 0.16269444444444445
2 0.8119453125 0.8829305555555556 0.0859375 0.1706388888888889
2 0.9017890625 0.873013888888889 0.091515625 0.18254166666666669
2 0.9737734375 0.8640833333333333 0.052453125 0.18055555555555555