0 0.1875 0.6120972222222222 0.0669609375 0.20833333333333334
0 0.2511171875 0.6696388888888889 0.0870546875 0.22420833333333334
0 0.36328125 0.5754027777777778 0.0457578125 0.21824999999999997
0 0.392296875 0.5287638888888888 0.036828125 0.20040277777777776
0 0.46038281249999996 0.45237499999999997 0.0346015625 0.19444444444444445
0 0.44642968749999995 0.4077361111111111 0.0580390625 0.17658333333333334
0 0.5636171875 0.4890833333333333 0.0870546875 0.10912499999999999
0 0.5323671875 0.639875 0.044640625 0.2162638888888889
2 0.138953125 0.35515277777777776 0.0323671875 0.13095833333333334
2 0.1004453125 0.37995833333333334 0.0401796875 0.1289722222222222
2 0.0189765625 0.4444444444444444 0.0267890625 0.1388888888888889
2 0.3738828125 0.7589305555555554 0.0357109375 0.16468055555555555
2 0.412390625 0.7132916666666668 0.041296875 0.16468055555555555
2 0.45200781250000005 0.6686527777777778 0.0379453125 0.15873611111111113
2 0.490515625 0.6349166666666667 0.0390625 0.1428611111111111
2 0.5301328125 0.5892916666666667 0.0357109375 0.14681944444444445
2 0.564171875 0.5515833333333333 0.0323671875 0.1547638888888889
2 0.59765625 0.5228194444444445 0.0323671875 0.15675
2 0.6300234375 0.49008333333333337 0.0301328125 0.14681944444444445
2 0.6607109375 0.4513888888888889 0.03125 0.14484722222222224