0 0.2081484375 0.7251944444444445 0.068078125 0.29959722222222224
0 0.279578125 0.6488055555555555 0.0814765625 0.26984722222222224
0 0.3699765625 0.5982083333333333 0.0948671875 0.20040277777777776
0 0.1489921875 0.6200416666666667 0.0903984375 0.20040277777777776
0 0.73975 0.4878472222222222 0.0908828125 0.24740277777777778
0 0.56640625 0.5546944444444445 0.0997890625 0.25369444444444444
0 0.6694375 0.5208333333333334 0.080625 0.2593333333333333
0 0.3761171875 0.4990138888888889 0.0982109375 0.10912499999999999
0 0.3604921875 0.4107083333333333 0.0401796875 0.1388888888888889
2 0.1339296875 0.3452361111111111 0.0669609375 0.15079166666666666
2 0.064171875 0.36706944444444445 0.0703125 0.16269444444444445
2 0.015070312499999999 0.37995833333333334 0.025671875 0.16468055555555555
2 0.0435234375 0.7331388888888889 0.080359375 0.19643055555555555
2 0.127234375 0.6984166666666667 0.080359375 0.18651388888888887
2 0.2081484375 0.6676527777777778 0.0770078125 0.18055555555555555
2 0.2846015625 0.6428611111111111 0.0736640625 0.17856944444444445
2 0.361046875 0.6160694444444444 0.0747734375 0.172625
2 0.44028906250000005 0.5972222222222222 0.0747734375 0.18254166666666669
2 0.501671875 0.5605138888888889 0.072546875 0.17658333333333334
2 0.575890625 0.5337361111111112 0.0714296875 0.16666666666666666
2 0.6674140625 0.515875 0.095984375 0.1388888888888889