0 0.150109375 0.6656805555555556 0.0770078125 0.2876944444444444
0 0.208703125 0.6974166666666667 0.0691953125 0.2797638888888889
0 0.298546875 0.6388888888888888 0.0859375 0.26984722222222224
0 0.3591328125 0.6076388888888888 0.0765390625 0.2580277777777778
0 0.568359375 0.5694444444444444 0.067078125 0.26411111111111113
0 0.6860390625 0.5269166666666667 0.06371875 0.25845833333333335
0 0.7587890625 0.4943611111111111 0.0624375 0.2510833333333333
0 0.4028359375 0.4739583333333333 0.0533125 0.26366666666666666
0 0.3816953125 0.5446388888888889 0.0424140625 0.2162638888888889
2 0.390625 0.4196388888888889 0.0691953125 0.16468055555555555
2 0.318078125 0.4345277777777778 0.0691953125 0.1745972222222222
2 0.24609375 0.4583333333333333 0.0747734375 0.16269444444444445