0 0.2139765625 0.6188333333333333 0.0651015625 0.18209722222222224
0 0.305125 0.6103333333333333 0.0598984375 0.19906944444444447
0 0.38758593750000003 0.5949027777777778 0.0651015625 0.1867222222222222
0 0.48828125 0.5933611111111111 0.06684375000000001 0.1867222222222222
0 0.56640625 0.5895 0.068578125 0.17283333333333334
0 0.63671875 0.5833333333333334 0.0598984375 0.19136111111111112
0 0.7248281249999999 0.571763888888889 0.0711796875 0.18055555555555555
0 0.8116328125000001 0.5709861111111111 0.0677109375 0.18209722222222224
2 0.5763906249999999 0.848 0.095484375 0.1743888888888889
2 0.6727421875 0.8356527777777777 0.09028125000000001 0.1743888888888889
2 0.7647578125 0.8263888888888888 0.092015625 0.18363888888888888
2 0.859375 0.8140416666666667 0.09375 0.1743888888888889
2 0.9522578125000001 0.8078749999999999 0.09375 0.17129166666666668
2 0.9383671874999999 0.9760833333333333 0.10416406250000002 0.04783333333333333