0 0.1941953125 0.6339305555555556 0.0714296875 0.2956388888888889
0 0.2667421875 0.6021805555555555 0.078125 0.27181944444444445
0 0.38671875 0.5704305555555556 0.0747734375 0.27181944444444445
0 0.538578125 0.5620694444444444 0.099671875 0.24413888888888888
0 0.411625 0.4587638888888889 0.0849609375 0.24522222222222223
0 0.591796875 0.4965277777777778 0.070921875 0.27344444444444443
0 0.5786796875 0.36606944444444445 0.052453125 0.18055555555555555
0 0.6411796875 0.3581388888888889 0.0658515625 0.16468055555555555
2 0.02734375 0.25 0.0502265625 0.17856944444444445
2 0.083703125 0.6557499999999999 0.0870546875 0.19643055555555555
2 0.185828125 0.6448472222222222 0.0747734375 0.14681944444444445
2 0.5089296875 0.4613055555555555 0.0669609375 0.15675
2 0.546875 0.42262500000000003 0.053570312499999995 0.15079166666666666
2 0.7433046875 0.8869027777777778 0.078125 0.22619444444444448
2 0.81640625 0.8412638888888889 0.068078125 0.2063472222222222
2 0.8822578125 0.8055555555555556 0.068078125 0.21429166666666666
2 0.94921875 0.7609166666666667 0.0658515625 0.21230555555555558
2 0.9916328125 0.7430555555555556 0.0167421875 0.2202361111111111