0 0.1824765625 0.6547638888888889 0.0591484375 0.24206944444444442
0 0.33203125 0.6259861111111111 0.0591484375 0.24008333333333334
0 0.2502421875 0.6393194444444444 0.07861718749999999 0.2197222222222222
0 0.4301796875 0.6284722222222222 0.0542890625 0.21006944444444445
0 0.599125 0.6111111111111112 0.052523437500000006 0.20865277777777777
0 0.666015625 0.5993888888888889 0.0477890625 0.22504166666666667
0 0.525671875 0.6031805555555556 0.0580390625 0.24206944444444442
0 0.739953125 0.5793611111111111 0.064734375 0.22619444444444448
2 0.43359375 0.8363055555555555 0.1104921875 0.1845277777777778
2 0.5362734375 0.8234166666666667 0.088171875 0.18254166666666669
2 0.6261171875 0.8065416666666667 0.0870546875 0.1845277777777778
2 0.713171875 0.7936527777777778 0.0870546875 0.17856944444444445
2 0.8046875 0.7886944444444445 0.0870546875 0.172625
2 0.8939765625 0.7767916666666667 0.0848203125 0.172625
2 0.9704218750000001 0.7757916666666668 0.0591484375 0.1904722222222222
2 0.8928593749999999 0.9543611111111111 0.0982109375 0.09126388888888888
2 0.9709843749999999 0.9444444444444444 0.0580390625 0.1111111111111111
2 0.7901796875 0.9603194444444444 0.1004453125 0.07936111111111112