0 0.0950546875 0.4537083333333334 0.10503124999999999 0.09259722222222222
0 0.2721328125 0.6975277777777779 0.11371875000000001 0.19752777777777777
0 0.39539843750000003 0.5864166666666667 0.06684375000000001 0.19752777777777777
0 0.43446093750000003 0.6064861111111112 0.0703125 0.20679166666666665
0 0.466578125 0.7746944444444444 0.1241328125 0.2222222222222222
0 0.7816875 0.7029305555555556 0.0807265625 0.2361111111111111
0 0.5807265625 0.4760833333333333 0.0555546875 0.2175972222222222
0 0.5716171875 0.42206944444444444 0.087671875 0.1867222222222222
0 0.7039921875 0.5154305555555556 0.095484375 0.20679166666666665
2 0.15278125 0.4405833333333334 0.022570312500000002 0.14351388888888889
2 0.132375 0.4861111111111111 0.021703125 0.1605
2 0.11284374999999999 0.5192916666666666 0.022570312500000002 0.1527777777777778
2 0.091578125 0.5586388888888889 0.0234375 0.1512361111111111
2 0.0694453125 0.6018472222222222 0.026039062499999998 0.15740277777777778
2 0.04253125 0.6504583333333334 0.026039062499999998 0.17129166666666668
2 0.020398437499999998 0.6990694444444444 0.025171875 0.16975
2 0.0911484375 0.8040138888888889 0.123265625 0.08641666666666667