0 0.161890625 0.6396666666666667 0.0755234375 0.14969444444444444
0 0.242625 0.6327222222222222 0.0633671875 0.1388888888888889
0 0.322484375 0.6311666666666667 0.068578125 0.129625
0 0.3997421875 0.6172777777777778 0.0598984375 0.12654166666666666
0 0.47916406250000004 0.6080277777777777 0.064234375 0.14815277777777777
0 0.5546875 0.6010833333333333 0.064234375 0.12808333333333333
0 0.6349843749999999 0.5995416666666666 0.06684375000000001 0.11883333333333333
0 0.703125 0.5879583333333334 0.0625 0.120375
0 0.7786484375 0.5756111111111111 0.05903125 0.1388888888888889
2 0.5798593750000001 0.8665138888888889 0.0868046875 0.16820833333333332
2 0.6688359375 0.8564861111111111 0.087671875 0.17283333333333334
2 0.7565078125 0.848 0.0859375 0.16204166666666667
2 0.8446171874999999 0.8395 0.0868046875 0.1605
2 0.9318593749999999 0.8302499999999999 0.08940624999999999 0.16358333333333333
2 0.9869765625 0.8233055555555555 0.026039062499999998 0.15894444444444444
2 0.9188359374999999 0.9807083333333334 0.099828125 0.03858333333333334
2 0.9835078125000001 0.978388888888889 0.032984374999999996 0.043208333333333335