0 0.161828125 0.5873055555555555 0.060265625 0.25397222222222227
0 0.29296875 0.6071388888888889 0.0457578125 0.23809722222222224
0 0.369421875 0.5863055555555555 0.049109375 0.24801388888888887
0 0.46930468750000004 0.5644861111111111 0.056921875 0.2043611111111111
0 0.548546875 0.5664722222222223 0.0658515625 0.19245833333333331
0 0.6356015625 0.5615138888888889 0.0502265625 0.2222222222222222
0 0.7176328125 0.5535694444444444 0.0580390625 0.234125
0 0.8175234375 0.5486111111111112 0.068078125 0.20833333333333334
2 0.3878359375 0.7569444444444444 0.088171875 0.1686527777777778
2 0.47935156250000005 0.7440416666666667 0.0903984375 0.16666666666666666
2 0.572546875 0.7311527777777778 0.09375 0.1686527777777778
2 0.6635078125 0.7182499999999999 0.0859375 0.1706388888888889
2 0.755578125 0.7103194444444445 0.091515625 0.1706388888888889
2 0.8487734375 0.7013888888888888 0.0903984375 0.1686527777777778
2 0.9402890625 0.6884861111111111 0.0926328125 0.1706388888888889
2 0.9944218749999999 0.6805555555555556 0.011164062499999999 0.17856944444444445
2 0.744421875 0.9275833333333333 0.0982109375 0.14484722222222224
2 0.8443046875 0.9206388888888889 0.1015625 0.15873611111111113
2 0.9481015625 0.9136944444444445 0.10379687500000001 0.172625