0 0.21875 0.6964305555555556 0.0625 0.21429166666666666
0 0.5590859375 0.5746527777777778 0.0725078125 0.2033472222222222
0 0.3723125 0.6037361111111111 0.077515625 0.19575
0 0.48046875 0.6705694444444444 0.0445234375 0.22418055555555555
0 0.5258828125 0.49695833333333334 0.069640625 0.16504166666666667
0 0.21569531249999999 0.6067777777777777 0.045015625 0.16395833333333332
0 0.4248046875 0.5668472222222222 0.0647578125 0.1867361111111111
0 0.544640625 0.4761944444444445 0.0424140625 0.19444444444444445
2 0.420203125 0.45337500000000003 0.0435234375 0.14880555555555555
2 0.3783515625 0.4761944444444445 0.0424140625 0.1388888888888889
2 0.2745546875 0.5277777777777778 0.0424140625 0.1388888888888889
2 0.1668515625 0.578375 0.0502265625 0.13293055555555555
2 0.2472109375 0.5843194444444444 0.0971015625 0.04959722222222222
2 0.1160703125 0.6061527777777778 0.055804687500000005 0.14484722222222224
2 0.056921875 0.6359166666666667 0.0580390625 0.1527777777777778
2 0.013953125 0.6587361111111112 0.025671875 0.14681944444444445
2 0.5306953125 0.8323472222222221 0.0502265625 0.172625
2 0.58203125 0.7986111111111112 0.0502265625 0.16468055555555555
2 0.634484375 0.7648750000000001 0.052453125 0.15675
2 0.685828125 0.7311527777777778 0.0479921875 0.15675
2 0.7349296875 0.7004027777777778 0.0479921875 0.16269444444444445
2 0.782921875 0.6686527777777778 0.0479921875 0.1547638888888889
2 0.8292421875 0.639875 0.044640625 0.15675
2 0.8733281249999999 0.6130972222222222 0.0457578125 0.15873611111111113
2 0.9190859375 0.5813472222222222 0.0435234375 0.15079166666666666