0 0.1612734375 0.6180555555555556 0.1283515625 0.3511944444444445
0 0.22265625 0.4593194444444444 0.11942187500000001 0.2162638888888889
0 0.365515625 0.515875 0.1082578125 0.34920833333333334
0 0.44642968749999995 0.4583333333333333 0.10491406249999999 0.29365277777777776
0 0.6322578125 0.4543611111111111 0.0948671875 0.31745833333333334
0 0.630578125 0.3472222222222222 0.1026796875 0.24602777777777776
0 0.6785703125 0.2609166666666667 0.091515625 0.1289722222222222
0 0.6640625 0.19841666666666669 0.1473203125 0.15079166666666666
2 0.0708671875 0.6458333333333334 0.088171875 0.25595833333333334
2 0.162390625 0.6011944444444445 0.0903984375 0.23809722222222224
2 0.251671875 0.5505972222222222 0.083703125 0.24008333333333334
2 0.3387265625 0.5049583333333333 0.0859375 0.22818055555555555
2 0.41852343750000004 0.46626388888888887 0.0714296875 0.2063472222222222
2 0.95703125 0.8998055555555555 0.0792421875 0.20040277777777776