0 0.1707578125 0.6567500000000001 0.0580390625 0.25793055555555555
0 0.22265625 0.6379027777777778 0.0479921875 0.2638888888888889
0 0.3125 0.6299583333333333 0.0825859375 0.25991666666666663
0 0.4091796875 0.5950555555555556 0.0886875 0.21929166666666663
0 0.5859375 0.5737916666666667 0.08478125 0.26366666666666666
0 0.8247109375000001 0.5473055555555556 0.0739765625 0.234375
0 0.7426796875 0.5651111111111111 0.0625625 0.25195833333333334
0 0.460453125 0.5928888888888889 0.0706796875 0.24045833333333333
0 0.5625 0.48809722222222224 0.0625 0.13491666666666666
2 0.03515625 0.27579166666666666 0.061382812499999995 0.14681944444444445
2 0.0502265625 0.46329166666666666 0.080359375 0.1527777777777778
2 0.131140625 0.4444444444444444 0.0770078125 0.1547638888888889
2 0.2109375 0.4345277777777778 0.075890625 0.14681944444444445
2 0.286828125 0.4206388888888889 0.075890625 0.1428611111111111
2 0.361609375 0.4077361111111111 0.0736640625 0.14484722222222224
2 0.0792421875 0.6865138888888889 0.0870546875 0.16666666666666666
2 0.1651796875 0.6686527777777778 0.0825859375 0.16269444444444445
2 0.2505546875 0.6507916666666667 0.0859375 0.16269444444444445
2 0.3353828125 0.6359166666666667 0.083703125 0.16070833333333331
2 0.41741406249999996 0.6190416666666666 0.078125 0.16269444444444445
2 0.497765625 0.6061527777777778 0.080359375 0.16468055555555555
2 0.5792421875 0.5892916666666667 0.080359375 0.16269444444444445
2 0.6596015625 0.5714305555555556 0.075890625 0.1706388888888889
2 0.7533515625 0.577375 0.109375 0.09920833333333334
2 0.48883593750000004 0.8839305555555554 0.0892890625 0.1845277777777778
2 0.580359375 0.8640833333333333 0.0870546875 0.1845277777777778
2 0.66796875 0.8472222222222222 0.0859375 0.1904722222222222
2 0.7578125 0.8333333333333334 0.091515625 0.1904722222222222
2 0.8471015625 0.8115138888888889 0.0848203125 0.18254166666666669
2 0.93359375 0.7936527777777778 0.0859375 0.17856944444444445
2 0.9899531250000001 0.7896805555555556 0.0200859375 0.1904722222222222