0 0.1439765625 0.6636944444444445 0.0736640625 0.22818055555555555
0 0.23492968749999998 0.6567500000000001 0.0658515625 0.2063472222222222
0 0.3013359375 0.6507916666666667 0.044640625 0.22619444444444448
0 0.40346093749999995 0.6329305555555556 0.0479921875 0.23809722222222224
0 0.74365625 0.5924444444444444 0.0453515625 0.20833333333333334
0 0.7856484375 0.5768194444444444 0.0472421875 0.20865277777777777
0 0.630859375 0.5933194444444444 0.0600859375 0.2033472222222222
0 0.576171875 0.6080694444444444 0.055820312500000004 0.2064861111111111
0 0.4677734375 0.5959166666666667 0.053890625000000004 0.23719444444444446
2 0.3270078125 0.8015833333333333 0.09375 0.1706388888888889
2 0.41741406249999996 0.7896805555555556 0.0870546875 0.16666666666666666
2 0.5044609375 0.7787638888888889 0.0870546875 0.16468055555555555
2 0.5931953125 0.7668611111111111 0.088171875 0.16468055555555555
2 0.677453125 0.7529722222222222 0.0825859375 0.16468055555555555
2 0.765625 0.7460277777777777 0.0870546875 0.16666666666666666
2 0.8498906249999999 0.7351249999999999 0.083703125 0.16070833333333331
2 0.9347109375 0.7242083333333332 0.0859375 0.15873611111111113
2 0.9893984375 0.7202361111111112 0.021203125 0.16269444444444445
2 0.6635078125 0.9414722222222223 0.0948671875 0.11706944444444445
2 0.7606015625 0.939486111111111 0.0971015625 0.12102777777777778
2 0.8577031249999999 0.9315416666666667 0.0926328125 0.13293055555555555
2 0.953125 0.9295694444444444 0.09375 0.140875