0 0.19140625 0.5833333333333334 0.0792421875 0.25397222222222227
0 0.2862734375 0.5694444444444444 0.0747734375 0.26587500000000003
0 0.3800234375 0.546625 0.0703125 0.24801388888888887
0 0.474890625 0.5545694444444444 0.061382812499999995 0.25595833333333334
0 0.5574765625 0.5168611111111111 0.0658515625 0.24801388888888887
0 0.6328125 0.5069444444444444 0.0669609375 0.2361111111111111
0 0.736609375 0.5198472222222222 0.0691953125 0.2222222222222222
2 0.03125 0.6071388888888889 0.060265625 0.17856944444444445
2 0.1082578125 0.5952361111111111 0.091515625 0.1706388888888889
2 0.2081484375 0.5833333333333334 0.099328125 0.16269444444444445
2 0.2935234375 0.5684583333333334 0.0892890625 0.172625
2 0.3828125 0.5595277777777778 0.0870546875 0.16269444444444445
2 0.47210156249999996 0.5495972222222222 0.0892890625 0.16666666666666666
2 0.5597109375 0.5376944444444445 0.088171875 0.1745972222222222
2 0.666296875 0.5505972222222222 0.1004453125 0.125
2 0.734375 0.5129027777777778 0.080359375 0.16070833333333331
2 0.3716484375 0.7946388888888889 0.095984375 0.19245833333333331
2 0.470421875 0.7827361111111112 0.0948671875 0.19245833333333331
2 0.56640625 0.7619027777777778 0.0971015625 0.17856944444444445
2 0.661828125 0.751986111111111 0.09375 0.17856944444444445
2 0.7572578125 0.7370972222222223 0.0926328125 0.18055555555555555
2 0.8532343750000001 0.7251944444444445 0.0971015625 0.18055555555555555
2 0.94921875 0.7113055555555555 0.0948671875 0.17658333333333334
2 0.8950859375 0.9474166666666667 0.10491406249999999 0.10515277777777778
2 0.9748906249999999 0.9444444444444444 0.0502265625 0.1111111111111111