0 0.1328125 0.5019861111111111 0.075890625 0.19444444444444445
0 0.3052421875 0.6954305555555556 0.0814765625 0.24801388888888887
0 0.45033593749999995 0.5565416666666666 0.135046875 0.11706944444444445
0 0.435828125 0.5188472222222222 0.1171875 0.10912499999999999
0 0.6166328125 0.4642916666666667 0.0658515625 0.2063472222222222
0 0.6411796875 0.40873611111111113 0.061382812499999995 0.18254166666666669
0 0.45982031250000005 0.7619027777777778 0.0736640625 0.2222222222222222
2 0.381140625 0.8174583333333334 0.0301328125 0.18651388888888887
2 0.41015625 0.7638888888888888 0.0234375 0.1706388888888889
2 0.435265625 0.7162638888888889 0.0245546875 0.17856944444444445
2 0.459265625 0.6706388888888889 0.0234375 0.16666666666666666
2 0.484375 0.6269861111111111 0.0223203125 0.15873611111111113
2 0.5066953125 0.5863055555555555 0.0200859375 0.16070833333333331
2 0.529578125 0.5426527777777778 0.0234375 0.14484722222222224
2 0.55078125 0.5029722222222222 0.0167421875 0.14484722222222224
2 0.5708671875 0.4652777777777778 0.021203125 0.14880555555555555
0 0.720984375 0.5267916666666667 0.055804687500000005 0.22420833333333334
0 0.7332578125 0.7162638888888889 0.10491406249999999 0.21824999999999997