0 0.1517890625 0.7182499999999999 0.055804687500000005 0.26587500000000003
0 0.205359375 0.6894861111111111 0.055804687500000005 0.23213888888888887
0 0.3175234375 0.672625 0.072546875 0.21824999999999997
0 0.3895078125 0.6577361111111111 0.044640625 0.2202361111111111
0 0.44507031250000006 0.6467083333333333 0.056546874999999996 0.22156944444444446
0 0.716796875 0.6228333333333333 0.0653671875 0.22808333333333333
0 0.8061562500000001 0.6028611111111111 0.066953125 0.22309722222222222
0 0.552734375 0.6280416666666666 0.05697656250000001 0.237625
0 0.5835 0.6006944444444444 0.0535859375 0.24327777777777776
2 0.287390625 0.43948611111111113 0.0747734375 0.140875
2 0.213171875 0.4513888888888889 0.0736640625 0.14484722222222224
2 0.1372734375 0.46329166666666666 0.078125 0.14484722222222224
2 0.0580390625 0.4751944444444444 0.075890625 0.14880555555555555
2 0.057476562499999995 0.6736111111111112 0.083703125 0.16468055555555555
2 0.142296875 0.6577361111111111 0.0792421875 0.1686527777777778
2 0.22600781250000002 0.6428611111111111 0.088171875 0.16666666666666666
2 0.3125 0.6309583333333334 0.078125 0.16269444444444445
2 0.3911796875 0.6190416666666666 0.0814765625 0.16269444444444445
2 0.470984375 0.6041666666666666 0.078125 0.16070833333333331
2 0.5496640625 0.5922638888888889 0.0747734375 0.15675
2 0.6261171875 0.5803611111111111 0.0825859375 0.15675
2 0.337609375 0.8660694444444446 0.0903984375 0.17658333333333334
2 0.427453125 0.8462361111111111 0.0848203125 0.1845277777777778
2 0.513953125 0.8333333333333334 0.088171875 0.1745972222222222
2 0.6015625 0.8164722222222223 0.0848203125 0.1845277777777778
2 0.6886171875 0.8035694444444446 0.0870546875 0.1706388888888889
2 0.7734375 0.7886944444444445 0.080359375 0.1686527777777778
2 0.8577031249999999 0.7718194444444445 0.0859375 0.16666666666666666
2 0.9447578125 0.7549583333333334 0.0859375 0.1686527777777778
2 0.9559140625 0.9751944444444445 0.088171875 0.04959722222222222