0 0.1729921875 0.6617083333333333 0.10491406249999999 0.22420833333333334
0 0.3325859375 0.702375 0.0736640625 0.15873611111111113
0 0.3599296875 0.3759861111111111 0.0770078125 0.18055555555555555
0 0.4243203125 0.6705694444444444 0.0616484375 0.21300000000000002
0 0.5512734375 0.47656944444444443 0.07666406249999999 0.18608333333333332
0 0.4931640625 0.6089444444444444 0.08978125 0.19466666666666665
0 0.40698437500000006 0.5143194444444444 0.0745234375 0.12630555555555556
0 0.662109375 0.4704861111111111 0.08709375 0.21268055555555554
2 0.454796875 0.43948611111111113 0.0301328125 0.14880555555555555
2 0.2723203125 0.7807499999999999 0.0267890625 0.19643055555555555
2 0.3041328125 0.7281805555555555 0.0278984375 0.1706388888888889
2 0.33984375 0.6527777777777778 0.036828125 0.1547638888888889
2 0.42578125 0.47420833333333334 0.0301328125 0.16666666666666666
2 0.390625 0.6200416666666667 0.0401796875 0.10119444444444445