0 0.3671875 0.7410694444444446 0.0714296875 0.33929166666666666
0 0.470984375 0.4345277777777778 0.0691953125 0.28968055555555555
0 0.654578125 0.37301388888888887 0.0747734375 0.29365277777777776
0 0.5869140625 0.40929166666666666 0.110109375 0.2712638888888889
0 0.2536640625 0.6371527777777778 0.0770859375 0.2905833333333333
0 0.2629375 0.4900138888888889 0.07275781249999999 0.2877638888888889
0 0.21753125 0.46094444444444443 0.059109375 0.32790277777777777
0 0.1863828125 0.5178611111111111 0.0736640625 0.24206944444444442
2 0.2159609375 0.28670833333333334 0.0636171875 0.2043611111111111
2 0.1568046875 0.3293611111111111 0.0591484375 0.1904722222222222
2 0.1439765625 0.4543611111111111 0.11160937500000001 0.09920833333333334
2 0.04296875 0.4097222222222222 0.056921875 0.2043611111111111
2 0.5267890625 0.8462361111111111 0.055804687500000005 0.25198611111111113
2 0.5831484375 0.7767916666666667 0.0546875 0.24008333333333334
2 0.6378359375 0.7251944444444445 0.0546875 0.24801388888888887
2 0.6902890625 0.6736111111111112 0.0479921875 0.2361111111111111
2 0.739953125 0.6210277777777777 0.053570312499999995 0.234125
2 0.791296875 0.5754027777777778 0.046875 0.2301527777777778
2 0.83984375 0.5287638888888888 0.0479921875 0.2361111111111111
2 0.8872734375 0.4831388888888889 0.044640625 0.22420833333333334
2 0.9324765625 0.43352777777777773 0.0435234375 0.20833333333333334