0 0.16796875 0.6775833333333333 0.0747734375 0.22420833333333334
0 0.3052421875 0.7529722222222222 0.0658515625 0.24008333333333334
0 0.415734375 0.6587361111111112 0.083703125 0.1745972222222222
0 0.435828125 0.5327361111111111 0.061382812499999995 0.1686527777777778
0 0.3950234375 0.40690277777777784 0.0523359375 0.19065277777777778
0 0.5048828125 0.5755277777777777 0.11395312500000002 0.09998611111111111
0 0.701171875 0.43706944444444445 0.0875859375 0.1462638888888889
0 0.5751953125 0.461375 0.1095 0.12206944444444444
2 0.10491406249999999 0.40079166666666666 0.0379453125 0.1388888888888889
2 0.07421875 0.4375 0.0323671875 0.14880555555555555
2 0.0424140625 0.4722222222222222 0.033484375 0.15873611111111113
2 0.0128359375 0.5089305555555556 0.021203125 0.15675
2 0.47935156250000005 0.810513888888889 0.025671875 0.1845277777777778
2 0.505578125 0.7579305555555556 0.0267890625 0.1706388888888889
2 0.5323671875 0.7123055555555555 0.0245546875 0.17856944444444445
2 0.556359375 0.671625 0.021203125 0.16468055555555555
2 0.5809140625 0.6319444444444444 0.025671875 0.16468055555555555
2 0.60546875 0.5823472222222222 0.021203125 0.172625
2 0.625 0.5426527777777778 0.017859375 0.16468055555555555
2 0.6450859375 0.5109166666666667 0.0200859375 0.14880555555555555
2 0.6685234375 0.4672638888888889 0.0223203125 0.14880555555555555