0 0.161828125 0.6319444444444444 0.075890625 0.14880555555555555
0 0.2606015625 0.6240138888888889 0.072546875 0.14484722222222224
0 0.349328125 0.6111111111111112 0.0669609375 0.15079166666666666
0 0.435265625 0.6021805555555555 0.0714296875 0.16468055555555555
0 0.5189765625 0.5873055555555555 0.075890625 0.15873611111111113
0 0.611046875 0.5902777777777778 0.072546875 0.14484722222222224
0 0.6880546875 0.577375 0.072546875 0.15079166666666666
0 0.775109375 0.5605138888888889 0.0814765625 0.16468055555555555
2 0.635046875 0.8819444444444444 0.09375 0.18055555555555555
2 0.7332578125 0.8363055555555555 0.095984375 0.10912499999999999
2 0.8309140625 0.859125 0.0971015625 0.1745972222222222
2 0.9285703125 0.8492083333333332 0.095984375 0.18651388888888887
2 0.98828125 0.8442500000000001 0.0234375 0.18848611111111113