0 0.1590390625 0.6011944444444445 0.0703125 0.25397222222222227
0 0.2137265625 0.5664722222222223 0.061382812499999995 0.27579166666666666
0 0.3510078125 0.5833333333333334 0.0502265625 0.24602777777777776
0 0.435828125 0.44147222222222227 0.061382812499999995 0.2043611111111111
0 0.451453125 0.5585277777777777 0.056921875 0.25198611111111113
0 0.5063515625 0.5143194444444444 0.0624375 0.26106944444444447
0 0.68359375 0.48047222222222224 0.060757812499999994 0.24154166666666665
0 0.7861328125 0.4778611111111111 0.0965546875 0.23329166666666667
0 0.6826171875 0.33876388888888886 0.090578125 0.123375
2 0.220984375 0.27679166666666666 0.0691953125 0.14880555555555555
2 0.1947578125 0.37897222222222227 0.11272656249999999 0.051583333333333335
2 0.0825859375 0.30258333333333337 0.0736640625 0.13690277777777776
2 0.0870546875 0.40675 0.12053906249999999 0.05555555555555555
2 0.0630546875 0.6011944444444445 0.0792421875 0.16269444444444445
2 0.1456484375 0.5754027777777778 0.083703125 0.16666666666666666
2 0.22321093749999998 0.5515833333333333 0.0691953125 0.16666666666666666
2 0.295203125 0.5317500000000001 0.0747734375 0.16269444444444445
2 0.6478828125 0.4265833333333333 0.068078125 0.1547638888888889
2 0.5786796875 0.4543611111111111 0.0658515625 0.1547638888888889
2 0.5066953125 0.4722222222222222 0.0736640625 0.15873611111111113
2 0.45367968750000004 0.5089305555555556 0.1015625 0.13293055555555555
2 0.5552421875 0.8125 0.0792421875 0.19245833333333331
2 0.6361640625 0.7837361111111111 0.0825859375 0.18651388888888887
2 0.71484375 0.7549583333333334 0.072546875 0.18055555555555555
2 0.7918515625 0.7301527777777779 0.0770078125 0.18254166666666669
2 0.8683046875 0.703375 0.0736640625 0.18055555555555555
2 0.9436406249999999 0.6825416666666667 0.072546875 0.1745972222222222
2 0.9899531250000001 0.6676527777777778 0.0200859375 0.18055555555555555