0 0.1640625 0.546625 0.0736640625 0.2916666666666667
0 0.25390625 0.5109166666666667 0.0747734375 0.2876944444444444
0 0.3956484375 0.5188472222222222 0.0591484375 0.29959722222222224
0 0.5234375 0.5218194444444444 0.095984375 0.2738055555555555
0 0.5513359375 0.4831388888888889 0.0401796875 0.29959722222222224
0 0.5909609375 0.4206388888888889 0.0926328125 0.2738055555555555
0 0.6953125 0.4196388888888889 0.0848203125 0.27579166666666666
2 0.1841484375 0.22320833333333334 0.078125 0.1686527777777778
2 0.1004453125 0.235125 0.0870546875 0.16468055555555555
2 0.03515625 0.5535694444444444 0.0636171875 0.19841666666666669
2 0.11495312499999999 0.5297638888888889 0.0892890625 0.1904722222222222
2 0.3939765625 0.46626388888888887 0.0848203125 0.1904722222222222
2 0.302453125 0.49106944444444445 0.09375 0.19643055555555555
2 0.208703125 0.5119027777777778 0.095984375 0.19444444444444445
2 0.49497656250000005 0.4642916666666667 0.10602343750000001 0.1745972222222222
2 0.579796875 0.4245972222222222 0.083703125 0.18651388888888887
2 0.662390625 0.3988055555555555 0.083703125 0.18651388888888887
2 0.46038281249999996 0.8234166666666667 0.099328125 0.21429166666666666
2 0.560265625 0.7906805555555555 0.095984375 0.21230555555555558
2 0.6596015625 0.7708333333333334 0.1004453125 0.2202361111111111
2 0.759484375 0.7410694444444446 0.099328125 0.21230555555555558
2 0.8577031249999999 0.7123055555555555 0.0948671875 0.21429166666666666
2 0.953125 0.6954305555555556 0.09375 0.2202361111111111