0 0.2823671875 0.4305555555555556 0.0714296875 0.2738055555555555
0 0.3995546875 0.6031805555555556 0.0825859375 0.31348611111111113
0 0.254640625 0.640625 0.072390625 0.27755555555555556
0 0.20007031249999999 0.657125 0.08154687499999999 0.25043055555555555
0 0.5493203125 0.41384722222222226 0.053500000000000006 0.2033472222222222
0 0.5556640625 0.5390694444444445 0.1202421875 0.18380555555555556
0 0.60303125 0.3962638888888889 0.059875 0.19194444444444442
2 0.2706484375 0.3640833333333333 0.0792421875 0.16468055555555555
2 0.21428906250000002 0.39087500000000003 0.0691953125 0.16269444444444445
2 0.142296875 0.4206388888888889 0.0703125 0.1706388888888889
2 0.1690859375 0.5069444444444444 0.146203125 0.12102777777777778
2 0.0278984375 0.4831388888888889 0.0513359375 0.17658333333333334
2 0.032921875 0.6150833333333333 0.0636171875 0.07936111111111112
2 0.4453125 0.7986111111111112 0.0691953125 0.21230555555555558
2 0.513953125 0.7490138888888889 0.061382812499999995 0.20833333333333334
2 0.57421875 0.7043611111111111 0.0591484375 0.2063472222222222
2 0.6339296875 0.6686527777777778 0.0580390625 0.202375
2 0.693640625 0.6309583333333334 0.0546875 0.21429166666666666
2 0.7488828125 0.5932499999999999 0.053570312499999995 0.19444444444444445
2 0.8041328125 0.5575416666666667 0.052453125 0.19841666666666669
2 0.8588203125 0.5257916666666667 0.0546875 0.19444444444444445
0 0.59765625 0.4623055555555556 0.0591484375 0.19841666666666669