0 0.1674140625 0.6478194444444445 0.0625 0.24404166666666668
0 0.232140625 0.625 0.053570312499999995 0.24602777777777776
0 0.3292421875 0.6289722222222223 0.060265625 0.21429166666666666
0 0.40289843750000004 0.6081388888888889 0.0580390625 0.22420833333333334
0 0.5089296875 0.5863055555555555 0.055804687500000005 0.2361111111111111
0 0.5691953125 0.577375 0.055804687500000005 0.23809722222222224
0 0.6651796875 0.5694444444444444 0.060265625 0.2301527777777778
0 0.7349296875 0.5565416666666666 0.0479921875 0.22818055555555555
0 0.80078125 0.5446388888888889 0.0546875 0.2361111111111111
2 0.0909609375 0.6984166666666667 0.11272656249999999 0.06348611111111112
2 0.1439765625 0.6200416666666667 0.091515625 0.16468055555555555
2 0.22991406250000002 0.6031805555555556 0.0736640625 0.15873611111111113
2 0.3080390625 0.5982083333333333 0.080359375 0.15675
2 0.3872734375 0.5853194444444445 0.078125 0.15079166666666666
2 0.46930468750000004 0.5714305555555556 0.0814765625 0.15873611111111113
2 0.545203125 0.5605138888888889 0.0703125 0.16468055555555555
2 0.6199765625 0.5565416666666666 0.0770078125 0.15675
2 0.701453125 0.5426527777777778 0.083703125 0.1527777777777778
2 0.375 0.7876944444444445 0.0870546875 0.1745972222222222
2 0.46372656250000005 0.7777777777777778 0.088171875 0.1706388888888889
2 0.5502265625 0.7668611111111111 0.0848203125 0.1686527777777778
2 0.634484375 0.75 0.083703125 0.16666666666666666
2 0.720421875 0.7410694444444446 0.0814765625 0.172625
2 0.8030156249999999 0.7281805555555555 0.0859375 0.16269444444444445
2 0.8872734375 0.7182499999999999 0.0825859375 0.16269444444444445
2 0.9642890625 0.7083333333333334 0.0714296875 0.16269444444444445
2 0.739953125 0.9434583333333333 0.095984375 0.11309722222222224
2 0.8359375 0.9375 0.095984375 0.125
2 0.9313593750000001 0.9285694444444446 0.0926328125 0.1428611111111111
2 0.9888359375 0.921625 0.0223203125 0.15675