0 0.173609375 0.6550972222222222 0.0729140625 0.13116666666666665
0 0.2630234375 0.647375 0.0694453125 0.13734722222222223
0 0.33940625 0.6373472222222222 0.06596874999999999 0.129625
0 0.43099218749999996 0.6219166666666667 0.08246875000000001 0.14505555555555555
0 0.5147578125 0.6211388888888889 0.0711796875 0.12191666666666667
0 0.5920156249999999 0.6080277777777777 0.076390625 0.14197222222222222
0 0.6766484375 0.6010833333333333 0.07378124999999999 0.12808333333333333
0 0.7599843749999999 0.6018472222222222 0.068578125 0.10802777777777778
2 0.6236953125 0.8904305555555556 0.0946171875 0.16975
2 0.7196171875 0.8819444444444444 0.095484375 0.17747222222222223
2 0.8125 0.8680555555555556 0.09721874999999999 0.17747222222222223
2 0.9079843750000001 0.8611111111111112 0.095484375 0.17593055555555556
2 0.9774296874999999 0.8518472222222223 0.045140625000000004 0.17901388888888886