0 0.1261171875 0.5902777777777778 0.0580390625 0.25991666666666663
0 0.2583671875 0.5902777777777778 0.0479921875 0.2361111111111111
0 0.3448671875 0.5684583333333334 0.0580390625 0.2162638888888889
0 0.3917421875 0.5595277777777778 0.0424140625 0.25793055555555555
0 0.732421875 0.48915277777777777 0.053804687500000004 0.19302777777777777
0 0.6767578125 0.5177916666666667 0.0563359375 0.22418055555555555
0 0.8129921875000001 0.49566666666666664 0.051664062499999996 0.23525
0 0.48975 0.5525138888888889 0.0784921875 0.23915277777777777
0 0.587609375 0.5347222222222222 0.061382812499999995 0.2361111111111111
2 0.080359375 0.49801388888888887 0.080359375 0.15873611111111113
2 0.162390625 0.4831388888888889 0.0792421875 0.14880555555555555
2 0.2433046875 0.47123611111111113 0.080359375 0.1527777777777778
2 0.3231015625 0.4652777777777778 0.0747734375 0.15675
2 0.40289843750000004 0.45237499999999997 0.078125 0.15079166666666666
2 0.48158593749999995 0.4384861111111111 0.0747734375 0.14681944444444445
2 0.5580390625 0.43154166666666666 0.075890625 0.1527777777777778
2 0.232140625 0.6855138888888889 0.0870546875 0.172625
2 0.322546875 0.6745972222222222 0.0870546875 0.1706388888888889
2 0.41015625 0.6577361111111111 0.083703125 0.16468055555555555
2 0.49497656250000005 0.6458333333333334 0.083703125 0.172625
2 0.5786796875 0.6349166666666667 0.0859375 0.16666666666666666
2 0.6635078125 0.6259861111111111 0.083703125 0.1686527777777778
2 0.7466484375 0.6111111111111112 0.0825859375 0.16666666666666666
2 0.8297968750000001 0.5942500000000001 0.083703125 0.16070833333333331
2 0.9135078125 0.5843194444444444 0.0792421875 0.15675
2 0.607703125 0.876986111111111 0.0926328125 0.17856944444444445
2 0.700890625 0.8353194444444444 0.091515625 0.12698611111111113
2 0.7940859375 0.8234166666666667 0.0926328125 0.15079166666666666
2 0.8895078125 0.8293611111111111 0.091515625 0.17856944444444445
2 0.9681953125 0.8204305555555556 0.0636171875 0.18848611111111113