0 0.1674140625 0.6626944444444445 0.044640625 0.19444444444444445
0 0.23046875 0.6448472222222222 0.0435234375 0.18651388888888887
0 0.3837890625 0.6341111111111111 0.0420859375 0.1909722222222222
0 0.472171875 0.6263055555555556 0.0406796875 0.1909722222222222
0 0.32178125 0.6484444444444445 0.0477890625 0.17318055555555556
0 0.7641640625 0.5850694444444444 0.050046875000000005 0.19270833333333334
0 0.611328125 0.6080694444444444 0.052609375 0.17838888888888887
0 0.679203125 0.602 0.067078125 0.17740277777777777
0 0.54296875 0.6184861111111111 0.04959375 0.1818611111111111
2 0.42857031250000005 0.8343194444444445 0.0825859375 0.16468055555555555
2 0.5150703125 0.8224166666666667 0.0792421875 0.16468055555555555
2 0.5965390625 0.8125 0.0792421875 0.16070833333333331
2 0.6768984375 0.7995972222222223 0.0747734375 0.1547638888888889
2 0.7572578125 0.7916666666666666 0.0747734375 0.1547638888888889
2 0.8392890625 0.7817500000000001 0.080359375 0.15873611111111113
2 0.9196406250000001 0.7708333333333334 0.078125 0.16468055555555555
2 0.98046875 0.7648750000000001 0.0390625 0.16468055555555555
2 0.7433046875 0.9563472222222222 0.091515625 0.08730555555555555
2 0.8359375 0.9504027777777777 0.0825859375 0.09920833333333334
2 0.9246640625 0.9464305555555554 0.0859375 0.1071388888888889
2 0.9854921875 0.9424583333333334 0.029015625 0.11508333333333333