0 0.170203125 0.6984166666666667 0.0591484375 0.14681944444444445
0 0.24664843749999998 0.7004027777777778 0.0669609375 0.12698611111111113
0 0.319578125 0.6931388888888889 0.068296875 0.0905
0 0.4653359375 0.67275 0.0551171875 0.0963611111111111
0 0.6137734375 0.6575555555555556 0.058437499999999996 0.09998611111111111
0 0.7548828125 0.6393194444444444 0.0483125 0.10388888888888889
0 0.3900703125 0.6825416666666667 0.068078125 0.1111111111111111
0 0.536828125 0.6597222222222222 0.0714296875 0.11706944444444445
0 0.6802421875 0.6507916666666667 0.0658515625 0.1071388888888889
2 0.5613828125 0.9007916666666668 0.0870546875 0.16269444444444445
2 0.646203125 0.8898750000000001 0.080359375 0.16070833333333331
2 0.7315859375 0.8839305555555554 0.0792421875 0.16468055555555555
2 0.8130546875 0.8710277777777777 0.0770078125 0.15873611111111113
2 0.89453125 0.8640833333333333 0.0792421875 0.15675
2 0.96875 0.8601249999999999 0.0625 0.15675