0 0.166296875 0.7013888888888888 0.0625 0.125
0 0.2449765625 0.6954305555555556 0.061382812499999995 0.11706944444444445
0 0.321046875 0.6953194444444445 0.0648828125 0.09065277777777778
0 0.46362500000000006 0.6731805555555556 0.05603125 0.09580555555555556
0 0.3935546875 0.6814305555555555 0.057374999999999995 0.09440277777777778
0 0.6137734375 0.6575555555555556 0.059539062499999997 0.09923611111111111
0 0.7548828125 0.6393194444444444 0.0483984375 0.1041111111111111
0 0.5379453125 0.6656805555555556 0.064734375 0.11706944444444445
0 0.6791328125 0.6507916666666667 0.061382812499999995 0.11508333333333333
2 0.5613828125 0.9007916666666668 0.0848203125 0.16269444444444445
2 0.646765625 0.8888888888888888 0.0792421875 0.15873611111111113
2 0.73046875 0.8809583333333333 0.0814765625 0.15079166666666666
2 0.8119453125 0.8779722222222222 0.083703125 0.15675
2 0.8939765625 0.8700416666666666 0.080359375 0.16468055555555555
2 0.9670781249999999 0.8611111111111112 0.0658515625 0.16269444444444445