0 0.1791328125 0.6666666666666666 0.052453125 0.22619444444444448
0 0.24664843749999998 0.640875 0.0669609375 0.2301527777777778
0 0.3755546875 0.6577361111111111 0.061382812499999995 0.23213888888888887
0 0.392296875 0.5932499999999999 0.052453125 0.21031944444444445
0 0.46484375 0.6120972222222222 0.0457578125 0.2162638888888889
0 0.6547890625 0.594625 0.067203125 0.22005555555555556
0 0.5063515625 0.5750833333333334 0.0673203125 0.21300000000000002
0 0.794921875 0.5538194444444444 0.050812500000000003 0.2119166666666667
0 0.9111328125 0.20616666666666666 0.033203125 0.1857638888888889
0 0.716515625 0.5813472222222222 0.053570312499999995 0.21824999999999997
2 0.2890625 0.3988055555555555 0.064734375 0.13095833333333334
2 0.2198671875 0.4077361111111111 0.0669609375 0.13293055555555555
2 0.178015625 0.4781805555555556 0.0948671875 0.043652777777777776
2 0.1082578125 0.49602777777777773 0.11383593750000001 0.03968055555555556
2 0.0245546875 0.43551388888888887 0.046875 0.1527777777777778
2 0.0786796875 0.6051527777777778 0.0792421875 0.14681944444444445
2 0.03125 0.6478194444444445 0.0625 0.10515277777777778
2 0.1590390625 0.5922638888888889 0.0747734375 0.13690277777777776
2 0.2354921875 0.578375 0.075890625 0.140875
2 0.310265625 0.5654722222222222 0.0736640625 0.14681944444444445
2 0.44977343750000004 0.5515833333333333 0.064734375 0.15079166666666666
2 0.521765625 0.5347222222222222 0.072546875 0.14880555555555555
2 0.59375 0.5238055555555555 0.0714296875 0.1388888888888889
2 0.33203125 0.7807499999999999 0.0792421875 0.16070833333333331
2 0.411828125 0.7638888888888888 0.080359375 0.16269444444444445
2 0.490515625 0.7450416666666666 0.0770078125 0.16070833333333331
2 0.568640625 0.7321388888888889 0.0770078125 0.16269444444444445
2 0.6484375 0.7192500000000001 0.078125 0.15675
2 0.724328125 0.7083333333333334 0.0736640625 0.1547638888888889
2 0.7996640625 0.6944444444444444 0.0770078125 0.1547638888888889
2 0.8744453125 0.6795694444444444 0.0703125 0.15675
2 0.9508906250000001 0.6656805555555556 0.075890625 0.14880555555555555
2 0.7142890625 0.9404722222222222 0.0848203125 0.11904166666666666
2 0.7996640625 0.9315416666666667 0.0859375 0.13690277777777776
2 0.8872734375 0.9245972222222223 0.0870546875 0.15079166666666666
2 0.9659609375 0.9176527777777779 0.068078125 0.16468055555555555