0 0.1199765625 0.4642916666666667 0.0903984375 0.18651388888888887
0 0.2315859375 0.47123611111111113 0.0903984375 0.16468055555555555
0 0.3197578125 0.44543055555555555 0.0703125 0.2162638888888889
0 0.5200859375 0.42856944444444445 0.0825859375 0.18651388888888887
0 0.41967968750000006 0.44336111111111115 0.0822734375 0.17045833333333335
0 0.62109375 0.42577777777777776 0.0797734375 0.16743055555555555
0 0.7153359375 0.42144444444444445 0.080203125 0.1645
0 0.81640625 0.4210138888888889 0.069640625 0.14779166666666665
2 0.549109375 0.6994027777777778 0.1160703125 0.2162638888888889
2 0.6629453125 0.6904722222222222 0.10714062499999999 0.21031944444444445
2 0.7681328125 0.6822916666666666 0.1272109375 0.19705555555555554
2 0.8850468749999999 0.6708194444444444 0.11390625000000001 0.2020972222222222
2 0.97265625 0.6686527777777778 0.0546875 0.21031944444444445
2 0.8995546875 0.8918611111111111 0.1294609375 0.2162638888888889
2 0.9821406250000001 0.8898750000000001 0.0357109375 0.2202361111111111