0 0.1651796875 0.6498055555555555 0.0892890625 0.140875
0 0.2583671875 0.6388888888888888 0.0770078125 0.14681944444444445
0 0.3426328125 0.6180555555555556 0.078125 0.1686527777777778
0 0.42857031250000005 0.6130972222222222 0.075890625 0.1745972222222222
0 0.5122734375 0.6160694444444444 0.075890625 0.14880555555555555
0 0.5948671875 0.5972222222222222 0.075890625 0.14681944444444445
0 0.6808046875 0.5992083333333333 0.0714296875 0.1547638888888889
0 0.756140625 0.5803611111111111 0.0703125 0.14484722222222224
2 0.615515625 0.8799583333333334 0.11272656249999999 0.18055555555555555
2 0.7198671875 0.8690416666666667 0.0982109375 0.18254166666666669
2 0.8141718750000001 0.8541666666666666 0.0948671875 0.1845277777777778
2 0.9107109375 0.8511944444444445 0.09375 0.18651388888888887
2 0.9815859375 0.8422638888888888 0.036828125 0.21230555555555558