0 0.1400703125 0.5307499999999999 0.072546875 0.16070833333333331
0 0.2410703125 0.5119027777777778 0.095984375 0.13491666666666666
0 0.357703125 0.5664722222222223 0.0658515625 0.25198611111111113
0 0.4140625 0.4781805555555556 0.060265625 0.1111111111111111
0 0.5089296875 0.5208333333333334 0.0736640625 0.23213888888888887
0 0.595984375 0.5228194444444445 0.064734375 0.2361111111111111
0 0.6607109375 0.46031944444444445 0.0714296875 0.16666666666666666
0 0.7159609375 0.42758333333333337 0.0502265625 0.11706944444444445
0 0.80078125 0.43154166666666666 0.083703125 0.1527777777777778
2 0.0870546875 0.22420833333333334 0.0669609375 0.14681944444444445
2 0.0267890625 0.2301527777777778 0.046875 0.1428611111111111
2 0.0357109375 0.41170833333333334 0.0669609375 0.14880555555555555
2 0.109375 0.39781944444444445 0.075890625 0.14880555555555555
2 0.185265625 0.3859166666666667 0.075890625 0.1527777777777778
2 0.283484375 0.44543055555555555 0.1026796875 0.04563888888888889
2 0.359375 0.4404722222222222 0.1004453125 0.043652777777777776
2 0.431921875 0.42559722222222224 0.1026796875 0.041666666666666664
2 0.138953125 0.6230138888888889 0.0814765625 0.16666666666666666
2 0.2215390625 0.6061527777777778 0.0814765625 0.1686527777777778
2 0.3035703125 0.5922638888888889 0.080359375 0.16468055555555555
2 0.385046875 0.5724166666666667 0.0825859375 0.16468055555555555
2 0.46596093749999995 0.5585277777777777 0.0770078125 0.16070833333333331
2 0.5440859375 0.5446388888888889 0.0770078125 0.16070833333333331
2 0.623328125 0.5307499999999999 0.0770078125 0.16468055555555555
2 0.6997734375 0.5138888888888888 0.078125 0.15873611111111113
2 0.7818046875 0.5039722222222223 0.0747734375 0.14681944444444445
2 0.536828125 0.8174583333333334 0.0848203125 0.18254166666666669
2 0.625 0.7976249999999999 0.0892890625 0.1745972222222222
2 0.713171875 0.7787638888888889 0.0848203125 0.172625
2 0.8013359375 0.7629027777777777 0.0870546875 0.172625
2 0.8872734375 0.7470277777777778 0.0848203125 0.18848611111111113
2 0.96484375 0.7351249999999999 0.0703125 0.18848611111111113