0 0.1489921875 0.6736111111111112 0.068078125 0.14484722222222224
0 0.224890625 0.6745972222222222 0.0658515625 0.13491666666666666
0 0.3074765625 0.6597222222222222 0.068078125 0.13690277777777776
0 0.388390625 0.6478194444444445 0.0714296875 0.1527777777777778
0 0.467078125 0.6438472222222222 0.0658515625 0.14484722222222224
0 0.5513359375 0.6359166666666667 0.0691953125 0.140875
0 0.6283515625 0.6240138888888889 0.0625 0.1527777777777778
0 0.6986640625 0.6170694444444444 0.0580390625 0.13491666666666666
0 0.7806953125 0.6120972222222222 0.0658515625 0.13293055555555555
2 0.572546875 0.9027777777777778 0.091515625 0.1706388888888889
2 0.6629453125 0.8918611111111111 0.0870546875 0.1686527777777778
2 0.751671875 0.8839305555555554 0.088171875 0.16070833333333331
2 0.8415156250000001 0.8759861111111111 0.0892890625 0.16468055555555555
2 0.9319218749999999 0.8660694444444446 0.0892890625 0.16468055555555555
2 0.98828125 0.859125 0.0234375 0.16666666666666666