0 0.1629453125 0.5754027777777778 0.0669609375 0.36904166666666666
0 0.2410703125 0.6835277777777777 0.1450859375 0.36309722222222224
0 0.3856015625 0.5456388888888889 0.083703125 0.3452361111111111
0 0.396203125 0.4751944444444444 0.138390625 0.3154722222222222
0 0.59765625 0.453125 0.1461171875 0.3101111111111111
0 0.48413281250000006 0.37044444444444447 0.10089062499999998 0.30165277777777777
0 0.552734375 0.328125 0.0985703125 0.31922222222222224
0 0.515625 0.22320833333333334 0.0424140625 0.24404166666666668
2 0.11383593750000001 0.37004166666666666 0.0625 0.22420833333333334
2 0.05078125 0.41170833333333334 0.0636171875 0.24008333333333334
2 0.008367187500000001 0.4553611111111111 0.0167421875 0.24404166666666668
2 0.752234375 0.8541666666666666 0.055804687500000005 0.27579166666666666
2 0.8091484375 0.7837361111111111 0.053570312499999995 0.26587500000000003
2 0.8638359375 0.7142916666666667 0.053570312499999995 0.25793055555555555
2 0.9151796875 0.6507916666666667 0.049109375 0.25793055555555555
2 0.9670781249999999 0.5902777777777778 0.052453125 0.24008333333333334
2 0.2215390625 0.3958333333333333 0.1372734375 0.10912499999999999
2 0.2840390625 0.3501944444444444 0.1261171875 0.06547222222222222