0 0.239953125 0.7440416666666667 0.064734375 0.28570833333333334
0 0.212609375 0.6765833333333333 0.12164843750000001 0.29365277777777776
0 0.30859375 0.41765277777777776 0.0859375 0.25595833333333334
0 0.40680468750000004 0.5515833333333333 0.10602343750000001 0.234125
0 0.5 0.5823472222222222 0.15625 0.13293055555555555
0 0.48657031249999994 0.37066666666666664 0.0524296875 0.23827777777777778
0 0.5395546875 0.45269444444444445 0.1199921875 0.10920833333333332
0 0.427734375 0.4418472222222222 0.1017421875 0.1909722222222222
2 0.43861718749999995 0.8254027777777777 0.033484375 0.21429166666666666
2 0.47265625 0.7609166666666667 0.0323671875 0.20833333333333334
2 0.5301328125 0.6587361111111112 0.0357109375 0.202375
2 0.5005546875 0.7142916666666667 0.0234375 0.202375
2 0.5619453125 0.6031805555555556 0.0301328125 0.18254166666666669
2 0.5892890625 0.5515833333333333 0.0223203125 0.19841666666666669
2 0.614953125 0.5029722222222222 0.0267890625 0.2043611111111111
2 0.6400703125 0.4504027777777778 0.0234375 0.17856944444444445
2 0.666296875 0.4097222222222222 0.029015625 0.1845277777777778