0 0.1629453125 0.6319444444444444 0.0892890625 0.33134722222222224
0 0.23382031250000002 0.5863055555555555 0.068078125 0.30356944444444445
0 0.45814843749999995 0.5724166666666667 0.0747734375 0.3234166666666667
0 0.6473203125 0.5009861111111111 0.1919609375 0.13690277777777776
0 0.5775703125 0.5198472222222222 0.056921875 0.3373055555555556
0 0.568640625 0.42262500000000003 0.10602343750000001 0.28570833333333334
0 0.6400703125 0.40675 0.088171875 0.28968055555555555
2 0.318640625 0.29662499999999997 0.068078125 0.20040277777777776
2 0.1489921875 0.3581388888888889 0.0792421875 0.2043611111111111
2 0.06640625 0.39484722222222224 0.0814765625 0.19444444444444445
2 0.271765625 0.35615277777777776 0.11495312499999999 0.10912499999999999
2 0.055804687500000005 0.5456388888888889 0.11160937500000001 0.09126388888888888
2 0.3387265625 0.8472222222222222 0.088171875 0.2301527777777778
2 0.4296875 0.7956388888888889 0.091515625 0.234125
2 0.5228828125 0.7569444444444444 0.088171875 0.24008333333333334
2 0.611609375 0.7073472222222222 0.0892890625 0.23213888888888887
2 0.701453125 0.6646805555555555 0.088171875 0.2222222222222222
2 0.787390625 0.6269861111111111 0.083703125 0.21824999999999997
2 0.8722109375 0.5863055555555555 0.083703125 0.2202361111111111
2 0.9564765625 0.5525833333333333 0.078125 0.22818055555555555