0 0.1568046875 0.6289722222222223 0.0814765625 0.2063472222222222
0 0.2003359375 0.7142916666666667 0.0457578125 0.24206944444444442
0 0.2890625 0.4990138888888889 0.0714296875 0.19245833333333331
0 0.3722109375 0.609125 0.056921875 0.234125
0 0.404578125 0.5505972222222222 0.041296875 0.15675
0 0.45459375 0.6966111111111111 0.06021093749999999 0.2197222222222222
0 0.630375 0.5785555555555556 0.0692734375 0.23155555555555554
0 0.693359375 0.5026111111111111 0.0451953125 0.22125
0 0.6261171875 0.5297638888888889 0.0401796875 0.24602777777777776
2 0.16015625 0.43948611111111113 0.1015625 0.07341666666666667
2 0.05078125 0.3879027777777778 0.0636171875 0.13293055555555555
2 0.0379453125 0.7043611111111111 0.0691953125 0.15873611111111113
2 0.1082578125 0.672625 0.0691953125 0.1547638888888889
2 0.1752265625 0.6458333333333334 0.064734375 0.14880555555555555
2 0.24553906250000002 0.6220277777777778 0.064734375 0.16070833333333331
2 0.3058046875 0.6001944444444445 0.055804687500000005 0.1527777777777778
2 0.3660703125 0.5793611111111111 0.0625 0.15079166666666666
2 0.42633593750000004 0.5515833333333333 0.055804687500000005 0.15079166666666666
2 0.48382031249999996 0.5327361111111111 0.0591484375 0.15675
2 0.5418515625 0.5029722222222222 0.056921875 0.14484722222222224
2 0.5518984375 0.8948472222222221 0.0658515625 0.18254166666666669
2 0.618859375 0.859125 0.0658515625 0.1745972222222222
2 0.6830390625 0.8343194444444445 0.060265625 0.17658333333333334
2 0.74609375 0.8015833333333333 0.0658515625 0.1745972222222222
2 0.8125 0.7757916666666668 0.0625 0.16666666666666666
2 0.875 0.748013888888889 0.060265625 0.1706388888888889
2 0.9358281249999999 0.7222222222222222 0.0591484375 0.1706388888888889
2 0.9838203125 0.7043611111111111 0.0323671875 0.1745972222222222