0 0.15971875 0.509263888888889 0.05903125 0.21605555555555556
0 0.244359375 0.6658888888888889 0.1328125 0.16820833333333332
0 0.353734375 0.7839444444444446 0.10677343749999998 0.25
0 0.400609375 0.6327222222222222 0.0911484375 0.2283888888888889
0 0.3984375 0.5563333333333333 0.05903125 0.14969444444444444
0 0.5946171875 0.4961388888888889 0.07465625000000001 0.2175972222222222
0 0.6271718749999999 0.432875 0.07378124999999999 0.19290277777777776
0 0.6749140625 0.5540138888888889 0.08940624999999999 0.2222222222222222
0 0.6631953125 0.7368888888888888 0.092015625 0.2361111111111111
2 0.49349218749999996 0.4791666666666667 0.0321171875 0.1527777777777778
2 0.46180468750000003 0.509263888888889 0.03125 0.1605
2 0.4296875 0.5524722222222221 0.032984374999999996 0.1882777777777778
2 0.1905390625 0.8016944444444445 0.0390625 0.17747222222222223
2 0.3333359375 0.6736111111111112 0.032984374999999996 0.14351388888888889
2 0.37022656249999997 0.6219166666666667 0.0442734375 0.1388888888888889
2 0.40278125 0.5794722222222223 0.01909375 0.1527777777777778
2 0.90190625 0.9251527777777778 0.029515625 0.14969444444444444
2 0.9344609374999999 0.8989166666666667 0.0338515625 0.18363888888888888
2 0.96528125 0.8549444444444444 0.02778125 0.19136111111111112
2 0.9900156250000001 0.8148194444444444 0.01996875 0.17283333333333334