0 0.138953125 0.44345833333333334 0.099328125 0.25198611111111113
0 0.228796875 0.6626944444444445 0.127234375 0.13095833333333334
0 0.34375 0.5109166666666667 0.127234375 0.125
0 0.47767968749999995 0.7152777777777778 0.11160937500000001 0.25991666666666663
0 0.48852343749999994 0.6137222222222222 0.10796874999999999 0.17654166666666665
0 0.6904296875 0.49740277777777775 0.0974140625 0.24283333333333335
0 0.61475 0.5616388888888889 0.1007109375 0.26280555555555557
0 0.49365625 0.8311666666666667 0.107421875 0.288625
0 0.658484375 0.4206388888888889 0.080359375 0.19444444444444445
2 0.21038281250000002 0.8551527777777779 0.052453125 0.22619444444444448
2 0.2628359375 0.7995972222222223 0.0502265625 0.1904722222222222
2 0.3588203125 0.7906805555555555 0.1171875 0.08531944444444445
2 0.3699765625 0.7073472222222222 0.12164843750000001 0.08531944444444445
2 0.404015625 0.6428611111111111 0.044640625 0.18651388888888887
2 0.49107031250000005 0.5625 0.0424140625 0.18848611111111113
2 0.553015625 0.5267916666666667 0.0457578125 0.1686527777777778