0 0.1746640625 0.6200416666666667 0.0546875 0.24404166666666668
0 0.2533515625 0.5843194444444444 0.053570312499999995 0.21230555555555558
0 0.419640625 0.5674583333333333 0.0691953125 0.15079166666666666
0 0.3917421875 0.5525833333333333 0.064734375 0.22420833333333334
0 0.48325781250000005 0.5545694444444444 0.0513359375 0.24008333333333334
0 0.5864921875 0.5376944444444445 0.0502265625 0.21031944444444445
0 0.6395078125 0.5138888888888888 0.053570312499999995 0.21429166666666666
0 0.6808046875 0.4821388888888889 0.053570312499999995 0.21429166666666666
0 0.6596015625 0.38393055555555555 0.0424140625 0.10912499999999999
2 0.053570312499999995 0.29265277777777776 0.064734375 0.13293055555555555
2 0.1400703125 0.3412638888888889 0.0948671875 0.043652777777777776
2 0.011164062499999999 0.2986111111111111 0.0223203125 0.13293055555555555
2 0.0703125 0.5079305555555556 0.0714296875 0.1428611111111111
2 0.142296875 0.49008333333333337 0.0703125 0.1428611111111111
2 0.21149218749999998 0.4732083333333333 0.068078125 0.14484722222222224
2 0.2801328125 0.4543611111111111 0.0669609375 0.13491666666666666
2 0.3482109375 0.43948611111111113 0.0669609375 0.14880555555555555
2 0.408484375 0.4245972222222222 0.060265625 0.13491666666666666
2 0.325890625 0.7202361111111112 0.0691953125 0.16269444444444445
2 0.3995546875 0.6994027777777778 0.0736640625 0.16070833333333331
2 0.47210156249999996 0.6775833333333333 0.0714296875 0.1527777777777778
2 0.5457578125 0.6617083333333333 0.0736640625 0.15675
2 0.6171875 0.6379027777777778 0.0691953125 0.15675
2 0.685828125 0.6230138888888889 0.068078125 0.1547638888888889
2 0.755578125 0.5992083333333333 0.0669609375 0.1547638888888889
2 0.8247734375 0.5793611111111111 0.0669609375 0.1428611111111111
2 0.8911796875 0.5674583333333333 0.0636171875 0.15079166666666666
2 0.8013359375 0.9245972222222223 0.078125 0.15079166666666666
2 0.8828125 0.9077361111111112 0.080359375 0.17658333333333334
2 0.9614921875 0.8859166666666667 0.072546875 0.18055555555555555