0 0.193078125 0.6120972222222222 0.0714296875 0.33929166666666666
0 0.19921875 0.49504166666666666 0.0971015625 0.2797638888888889
0 0.380578125 0.5069444444444444 0.075890625 0.3154722222222222
0 0.44475781249999996 0.47123611111111113 0.072546875 0.30754166666666666
0 0.608890625 0.42990277777777774 0.10357812500000001 0.24913888888888888
0 0.6708984375 0.3378888888888889 0.0757421875 0.2992638888888889
0 0.615515625 0.3611111111111111 0.0591484375 0.22619444444444448
0 0.68359375 0.2956388888888889 0.056921875 0.3055555555555556
2 0.2550234375 0.2301527777777778 0.0703125 0.1904722222222222
2 0.0228828125 0.327375 0.0457578125 0.21031944444444445
2 0.1328125 0.40575 0.12276562499999999 0.077375
2 0.359375 0.7331388888888889 0.0892890625 0.24008333333333334
2 0.44977343750000004 0.6855138888888889 0.0892890625 0.25198611111111113
2 0.537390625 0.6379027777777778 0.083703125 0.2361111111111111
2 0.623328125 0.5982083333333333 0.0859375 0.22818055555555555
2 0.708703125 0.5525833333333333 0.0825859375 0.2202361111111111
2 0.7896171875 0.5089305555555556 0.0770078125 0.22818055555555555
2 0.8683046875 0.47123611111111113 0.078125 0.21230555555555558
2 0.9447578125 0.4345277777777778 0.072546875 0.21824999999999997