0 0.1796875 0.5146666666666667 0.0711796875 0.2175972222222222
0 0.2469609375 0.7199027777777778 0.0859375 0.25772222222222224
0 0.35460156249999997 0.7330277777777777 0.134546875 0.10184722222222221
0 0.41796875 0.5725277777777779 0.040796874999999996 0.15740277777777778
0 0.435765625 0.6118888888888889 0.0833359375 0.20216666666666666
0 0.65234375 0.7554027777777778 0.068578125 0.2422777777777778
0 0.6306406250000001 0.46605555555555556 0.0946171875 0.10494444444444445
0 0.6870625 0.40818055555555555 0.087671875 0.08179166666666667
0 0.7005234375 0.5802499999999999 0.0555546875 0.2314861111111111
2 0.134984375 0.4189861111111111 0.0494765625 0.14969444444444444
2 0.0924453125 0.45061111111111113 0.040796874999999996 0.1605
2 0.048609374999999996 0.4791666666666667 0.0416640625 0.16204166666666667
2 0.3880234375 0.8441388888888889 0.04340625 0.1882777777777778
2 0.43099218749999996 0.8024722222222221 0.0390625 0.17593055555555556
2 0.5125859375 0.7160555555555554 0.037328125000000004 0.18209722222222224
2 0.5516484375 0.6751527777777778 0.0390625 0.16820833333333332
2 0.59028125 0.6358055555555555 0.0364609375 0.17283333333333334
2 0.6280390625 0.5910555555555556 0.037328125000000004 0.1605
2 0.6970468750000001 0.5239166666666667 0.0381953125 0.15894444444444444
2 0.663625 0.5640416666666667 0.028648437500000002 0.1527777777777778