0 0.131140625 0.49008333333333337 0.083703125 0.11904166666666666
0 0.1981015625 0.4751944444444444 0.072546875 0.125
0 0.306359375 0.4593194444444444 0.10602343750000001 0.1289722222222222
0 0.41350781249999996 0.45734722222222224 0.11942187500000001 0.140875
0 0.49330468749999995 0.4543611111111111 0.075890625 0.14681944444444445
0 0.5708671875 0.4097222222222222 0.083703125 0.140875
0 0.6674140625 0.42262500000000003 0.0870546875 0.1071388888888889
2 0.3856015625 0.35515277777777776 0.072546875 0.15079166666666666
2 0.21484375 0.38491666666666663 0.0792421875 0.16666666666666666
2 0.12890625 0.3968194444444444 0.0903984375 0.1706388888888889
2 0.0418515625 0.4097222222222222 0.0814765625 0.172625
2 0.040734375 0.6349166666666667 0.0747734375 0.18254166666666669
2 0.1283515625 0.6170694444444444 0.095984375 0.18651388888888887
2 0.2254453125 0.6021805555555555 0.09375 0.18055555555555555
2 0.318640625 0.5912638888888888 0.0948671875 0.1745972222222222
2 0.41127343749999995 0.5744027777777778 0.088171875 0.172625
2 0.5 0.5595277777777778 0.0892890625 0.18651388888888887
2 0.5926328125 0.5495972222222222 0.091515625 0.1745972222222222
2 0.6796875 0.5347222222222222 0.0848203125 0.18055555555555555
2 0.767859375 0.5218194444444444 0.0848203125 0.17856944444444445
2 0.44252343749999995 0.8392916666666667 0.0948671875 0.1904722222222222
2 0.5424140625 0.8224166666666667 0.1004453125 0.19643055555555555
2 0.6434140625 0.8055555555555556 0.099328125 0.1904722222222222
2 0.7410703125 0.7847222222222222 0.095984375 0.18848611111111113
2 0.8392890625 0.7718194444444445 0.1004453125 0.19444444444444445
2 0.9408515625 0.7569444444444444 0.095984375 0.18848611111111113