0 0.1958671875 0.49602777777777773 0.130578125 0.1547638888888889
0 0.216515625 0.639875 0.0892890625 0.25595833333333334
0 0.51171875 0.6071388888888889 0.0703125 0.3611111111111111
0 0.73046875 0.5803611111111111 0.1417421875 0.33134722222222224
0 0.5965390625 0.4781805555555556 0.0971015625 0.3015833333333333
0 0.5518984375 0.34325 0.0703125 0.21031944444444445
0 0.6088203125 0.35318055555555555 0.0658515625 0.25397222222222227
2 0.0189765625 0.7708333333333334 0.0379453125 0.25198611111111113
2 0.0792421875 0.7182499999999999 0.080359375 0.25
2 0.161828125 0.6646805555555555 0.080359375 0.22619444444444448
2 0.2371640625 0.609125 0.068078125 0.23809722222222224
2 0.3878359375 0.6498055555555555 0.1596015625 0.08134722222222222
2 0.390625 0.5039722222222223 0.0625 0.2301527777777778
2 0.47600781249999996 0.46329166666666666 0.0814765625 0.172625