0 0.2198671875 0.5912638888888888 0.053570312499999995 0.3015833333333333
0 0.282921875 0.5426527777777778 0.0770078125 0.27181944444444445
0 0.3676796875 0.5026111111111111 0.0885 0.25543055555555555
0 0.7646484375 0.4791666666666667 0.0636015625 0.26063888888888886
0 0.632328125 0.4670138888888889 0.0764140625 0.24413888888888888
0 0.49878125000000006 0.45181944444444444 0.085875 0.22352777777777777
0 0.8154296875 0.44379166666666664 0.0745234375 0.25043055555555555
0 0.42334375 0.4622361111111111 0.0705546875 0.24197222222222223
2 0.0390625 0.13293055555555555 0.075890625 0.1547638888888889
2 0.0636171875 0.34325 0.0892890625 0.17856944444444445
2 0.1590390625 0.3928611111111111 0.1238828125 0.06745833333333333
2 0.228234375 0.3055555555555556 0.083703125 0.16666666666666666
2 0.3136171875 0.28968055555555555 0.080359375 0.16269444444444445
2 0.396203125 0.2827361111111111 0.080359375 0.15675
2 0.0870546875 0.5843194444444444 0.0982109375 0.19245833333333331
2 0.1847109375 0.5615138888888889 0.0903984375 0.18651388888888887
2 0.2762265625 0.5446388888888889 0.088171875 0.1845277777777778
2 0.369421875 0.5307499999999999 0.0870546875 0.19245833333333331
2 0.45647656249999996 0.5119027777777778 0.0892890625 0.18254166666666669
2 0.5440859375 0.4890833333333333 0.0792421875 0.1845277777777778
2 0.62890625 0.47718055555555555 0.0903984375 0.18055555555555555
2 0.7176328125 0.4583333333333333 0.0848203125 0.18254166666666669
2 0.8046875 0.44543055555555555 0.0870546875 0.172625
2 0.53125 0.7946388888888889 0.1004453125 0.20040277777777776
2 0.6339296875 0.7688472222222222 0.0982109375 0.19643055555555555
2 0.7299140625 0.751986111111111 0.09375 0.19841666666666669
2 0.8253359375 0.7331388888888889 0.0948671875 0.20833333333333334
2 0.9202031249999999 0.7162638888888889 0.0903984375 0.19841666666666669
2 0.9849296875 0.7043611111111111 0.0301328125 0.202375