0 0.1414921875 0.4930555555555556 0.092015625 0.19906944444444447
0 0.275171875 0.6944444444444444 0.1024296875 0.2283888888888889
0 0.427515625 0.7415138888888889 0.1397578125 0.1527777777777778
0 0.40190625 0.5547777777777778 0.0520859375 0.16820833333333332
0 0.430125 0.5972222222222222 0.072046875 0.209875
0 0.70659375 0.7206805555555555 0.0885390625 0.24383333333333335
0 0.6098125 0.4251527777777778 0.10677343749999998 0.10956944444444444
0 0.6436640625 0.36883333333333335 0.0859375 0.09259722222222222
0 0.7078984375 0.5262361111111111 0.0598984375 0.19136111111111112
2 0.0885390625 0.4074027777777778 0.032984374999999996 0.14815277777777777
2 0.0546875 0.44366666666666665 0.032984374999999996 0.1527777777777778
2 0.023 0.48225 0.028648437500000002 0.16204166666666667
2 0.48090625 0.834875 0.026039062499999998 0.19752777777777777
2 0.5086796875 0.7862638888888889 0.02778125 0.18055555555555555
2 0.53515625 0.7384305555555555 0.0234375 0.1743888888888889
2 0.5607656249999999 0.6936666666666667 0.026039062499999998 0.1743888888888889
2 0.5868046875 0.6481527777777778 0.024304687499999998 0.16358333333333333
2 0.6098125 0.6033888888888889 0.0234375 0.15740277777777778
2 0.6328125 0.5601805555555556 0.022570312500000002 0.15740277777777778
2 0.6549453125 0.522375 0.01996875 0.1527777777777778
2 0.6770859375 0.48070833333333335 0.022570312500000002 0.15586111111111112