0 0.1668515625 0.7708333333333334 0.0636171875 0.10912499999999999
0 0.236609375 0.7648750000000001 0.0580390625 0.11706944444444445
0 0.3191953125 0.751986111111111 0.064734375 0.1111111111111111
0 0.390625 0.7430555555555556 0.053570312499999995 0.11309722222222224
0 0.46930468750000004 0.7400833333333333 0.0591484375 0.1071388888888889
0 0.54296875 0.7242083333333332 0.0636171875 0.13491666666666666
0 0.615515625 0.7202361111111112 0.0658515625 0.11904166666666666
0 0.6886171875 0.7132916666666668 0.064734375 0.10912499999999999
0 0.7572578125 0.7063472222222222 0.061382812499999995 0.09920833333333334
2 0.5675234375 0.9454305555555556 0.0814765625 0.10912499999999999
2 0.6512265625 0.9414722222222223 0.083703125 0.11706944444444445
2 0.7354921875 0.9365138888888889 0.080359375 0.12698611111111113
2 0.8197578125 0.9315416666666667 0.083703125 0.13690277777777776
2 0.9028984375 0.9265833333333333 0.080359375 0.14681944444444445
2 0.9737734375 0.9265833333333333 0.052453125 0.14681944444444445