0 0.11551562500000001 0.5337361111111112 0.1685234375 0.1388888888888889
0 0.2700859375 0.6795694444444444 0.127234375 0.29959722222222224
0 0.46428906249999996 0.5744027777777778 0.127234375 0.3154722222222222
0 0.7075859375 0.5277777777777778 0.078125 0.3293611111111111
0 0.3504453125 0.375 0.080359375 0.3015833333333333
0 0.392296875 0.2956388888888889 0.0971015625 0.21031944444444445
2 0.265625 0.31745833333333334 0.033484375 0.2063472222222222
2 0.02734375 0.7589305555555554 0.036828125 0.2638888888888889
2 0.0775703125 0.7172638888888888 0.0457578125 0.19643055555555555
2 0.1729921875 0.4890833333333333 0.033484375 0.23213888888888887
2 0.247765625 0.4404722222222222 0.091515625 0.1706388888888889
2 0.14453125 0.6200416666666667 0.0747734375 0.19245833333333331
2 0.1183046875 0.5406805555555556 0.0870546875 0.16468055555555555