0 0.177453125 0.748013888888889 0.0714296875 0.1547638888888889
0 0.24664843749999998 0.7450416666666666 0.0513359375 0.1527777777777778
0 0.337609375 0.7380972222222222 0.0636171875 0.15079166666666666
0 0.400109375 0.7251944444444445 0.0636171875 0.140875
0 0.47711718750000004 0.7212361111111111 0.0636171875 0.14484722222222224
0 0.55078125 0.7043611111111111 0.0546875 0.14681944444444445
0 0.6171875 0.702375 0.060265625 0.1388888888888889
0 0.700890625 0.6984166666666667 0.064734375 0.13491666666666666
0 0.7689765625 0.6795694444444444 0.060265625 0.13293055555555555
2 0.5652890625 0.9474166666666667 0.083703125 0.10515277777777778
2 0.650109375 0.9414722222222223 0.083703125 0.11706944444444445
2 0.7354921875 0.9335277777777777 0.0848203125 0.13293055555555555
2 0.8208671875 0.9315416666666667 0.0814765625 0.13690277777777776
2 0.9028984375 0.9275833333333333 0.0848203125 0.14484722222222224
2 0.9732109375 0.9255972222222222 0.053570312499999995 0.14880555555555555