0 0.228796875 0.5754027777777778 0.0691953125 0.2777777777777778
0 0.2862734375 0.45734722222222224 0.10602343750000001 0.12102777777777778
0 0.3236640625 0.41170833333333334 0.0848203125 0.1686527777777778
0 0.361609375 0.4077361111111111 0.049109375 0.22818055555555555
0 0.415734375 0.41170833333333334 0.0546875 0.2876944444444444
0 0.58984375 0.38293055555555555 0.1238828125 0.16269444444444445
0 0.7098203125 0.41468055555555555 0.0892890625 0.21429166666666666
0 0.790734375 0.3611111111111111 0.099328125 0.202375
2 0.0346015625 0.33234722222222224 0.0691953125 0.18055555555555555
2 0.11272656249999999 0.31051388888888887 0.075890625 0.1845277777777778
2 0.1902890625 0.28570833333333334 0.0770078125 0.17856944444444445
2 0.267859375 0.27281944444444445 0.075890625 0.17658333333333334
2 0.3471015625 0.24901388888888887 0.075890625 0.1686527777777778
2 0.162390625 0.6289722222222223 0.0971015625 0.18651388888888887
2 0.255578125 0.6011944444444445 0.0892890625 0.19841666666666669
2 0.345984375 0.5754027777777778 0.0825859375 0.19444444444444445
2 0.42913281249999996 0.547625 0.0859375 0.19444444444444445
2 0.517296875 0.5218194444444444 0.083703125 0.19444444444444445
2 0.599328125 0.5009861111111111 0.078125 0.19245833333333331
2 0.6768984375 0.46925 0.0747734375 0.19643055555555555
2 0.7578125 0.46031944444444445 0.080359375 0.18651388888888887
2 0.8403984375 0.43154166666666666 0.0825859375 0.19245833333333331
2 0.732140625 0.8740138888888889 0.095984375 0.2202361111111111
2 0.8264531249999999 0.8432499999999999 0.0903984375 0.21824999999999997
2 0.921875 0.8134861111111111 0.091515625 0.21824999999999997
2 0.9849296875 0.7976249999999999 0.0301328125 0.2222222222222222