0 0.2081484375 0.6051527777777778 0.0591484375 0.21824999999999997
0 0.30859375 0.609125 0.052453125 0.21824999999999997
0 0.3956484375 0.5882916666666667 0.0591484375 0.2043611111111111
0 0.486609375 0.5863055555555555 0.0580390625 0.19643055555555555
0 0.560828125 0.5892916666666667 0.0703125 0.1904722222222222
0 0.6517890625 0.5754027777777778 0.0625 0.21031944444444445
0 0.732140625 0.5644861111111111 0.060265625 0.20040277777777776
0 0.8297968750000001 0.5625 0.0546875 0.2043611111111111
2 0.532921875 0.8244027777777778 0.0903984375 0.172625
2 0.627234375 0.8115138888888889 0.091515625 0.16666666666666666
2 0.7215390625 0.8015833333333333 0.0926328125 0.1706388888888889
2 0.8141718750000001 0.7906805555555555 0.0903984375 0.1686527777777778
2 0.9073671875 0.7827361111111112 0.0892890625 0.172625
2 0.9760078125 0.7767916666666667 0.0479921875 0.17658333333333334
2 0.8950859375 0.9632916666666668 0.1004453125 0.07341666666666667
2 0.9732109375 0.9583333333333334 0.053570312499999995 0.08333333333333333