0 0.1869453125 0.6924583333333333 0.0658515625 0.23809722222222224
0 0.21539843749999998 0.6309583333333334 0.046875 0.202375
0 0.41908593749999995 0.6795694444444444 0.056921875 0.22818055555555555
0 0.38671875 0.6011944444444445 0.041296875 0.2301527777777778
0 0.43805468750000004 0.578375 0.0457578125 0.1527777777777778
0 0.41350781249999996 0.49404166666666666 0.0435234375 0.12698611111111113
0 0.6494140625 0.5920138888888888 0.0512734375 0.20616666666666666
0 0.681640625 0.5646666666666667 0.0364375 0.19943055555555556
0 0.7509765625 0.5338611111111111 0.071046875 0.204
2 0.1450859375 0.3958333333333333 0.064734375 0.140875
2 0.075890625 0.41170833333333334 0.064734375 0.125
2 0.04296875 0.49504166666666666 0.0859375 0.06547222222222222
2 0.2762265625 0.41468055555555555 0.0971015625 0.11904166666666666
2 0.0385078125 0.6835277777777777 0.0703125 0.10912499999999999
2 0.0931953125 0.6914722222222223 0.10379687500000001 0.07341666666666667
2 0.1512265625 0.6160694444444444 0.072546875 0.140875
2 0.224328125 0.6001944444444445 0.0714296875 0.140875
2 0.2957578125 0.5813472222222222 0.0691953125 0.1428611111111111
2 0.364953125 0.5654722222222222 0.0625 0.14681944444444445
2 0.43080468749999995 0.547625 0.0691953125 0.1388888888888889
2 0.49721093749999995 0.5347222222222222 0.0636171875 0.14880555555555555
2 0.5625 0.5168611111111111 0.064734375 0.14484722222222224
2 0.407921875 0.8353194444444444 0.0770078125 0.16269444444444445
2 0.48492968750000004 0.8125 0.072546875 0.16468055555555555
2 0.55859375 0.7867083333333332 0.0747734375 0.16468055555555555
2 0.6328125 0.7738055555555555 0.0736640625 0.16666666666666666
2 0.705359375 0.7589305555555554 0.0691953125 0.1686527777777778
2 0.775671875 0.7331388888888889 0.0691953125 0.1527777777777778
2 0.8465390625 0.7152777777777778 0.072546875 0.16070833333333331
2 0.9185234375 0.6994027777777778 0.0691953125 0.15675
2 0.9765625 0.6785694444444444 0.046875 0.16269444444444445