0 0.1651796875 0.6111111111111112 0.0691953125 0.2301527777777778
0 0.263953125 0.5952361111111111 0.0591484375 0.2301527777777778
0 0.424109375 0.5833333333333334 0.0513359375 0.19841666666666669
0 0.390625 0.5595277777777778 0.053570312499999995 0.21824999999999997
0 0.47600781249999996 0.547625 0.0792421875 0.22619444444444448
0 0.58984375 0.5486111111111112 0.0591484375 0.2361111111111111
0 0.6261171875 0.5069444444444444 0.046875 0.20833333333333334
0 0.674109375 0.47718055555555555 0.055804687500000005 0.20040277777777776
0 0.6674140625 0.37995833333333334 0.0401796875 0.125
2 0.173546875 0.34920833333333334 0.088171875 0.047625
2 0.0831484375 0.30059722222222224 0.061382812499999995 0.13293055555555555
2 0.0262265625 0.31348611111111113 0.0479921875 0.13491666666666666
2 0.0541328125 0.610125 0.0971015625 0.057541666666666665
2 0.099890625 0.5198472222222222 0.068078125 0.14681944444444445
2 0.1707578125 0.5029722222222222 0.0691953125 0.14880555555555555
2 0.239953125 0.4861111111111111 0.0669609375 0.14681944444444445
2 0.3097109375 0.4672638888888889 0.068078125 0.1527777777777778
2 0.3828125 0.45337500000000003 0.0669609375 0.13690277777777776
2 0.44252343749999995 0.4384861111111111 0.056921875 0.13491666666666666
2 0.3560234375 0.7361111111111112 0.0714296875 0.16666666666666666
2 0.428015625 0.7152777777777778 0.0703125 0.15675
2 0.5011171875 0.6944444444444444 0.078125 0.16666666666666666
2 0.5775703125 0.671625 0.0747734375 0.1686527777777778
2 0.6512265625 0.6517916666666667 0.0703125 0.1686527777777778
2 0.7215390625 0.6319444444444444 0.0658515625 0.16070833333333331
2 0.7901796875 0.6130972222222222 0.0691953125 0.16269444444444445
2 0.8604921875 0.6001944444444445 0.0691953125 0.16468055555555555
2 0.9291328125 0.577375 0.061382812499999995 0.15873611111111113
2 0.8387265625 0.9305555555555556 0.0814765625 0.1388888888888889
2 0.9202031249999999 0.9206388888888889 0.0792421875 0.15873611111111113
2 0.98046875 0.9107083333333333 0.0390625 0.17856944444444445