0 0.166296875 0.6894861111111111 0.060265625 0.14484722222222224
0 0.2472109375 0.6855138888888889 0.061382812499999995 0.1289722222222222
0 0.3232421875 0.6788194444444444 0.061765625000000005 0.11990277777777777
0 0.46703906249999994 0.6584166666666667 0.055937499999999994 0.125875
0 0.54053125 0.6532083333333334 0.0556015625 0.11751388888888889
0 0.7568359375 0.6232638888888888 0.0478828125 0.13216666666666665
0 0.612796875 0.6462638888888889 0.063234375 0.11773611111111111
0 0.6782265625 0.640625 0.060304687499999995 0.11415277777777777
0 0.3900703125 0.671625 0.0658515625 0.13690277777777776
2 0.5630546875 0.9007916666666668 0.0814765625 0.16666666666666666
2 0.6484375 0.8888888888888888 0.080359375 0.15873611111111113
2 0.7299140625 0.8819444444444444 0.080359375 0.15675
2 0.8130546875 0.8779722222222222 0.0814765625 0.16070833333333331
2 0.8950859375 0.8690416666666667 0.078125 0.16269444444444445
2 0.9670781249999999 0.8581388888888889 0.0658515625 0.16468055555555555