0 0.1841484375 0.625 0.0714296875 0.21429166666666666
0 0.236609375 0.5952361111111111 0.10714062499999999 0.2301527777777778
0 0.40680468750000004 0.5982083333333333 0.0636171875 0.25595833333333334
0 0.6098671875 0.5299444444444444 0.064515625 0.231125
0 0.49780468750000006 0.5325555555555556 0.0798984375 0.21158333333333335
0 0.7509765625 0.4605 0.0834375 0.1787083333333333
0 0.6316953125 0.43154166666666666 0.10491406249999999 0.12102777777777778
0 0.44921875 0.5238055555555555 0.0457578125 0.1745972222222222
2 0.025671875 0.2202361111111111 0.044640625 0.1547638888888889
2 0.015625 0.4365138888888889 0.029015625 0.1745972222222222
2 0.0691953125 0.4196388888888889 0.0736640625 0.16070833333333331
2 0.1439765625 0.4047638888888889 0.0736640625 0.1547638888888889
2 0.21819531250000002 0.38987499999999997 0.068078125 0.1527777777777778
2 0.28515625 0.36606944444444445 0.0792421875 0.14880555555555555
2 0.364953125 0.36309722222222224 0.078125 0.16666666666666666
2 0.1361640625 0.6666666666666666 0.078125 0.17856944444444445
2 0.22711718749999998 0.6458333333333334 0.0814765625 0.16468055555555555
2 0.3041328125 0.625 0.083703125 0.16666666666666666
2 0.3934140625 0.6279722222222222 0.0814765625 0.14880555555555555
2 0.45982031250000005 0.5843194444444444 0.091515625 0.18055555555555555
2 0.5440859375 0.5704305555555556 0.0792421875 0.16468055555555555
2 0.6205390625 0.5525833333333333 0.075890625 0.1686527777777778
2 0.697546875 0.5317500000000001 0.0736640625 0.16666666666666666
2 0.775109375 0.5208333333333334 0.0770078125 0.172625
2 0.5926328125 0.873013888888889 0.0870546875 0.19444444444444445
2 0.6785703125 0.8551527777777779 0.0848203125 0.2063472222222222
2 0.767859375 0.8333333333333334 0.0825859375 0.2063472222222222
2 0.8543515625 0.814486111111111 0.0859375 0.19643055555555555
2 0.94140625 0.7916666666666666 0.0859375 0.18651388888888887
2 0.9944218749999999 0.7857083333333333 0.011164062499999999 0.19841666666666669