0 0.197546875 0.640875 0.0870546875 0.1388888888888889
0 0.2159609375 0.6369027777777778 0.068078125 0.21429166666666666
0 0.3662109375 0.5737916666666667 0.0686640625 0.13931944444444444
0 0.44555468749999994 0.6423611111111112 0.058773437500000004 0.17523611111111112
0 0.42651562500000006 0.5555555555555556 0.081359375 0.1545138888888889
0 0.562015625 0.5455694444444444 0.0837421875 0.12630555555555556
0 0.0780625 0.29818055555555556 0.04296875 0.16243055555555555
0 0.536625 0.49609722222222224 0.060421875 0.1481111111111111
0 0.5613828125 0.44345833333333334 0.049109375 0.11309722222222224
2 0.255578125 0.40675 0.046875 0.12301388888888888
2 0.204796875 0.4265833333333333 0.0546875 0.13095833333333334
2 0.1512265625 0.44643055555555555 0.052453125 0.12698611111111113
2 0.095984375 0.4642916666666667 0.055804687500000005 0.13095833333333334
2 0.0385078125 0.49106944444444445 0.052453125 0.13690277777777776
2 0.2667421875 0.7539722222222223 0.055804687500000005 0.15873611111111113
2 0.3270078125 0.7222222222222222 0.060265625 0.1547638888888889
2 0.38671875 0.6904722222222222 0.056921875 0.15079166666666666
2 0.443078125 0.6597222222222222 0.053570312499999995 0.172625
2 0.49664843750000004 0.6388888888888888 0.049109375 0.15873611111111113
2 0.5496640625 0.6071388888888889 0.052453125 0.15873611111111113
2 0.6026796875 0.5863055555555555 0.049109375 0.1527777777777778
2 0.6534609375 0.5605138888888889 0.052453125 0.14484722222222224
2 0.7025703125 0.5386944444444445 0.0457578125 0.14880555555555555
2 0.8247734375 0.9315416666666667 0.053570312499999995 0.13690277777777776
2 0.8805781250000001 0.9156805555555555 0.0580390625 0.16468055555555555
2 0.9397343749999999 0.8849166666666667 0.0580390625 0.16666666666666666
2 0.984375 0.859125 0.03125 0.1706388888888889