0 0.1841484375 0.6289722222222223 0.0870546875 0.1745972222222222
0 0.2739921875 0.6120972222222222 0.0770078125 0.20040277777777776
0 0.357703125 0.5982083333333333 0.072546875 0.2162638888888889
0 0.43694531249999996 0.5873055555555555 0.0658515625 0.19444444444444445
2 0.6160703125 0.8789722222222223 0.11160937500000001 0.19444444444444445
2 0.7215390625 0.8660694444444446 0.0926328125 0.19643055555555555
2 0.8136171875 0.8561527777777778 0.095984375 0.19245833333333331
2 0.9090390625 0.8492083333333332 0.0971015625 0.2063472222222222
2 0.9799140625 0.8392916666666667 0.0401796875 0.19841666666666669
0 0.5166015625 0.5794305555555556 0.0662265625 0.17219444444444446
0 0.7783203125 0.5494861111111111 0.0755625 0.1825138888888889
0 0.6904296875 0.5512222222222222 0.07409375 0.199875
0 0.6040078125 0.5716111111111111 0.067203125 0.16308333333333333