0 0.17578125 0.6790138888888889 0.0546875 0.24383333333333335
0 0.2252578125 0.6311666666666667 0.052953125000000004 0.20679166666666665
0 0.3910625 0.6689861111111112 0.0546875 0.23302777777777778
0 0.3736953125 0.5918194444444445 0.0651015625 0.20833333333333334
0 0.4711953125 0.5716111111111111 0.056546874999999996 0.21300000000000002
0 0.765140625 0.5381944444444444 0.0465390625 0.1909722222222222
0 0.690921875 0.5750833333333334 0.057796875000000004 0.22547222222222224
0 0.634765625 0.5920138888888888 0.0640859375 0.21083333333333334
2 0.2356796875 0.3873472222222222 0.068578125 0.1327222222222222
2 0.16840625 0.40123611111111107 0.0694453125 0.1388888888888889
2 0.1006953125 0.41126388888888893 0.0677109375 0.1342638888888889
2 0.0533828125 0.4884305555555556 0.099828125 0.05401388888888889
2 0.015625 0.6265416666666667 0.024304687499999998 0.1512361111111111
2 0.08637500000000001 0.6898194444444444 0.115453125 0.05555555555555555
2 0.138453125 0.6010833333333333 0.0755234375 0.1466111111111111
2 0.2122421875 0.5817916666666666 0.07378124999999999 0.14505555555555555
2 0.28428906249999997 0.5709861111111111 0.072046875 0.1512361111111111
2 0.421875 0.5378055555555556 0.0694453125 0.14043055555555556
2 0.49305468750000003 0.5277777777777778 0.07465625000000001 0.14197222222222222
2 0.34678906249999997 0.7947500000000001 0.0789921875 0.16358333333333333
2 0.42621875 0.777 0.079859375 0.16204166666666667
2 0.5047734375 0.7638888888888888 0.07378124999999999 0.15740277777777778
2 0.5794296875 0.7469166666666667 0.0755234375 0.1605
2 0.6545156249999999 0.7322500000000001 0.078125 0.15894444444444444
2 0.73046875 0.7152777777777778 0.072046875 0.15586111111111112
2 0.8025156250000001 0.6975277777777779 0.072046875 0.15740277777777778
2 0.8763046875 0.6851805555555556 0.0703125 0.1512361111111111
2 0.94965625 0.6743888888888889 0.076390625 0.1605
2 0.86284375 0.9498472222222222 0.08159374999999999 0.10030555555555555
2 0.9466171875 0.9429027777777778 0.0859375 0.11419444444444445
2 0.9943593749999999 0.9375 0.01128125 0.125