0 0.1640625 0.6574027777777778 0.0694453125 0.11419444444444445
0 0.2421875 0.6496944444444444 0.064234375 0.10802777777777778
0 0.322484375 0.6435138888888888 0.0633671875 0.11419444444444445
0 0.3997421875 0.6327222222222222 0.0633671875 0.11727777777777777
0 0.47569531249999997 0.6280833333333333 0.0711796875 0.10802777777777778
0 0.5529531249999999 0.6126527777777778 0.0677109375 0.11419444444444445
0 0.6328125 0.6057083333333334 0.0694453125 0.10956944444444444
0 0.7035625 0.602625 0.05815625 0.10648611111111111
0 0.7808125 0.5879583333333334 0.0755234375 0.11727777777777777
2 0.5802968749999999 0.8703749999999999 0.0928828125 0.16666666666666666
2 0.6697031250000001 0.8572500000000001 0.0807265625 0.165125
2 0.7547734375 0.8472222222222222 0.084203125 0.16666666666666666
2 0.8424453125 0.8395 0.08940624999999999 0.16975
2 0.930125 0.8287083333333333 0.087671875 0.1605
2 0.9861093750000001 0.8209861111111111 0.02778125 0.16666666666666666
2 0.9131953125000001 0.9807083333333334 0.109375 0.03858333333333334
2 0.9835078125000001 0.977625 0.032984374999999996 0.04475