0 0.1646171875 0.6537638888888888 0.072546875 0.18055555555555555
0 0.25390625 0.6488055555555555 0.0703125 0.16269444444444445
0 0.33203125 0.640875 0.0792421875 0.1745972222222222
0 0.42299218749999995 0.6438472222222222 0.0714296875 0.16070833333333331
0 0.5106015625 0.6359166666666667 0.072546875 0.19245833333333331
0 0.587609375 0.6160694444444444 0.0770078125 0.16468055555555555
0 0.662390625 0.5982083333333333 0.068078125 0.18848611111111113
0 0.73828125 0.6001944444444445 0.0747734375 0.16468055555555555
2 0.59375 0.9017916666666667 0.1026796875 0.19643055555555555
2 0.6919609375 0.8839305555555554 0.0892890625 0.19643055555555555
2 0.782921875 0.8839305555555554 0.088171875 0.17658333333333334
2 0.875 0.875 0.0870546875 0.18651388888888887
2 0.9598203125 0.8680555555555556 0.080359375 0.1845277777777778