0 0.1785703125 0.6676527777777778 0.060265625 0.20833333333333334
0 0.2544609375 0.6517916666666667 0.0513359375 0.20040277777777776
0 0.32421875 0.6498055555555555 0.0457578125 0.2043611111111111
0 0.42075781250000005 0.6259861111111111 0.0691953125 0.20040277777777776
0 0.58740625 0.61675 0.0615234375 0.21223611111111113
0 0.8017578125 0.5855 0.0432734375 0.19911111111111113
0 0.7353515625 0.5933194444444444 0.0551171875 0.19737500000000002
0 0.6508828125 0.6059027777777778 0.053500000000000006 0.19498611111111108
0 0.49487500000000006 0.6180555555555556 0.0582265625 0.19672222222222221
2 0.490515625 0.8601249999999999 0.088171875 0.1686527777777778
2 0.578125 0.8501944444444445 0.0848203125 0.16468055555555555
2 0.6668515625 0.8373055555555555 0.0859375 0.15873611111111113
2 0.755578125 0.8273750000000001 0.0870546875 0.1745972222222222
2 0.84375 0.8194444444444444 0.0892890625 0.16666666666666666
2 0.9313593750000001 0.8085277777777777 0.088171875 0.16070833333333331
2 0.9888359375 0.8015833333333333 0.0223203125 0.16666666666666666
2 0.8286796875 0.9781805555555555 0.099328125 0.043652777777777776
2 0.9274531250000001 0.9712361111111111 0.095984375 0.057541666666666665