0 0.2589296875 0.7063472222222222 0.0736640625 0.26984722222222224
0 0.232140625 0.5615138888888889 0.0691953125 0.1388888888888889
0 0.4921875 0.6140833333333333 0.0625 0.24404166666666668
0 0.455359375 0.547625 0.046875 0.25
0 0.540734375 0.5357083333333333 0.0658515625 0.28968055555555555
0 0.5943046875 0.4107083333333333 0.0636171875 0.25
0 0.48772656249999996 0.38393055555555555 0.0669609375 0.140875
0 0.568078125 0.4593194444444444 0.055804687500000005 0.19643055555555555
2 0.021765625 0.27579166666666666 0.0390625 0.1706388888888889
2 0.37109375 0.5505972222222222 0.052453125 0.18055555555555555
2 0.3203125 0.5873055555555555 0.053570312499999995 0.18651388888888887
2 0.2645078125 0.6200416666666667 0.055804687500000005 0.1845277777777778
2 0.200890625 0.6626944444444445 0.064734375 0.1904722222222222
2 0.181921875 0.7579305555555556 0.11383593750000001 0.08333333333333333
2 0.454796875 0.546625 0.1015625 0.08531944444444445
2 0.5652890625 0.4107083333333333 0.061382812499999995 0.15079166666666666
2 0.8364921875 0.8988055555555555 0.056921875 0.202375
2 0.8922968750000001 0.8601249999999999 0.052453125 0.2043611111111111
2 0.9447578125 0.814486111111111 0.0502265625 0.19643055555555555
2 0.9854921875 0.7787638888888889 0.029015625 0.2043611111111111