0 0.15234375 0.5674583333333333 0.0658515625 0.24206944444444442
0 0.220984375 0.5495972222222222 0.049109375 0.24602777777777776
0 0.341515625 0.5446388888888889 0.053570312499999995 0.25991666666666663
0 0.43861718749999995 0.5486111111111112 0.046875 0.24801388888888887
0 0.5128359375 0.5277777777777778 0.0502265625 0.26984722222222224
0 0.603234375 0.5198472222222222 0.056921875 0.25
0 0.6847109375 0.515875 0.0479921875 0.24206944444444442
2 0.0619453125 0.5198472222222222 0.0926328125 0.17856944444444445
2 0.1556953125 0.5019861111111111 0.088171875 0.1745972222222222
2 0.2433046875 0.49602777777777773 0.0870546875 0.1745972222222222
2 0.3325859375 0.48512500000000003 0.0848203125 0.17658333333333334
2 0.421875 0.4751944444444444 0.0870546875 0.172625
2 0.5318046875 0.49504166666666666 0.10602343750000001 0.09325
2 0.5903984375 0.45237499999999997 0.080359375 0.16666666666666666
2 0.23492968749999998 0.7311527777777778 0.0926328125 0.18055555555555555
2 0.3309140625 0.7152777777777778 0.0948671875 0.18055555555555555
2 0.42689843749999995 0.7013888888888888 0.0926328125 0.1845277777777778
2 0.521203125 0.6875 0.095984375 0.1845277777777778
2 0.615515625 0.671625 0.0903984375 0.17658333333333334
2 0.7081484375 0.6587361111111112 0.0948671875 0.1745972222222222
2 0.8046875 0.6438472222222222 0.0892890625 0.18055555555555555
2 0.8956484375 0.6289722222222223 0.088171875 0.18254166666666669
2 0.9709843749999999 0.6210277777777777 0.0580390625 0.1745972222222222
2 0.646765625 0.9226249999999999 0.1015625 0.1547638888888889
2 0.7494453125 0.9117083333333332 0.1015625 0.17658333333333334
2 0.8543515625 0.9047638888888888 0.10379687500000001 0.1904722222222222
2 0.953125 0.8918611111111111 0.09375 0.19643055555555555