0 0.345421875 0.7311527777777778 0.0703125 0.3154722222222222
0 0.47210156249999996 0.44245833333333334 0.0825859375 0.2738055555555555
0 0.2346171875 0.6349861111111111 0.094359375 0.29536111111111113
0 0.640140625 0.3886666666666666 0.084046875 0.2788611111111111
0 0.2563515625 0.4778611111111111 0.0936875 0.2580277777777778
0 0.5830078125 0.42165277777777777 0.0886875 0.26931944444444444
0 0.1877421875 0.5351527777777778 0.085390625 0.288625
0 0.21484375 0.3680555555555556 0.12164843750000001 0.10119444444444445
2 0.3560234375 0.32143055555555555 0.0625 0.19444444444444445
2 0.2974296875 0.3620972222222222 0.0591484375 0.21230555555555558
2 0.295203125 0.4930555555555556 0.146203125 0.06944444444444445
2 0.017296875 0.5734166666666667 0.0301328125 0.2222222222222222
2 0.06640625 0.5347222222222222 0.0636171875 0.2162638888888889
2 0.130578125 0.48512500000000003 0.060265625 0.20833333333333334
2 0.1919609375 0.44345833333333334 0.0625 0.18055555555555555
2 0.6646171875 0.876986111111111 0.0703125 0.234125
2 0.7271171875 0.8254027777777777 0.052453125 0.234125
2 0.782921875 0.7787638888888889 0.056921875 0.2361111111111111
2 0.8392890625 0.7271805555555556 0.053570312499999995 0.2361111111111111
2 0.8911796875 0.6765833333333333 0.0502265625 0.234125
2 0.9408515625 0.6190416666666666 0.049109375 0.22619444444444448
2 0.9838203125 0.578375 0.0323671875 0.21230555555555558