0 0.1925234375 0.6160694444444444 0.0971015625 0.125
0 0.3370546875 0.7539722222222223 0.09375 0.24206944444444442
0 0.3973203125 0.5347222222222222 0.0691953125 0.2043611111111111
0 0.49389843750000006 0.6215277777777778 0.0885 0.20258333333333337
0 0.546875 0.47830555555555554 0.0616484375 0.1818611111111111
0 0.3388671875 0.38129166666666664 0.0703125 0.17372222222222222
0 0.6743203125 0.4548611111111111 0.048585937499999995 0.19879166666666667
0 0.42522656249999996 0.6914722222222223 0.053570312499999995 0.24801388888888887
2 0.1573671875 0.7738055555555555 0.03125 0.18254166666666669
2 0.1875 0.7281805555555555 0.029015625 0.16666666666666666
2 0.2433046875 0.6319444444444444 0.0223203125 0.17658333333333334
2 0.2784609375 0.5426527777777778 0.025671875 0.1686527777777778
2 0.33984375 0.44245833333333334 0.083703125 0.13095833333333334
2 0.306359375 0.6120972222222222 0.0703125 0.08134722222222222
2 0.216515625 0.6785694444444444 0.033484375 0.1706388888888889