0 0.2137265625 0.5674583333333333 0.10379687500000001 0.15079166666666666
0 0.220421875 0.4702361111111111 0.0770078125 0.1071388888888889
0 0.247765625 0.4623055555555556 0.0580390625 0.24602777777777776
0 0.2918515625 0.4593194444444444 0.061382812499999995 0.31151388888888887
0 0.342078125 0.4156805555555556 0.068078125 0.2837361111111111
0 0.5400390625 0.3958333333333333 0.10357812500000001 0.16981944444444444
0 0.7211953125 0.3461388888888889 0.09234375 0.13802777777777778
0 0.646484375 0.37738888888888894 0.1193828125 0.12630555555555556
2 0.2901796875 0.25793055555555555 0.0736640625 0.16666666666666666
2 0.213171875 0.27181944444444445 0.078125 0.1706388888888889
2 0.138390625 0.3015833333333333 0.0736640625 0.17856944444444445
2 0.0619453125 0.32837500000000003 0.0747734375 0.18055555555555555
2 0.013390625 0.3412638888888889 0.0245546875 0.18254166666666669
2 0.189734375 0.6666666666666666 0.0892890625 0.202375
2 0.2778984375 0.6488055555555555 0.0870546875 0.21031944444444445
2 0.3643984375 0.6071388888888889 0.0814765625 0.202375
2 0.44586718750000004 0.5803611111111111 0.0770078125 0.20833333333333334
2 0.5245546875 0.5495972222222222 0.075890625 0.19444444444444445
2 0.6021171875 0.5248055555555555 0.0792421875 0.20040277777777776
2 0.6796875 0.49404166666666666 0.0714296875 0.202375
2 0.7550234375 0.46925 0.0747734375 0.19643055555555555
2 0.8348203125 0.44147222222222227 0.078125 0.19643055555555555
2 0.8370546875 0.9087361111111111 0.091515625 0.18254166666666669
2 0.9302421875 0.8888888888888888 0.088171875 0.21429166666666666
2 0.98828125 0.8799583333333334 0.0234375 0.2043611111111111