0 0.24944531250000002 0.7083333333333334 0.0658515625 0.26984722222222224
0 0.220421875 0.6071388888888889 0.061382812499999995 0.2063472222222222
0 0.5027890625 0.6230138888888889 0.0591484375 0.28175
0 0.43921093750000006 0.5381944444444444 0.098265625 0.21820833333333337
0 0.5395546875 0.5334166666666667 0.06903125 0.27018055555555553
0 0.4462890625 0.40018055555555554 0.0725078125 0.171875
0 0.5810546875 0.4025555555555555 0.0483125 0.22916666666666666
0 0.5150703125 0.4444444444444444 0.036828125 0.1706388888888889
2 0.286828125 0.3472222222222222 0.053570312499999995 0.1706388888888889
2 0.23772656250000002 0.37897222222222227 0.0580390625 0.16269444444444445
2 0.239953125 0.48115277777777776 0.11383593750000001 0.06944444444444445
2 0.091515625 0.49106944444444445 0.064734375 0.18848611111111113
2 0.0318046875 0.5386944444444445 0.0591484375 0.19643055555555555
2 0.5496640625 0.828375 0.0591484375 0.2202361111111111
2 0.6043515625 0.7876944444444445 0.0502265625 0.22619444444444448
2 0.654015625 0.7380972222222222 0.046875 0.21031944444444445
2 0.6981015625 0.6865138888888889 0.041296875 0.21824999999999997
2 0.7421875 0.6379027777777778 0.044640625 0.21230555555555558
2 0.7879453125 0.6001944444444445 0.044640625 0.20040277777777776
2 0.83203125 0.5605138888888889 0.041296875 0.19245833333333331
2 0.8722109375 0.5208333333333334 0.0390625 0.19643055555555555
2 0.9140625 0.4781805555555556 0.0424140625 0.1904722222222222