0 0.1953125 0.610125 0.11383593750000001 0.3472222222222222
0 0.204796875 0.47123611111111113 0.0948671875 0.24404166666666668
0 0.6199765625 0.3819444444444444 0.1171875 0.1686527777777778
0 0.6099296875 0.3740138888888889 0.0792421875 0.2797638888888889
0 0.6612734375 0.32837500000000003 0.0591484375 0.24801388888888887
0 0.6824765625 0.3055555555555556 0.0703125 0.32540277777777776
0 0.375734375 0.48177777777777775 0.10894531249999999 0.27755555555555556
0 0.45367968750000004 0.4553611111111111 0.068078125 0.2916666666666667
2 0.228234375 0.2172638888888889 0.0703125 0.20040277777777776
2 0.11160937500000001 0.3918611111111111 0.1316953125 0.077375
2 0.3331484375 0.7271805555555556 0.0859375 0.24008333333333334
2 0.42242968750000004 0.6795694444444444 0.088171875 0.23213888888888887
2 0.510046875 0.6269861111111111 0.0848203125 0.2301527777777778
2 0.595421875 0.5912638888888888 0.083703125 0.22619444444444448
2 0.6768984375 0.546625 0.0770078125 0.2361111111111111
2 0.7583671875 0.5079305555555556 0.0792421875 0.23809722222222224
2 0.8392890625 0.4672638888888889 0.075890625 0.2361111111111111
2 0.9146171875 0.42262500000000003 0.072546875 0.22619444444444448