0 0.1484375 0.6934583333333334 0.0714296875 0.11309722222222224
0 0.22600781250000002 0.6825416666666667 0.0658515625 0.1071388888888889
0 0.3074765625 0.6736111111111112 0.061382812499999995 0.11706944444444445
0 0.3917421875 0.6617083333333333 0.0714296875 0.11309722222222224
0 0.46930468750000004 0.6577361111111111 0.061382812499999995 0.11309722222222224
0 0.5513359375 0.6468194444444444 0.0691953125 0.11508333333333333
0 0.627234375 0.6418611111111111 0.0625 0.10912499999999999
0 0.703125 0.6299583333333333 0.060265625 0.10912499999999999
0 0.779578125 0.6230138888888889 0.0636171875 0.1071388888888889
2 0.5736640625 0.9017916666666667 0.0892890625 0.1686527777777778
2 0.6640625 0.8938472222222222 0.0848203125 0.172625
2 0.751671875 0.8849166666666667 0.088171875 0.16666666666666666
2 0.8403984375 0.8759861111111111 0.0892890625 0.1686527777777778
2 0.9302421875 0.8650833333333333 0.088171875 0.16269444444444445
2 0.9871640625 0.8630972222222222 0.025671875 0.1706388888888889