0 0.1517890625 0.75 0.10491406249999999 0.3095277777777778
0 0.2276796875 0.7142916666666667 0.0825859375 0.26190277777777776
0 0.3052421875 0.6785694444444444 0.0903984375 0.2738055555555555
0 0.3666328125 0.6259861111111111 0.0591484375 0.2797638888888889
0 0.536828125 0.5327361111111111 0.078125 0.25991666666666663
0 0.6919609375 0.48115277777777776 0.075890625 0.25595833333333334
2 0.46596093749999995 0.4553611111111111 0.072546875 0.172625
2 0.3939765625 0.47420833333333334 0.0691953125 0.1745972222222222
2 0.232140625 0.5277777777777778 0.0736640625 0.17856944444444445
2 0.154015625 0.5486111111111112 0.080359375 0.18055555555555555
2 0.0697578125 0.5754027777777778 0.083703125 0.18651388888888887
2 0.013953125 0.5952361111111111 0.025671875 0.17856944444444445
2 0.373328125 0.8819444444444444 0.0859375 0.20833333333333334
2 0.458703125 0.8472222222222222 0.0848203125 0.21031944444444445
2 0.5435234375 0.8154722222222222 0.0848203125 0.19841666666666669
2 0.6283515625 0.7906805555555555 0.0825859375 0.20833333333333334
2 0.7114921875 0.7609166666666667 0.083703125 0.20040277777777776
2 0.7940859375 0.7281805555555555 0.0814765625 0.19841666666666669
2 0.8766718750000001 0.702375 0.0814765625 0.19841666666666669
2 0.9575859375 0.6736111111111112 0.078125 0.19643055555555555