0 0.1495546875 0.6934583333333334 0.0714296875 0.10912499999999999
0 0.22711718749999998 0.6875 0.0703125 0.10515277777777778
0 0.3080390625 0.672625 0.060265625 0.11904166666666666
0 0.3900703125 0.6597222222222222 0.0703125 0.11706944444444445
0 0.46930468750000004 0.6577361111111111 0.056921875 0.125
0 0.5502265625 0.6507916666666667 0.075890625 0.11508333333333333
0 0.630578125 0.6359166666666667 0.0625 0.11309722222222224
0 0.7020078125 0.6299583333333333 0.0625 0.10515277777777778
0 0.7823671875 0.6210277777777777 0.0669609375 0.1071388888888889
2 0.5753359375 0.9047638888888888 0.088171875 0.16666666666666666
2 0.6640625 0.8928611111111111 0.0848203125 0.15873611111111113
2 0.752234375 0.8879027777777777 0.0892890625 0.1686527777777778
2 0.8415156250000001 0.8740138888888889 0.0892890625 0.16468055555555555
2 0.9313593750000001 0.873013888888889 0.088171875 0.1706388888888889
2 0.9888359375 0.8650833333333333 0.0223203125 0.18254166666666669