0 0.1919609375 0.5297638888888889 0.200890625 0.16269444444444445
0 0.279578125 0.8035694444444446 0.072546875 0.3373055555555556
0 0.299109375 0.7013888888888888 0.0892890625 0.2678611111111111
0 0.3950859375 0.6835277777777777 0.11383593750000001 0.30356944444444445
0 0.134484375 0.3740138888888889 0.177453125 0.14484722222222224
0 0.283484375 0.35218055555555555 0.1473203125 0.13690277777777776
2 0.150671875 0.8541666666666666 0.0357109375 0.24404166666666668
2 0.189171875 0.7827361111111112 0.0390625 0.2162638888888889
2 0.2276796875 0.7212361111111111 0.0357109375 0.21230555555555558
2 0.318078125 0.5317500000000001 0.033484375 0.19444444444444445
2 0.3487734375 0.4781805555555556 0.025671875 0.19444444444444445
2 0.377234375 0.42559722222222224 0.029015625 0.18055555555555555
2 0.404015625 0.37698611111111113 0.0245546875 0.21031944444444445
2 0.2606015625 0.6507916666666667 0.0301328125 0.18651388888888887
2 0.2879453125 0.5962361111111112 0.0267890625 0.18055555555555555