0 0.12332812500000001 0.4652777777777778 0.0859375 0.19245833333333331
0 0.22991406250000002 0.46329166666666666 0.0892890625 0.172625
0 0.321984375 0.4504027777777778 0.0658515625 0.18254166666666669
0 0.41908593749999995 0.4444444444444444 0.0792421875 0.17856944444444445
0 0.6181640625 0.4268611111111111 0.0754375 0.1604861111111111
0 0.81640625 0.42079166666666673 0.0701875 0.1481111111111111
0 0.7163125 0.42144444444444445 0.080625 0.15625
0 0.5167421875 0.43551388888888887 0.075890625 0.1686527777777778
2 0.549109375 0.7043611111111111 0.1160703125 0.21429166666666666
2 0.6629453125 0.6875 0.10491406249999999 0.2162638888888889
2 0.7745546875 0.6845277777777778 0.11160937500000001 0.2063472222222222
2 0.8861640625 0.6696388888888889 0.11160937500000001 0.20040277777777776
2 0.9737734375 0.6656805555555556 0.052453125 0.20833333333333334
2 0.8995546875 0.8928611111111111 0.1294609375 0.21429166666666666
2 0.9827031249999999 0.8879027777777777 0.0346015625 0.22420833333333334