0 0.165734375 0.6498055555555555 0.052453125 0.24801388888888887
0 0.240515625 0.6200416666666667 0.056921875 0.24404166666666668
0 0.3331484375 0.6279722222222222 0.052453125 0.22420833333333334
0 0.4033203125 0.6124166666666666 0.058015625 0.23351388888888888
0 0.5043984375 0.5933194444444444 0.0483125 0.234375
0 0.5693359375 0.5811666666666666 0.061890625 0.22418055555555555
0 0.7919921875 0.5355972222222222 0.0662265625 0.22461111111111112
0 0.732421875 0.5659722222222222 0.053984374999999994 0.22743055555555555
0 0.66553125 0.57075 0.0478828125 0.22461111111111112
2 0.109375 0.7152777777777778 0.125 0.06944444444444445
2 0.1640625 0.6289722222222223 0.0848203125 0.15873611111111113
2 0.248328125 0.6190416666666666 0.0814765625 0.1547638888888889
2 0.3286796875 0.6081388888888889 0.0792421875 0.14880555555555555
2 0.408484375 0.5962361111111112 0.075890625 0.14880555555555555
2 0.486609375 0.5833333333333334 0.078125 0.14681944444444445
2 0.5652890625 0.5714305555555556 0.0747734375 0.15079166666666666
2 0.6417421875 0.5625 0.075890625 0.14880555555555555
2 0.7198671875 0.5545694444444444 0.080359375 0.14880555555555555
2 0.3939765625 0.8045694444444444 0.0892890625 0.16070833333333331
2 0.48492968750000004 0.7876944444444445 0.0859375 0.16269444444444445
2 0.5703125 0.7748055555555555 0.0825859375 0.16070833333333331
2 0.65625 0.7648750000000001 0.0848203125 0.16070833333333331
2 0.7416328125 0.7569444444444444 0.0859375 0.172625
2 0.8264531249999999 0.7440416666666667 0.083703125 0.16269444444444445
2 0.9107109375 0.7271805555555556 0.0825859375 0.16070833333333331
2 0.9760078125 0.7222222222222222 0.0479921875 0.16269444444444445
2 0.7645078125 0.953375 0.09375 0.09325
2 0.8604921875 0.9384861111111111 0.095984375 0.12301388888888888
2 0.9547968750000001 0.9404722222222222 0.0903984375 0.11904166666666666