0 0.2003359375 0.6180555555555556 0.0636171875 0.24008333333333334
0 0.2566953125 0.6041666666666666 0.055804687500000005 0.23213888888888887
0 0.384484375 0.577375 0.0636171875 0.21031944444444445
0 0.45758593750000004 0.5634861111111111 0.0669609375 0.202375
0 0.53125 0.547625 0.055804687500000005 0.21031944444444445
0 0.6328125 0.5535694444444444 0.064734375 0.2222222222222222
0 0.6986640625 0.5456388888888889 0.049109375 0.24206944444444442
0 0.8046875 0.5178611111111111 0.053570312499999995 0.202375
2 0.3800234375 0.7589305555555554 0.0903984375 0.17658333333333334
2 0.474328125 0.7460277777777777 0.095984375 0.17856944444444445
2 0.5669609375 0.7361111111111112 0.0892890625 0.17856944444444445
2 0.6590390625 0.7232083333333333 0.0948671875 0.172625
2 0.7527890625 0.7142916666666667 0.088171875 0.18254166666666669
2 0.8431953125 0.7004027777777778 0.0926328125 0.16666666666666666
2 0.9358281249999999 0.6964305555555556 0.0903984375 0.17856944444444445
2 0.743859375 0.9285694444444446 0.0971015625 0.1428611111111111
2 0.84375 0.9236111111111112 0.1026796875 0.1527777777777778
2 0.9475468749999999 0.9166666666666666 0.10491406249999999 0.16666666666666666