0 0.0697578125 0.34820833333333334 0.1238828125 0.140875
0 0.228234375 0.7251944444444445 0.1104921875 0.30356944444444445
0 0.3286796875 0.5674583333333333 0.0926328125 0.25793055555555555
0 0.6372734375 0.5287638888888888 0.091515625 0.21230555555555558
0 0.51953125 0.6970555555555555 0.0974140625 0.24783333333333332
0 0.578125 0.7582500000000001 0.1429453125 0.16894444444444445
0 0.48102343750000004 0.6061527777777778 0.0669609375 0.19643055555555555
0 0.6361640625 0.37301388888888887 0.033484375 0.1745972222222222
0 0.6847109375 0.43948611111111113 0.0703125 0.19643055555555555
2 0.1981015625 0.48015277777777776 0.11942187500000001 0.07540277777777778
2 0.033484375 0.7212361111111111 0.0669609375 0.10912499999999999
2 0.068640625 0.5823472222222222 0.0971015625 0.08134722222222222
2 0.0580390625 0.47420833333333334 0.0401796875 0.17856944444444445
2 0.0943046875 0.42856944444444445 0.0346015625 0.18254166666666669
2 0.5931953125 0.8998055555555555 0.0301328125 0.20040277777777776
2 0.625 0.8452361111111112 0.0357109375 0.2063472222222222
2 0.66015625 0.7886944444444445 0.0323671875 0.20040277777777776
2 0.69140625 0.7242083333333332 0.0278984375 0.2063472222222222
2 0.71875 0.6795694444444444 0.0245546875 0.2043611111111111
2 0.7455390625 0.6299583333333333 0.029015625 0.19245833333333331
2 0.775109375 0.5813472222222222 0.025671875 0.19841666666666669
2 0.8030156249999999 0.5357083333333333 0.025671875 0.18254166666666669
2 0.8297968750000001 0.4821388888888889 0.025671875 0.19444444444444445