0 0.165734375 0.7579305555555556 0.0658515625 0.1388888888888889
0 0.23772656250000002 0.7460277777777777 0.055804687500000005 0.1388888888888889
0 0.318640625 0.7460277777777777 0.0636171875 0.12698611111111113
0 0.3900703125 0.7321388888888889 0.056921875 0.1428611111111111
0 0.46930468750000004 0.7212361111111111 0.061382812499999995 0.14880555555555555
0 0.5440859375 0.7132916666666668 0.0658515625 0.14880555555555555
0 0.615515625 0.7063472222222222 0.068078125 0.13491666666666666
0 0.6880546875 0.7053611111111111 0.0658515625 0.125
0 0.7606015625 0.6984166666666667 0.068078125 0.12301388888888888
2 0.56640625 0.9464305555555554 0.0859375 0.1071388888888889
2 0.65234375 0.939486111111111 0.0814765625 0.12102777777777778
2 0.7349296875 0.9375 0.0814765625 0.125
2 0.8197578125 0.9325416666666666 0.0859375 0.13491666666666666
2 0.9045781249999999 0.9275833333333333 0.083703125 0.14484722222222224
2 0.9732109375 0.9236111111111112 0.053570312499999995 0.1527777777777778