0 0.204796875 0.6974166666666667 0.052453125 0.2043611111111111
0 0.213171875 0.5922638888888889 0.0825859375 0.10515277777777778
0 0.423546875 0.6954305555555556 0.0435234375 0.24404166666666668
0 0.384484375 0.5565416666666666 0.0926328125 0.10119444444444445
0 0.44921875 0.547625 0.061382812499999995 0.10318055555555557
0 0.3705390625 0.5009861111111111 0.0357109375 0.125
0 0.658484375 0.5962361111111112 0.064734375 0.22420833333333334
0 0.6791328125 0.5238055555555555 0.0390625 0.15079166666666666
0 0.7466484375 0.5178611111111111 0.0892890625 0.1904722222222222
2 0.30078125 0.4265833333333333 0.0591484375 0.13491666666666666
2 0.2393984375 0.44147222222222227 0.061382812499999995 0.13293055555555555
2 0.1746640625 0.4583333333333333 0.0658515625 0.1388888888888889
2 0.1104921875 0.4732083333333333 0.060265625 0.13690277777777776
2 0.0440859375 0.49206944444444445 0.068078125 0.1388888888888889
2 0.15625 0.7271805555555556 0.0714296875 0.1527777777777778
2 0.228234375 0.7043611111111111 0.072546875 0.15079166666666666
2 0.2996640625 0.6865138888888889 0.068078125 0.1547638888888889
2 0.3699765625 0.6607083333333333 0.068078125 0.1547638888888889
2 0.43861718749999995 0.640875 0.064734375 0.15079166666666666
2 0.5050234375 0.6200416666666667 0.0658515625 0.14880555555555555
2 0.5703125 0.6021805555555555 0.064734375 0.14880555555555555
2 0.635046875 0.5833333333333334 0.0625 0.14681944444444445
2 0.705359375 0.5674583333333333 0.0736640625 0.13491666666666666
2 0.6160703125 0.9206388888888889 0.0714296875 0.15873611111111113
2 0.689734375 0.8998055555555555 0.0714296875 0.1686527777777778
2 0.7645078125 0.876986111111111 0.0736640625 0.16269444444444445
2 0.8364921875 0.8511944444444445 0.068078125 0.16666666666666666
2 0.9090390625 0.8343194444444445 0.072546875 0.172625
2 0.97265625 0.8134861111111111 0.0546875 0.16666666666666666