0 0.1763359375 0.5833333333333334 0.055804687500000005 0.24602777777777776
0 0.2935234375 0.5922638888888889 0.0669609375 0.21230555555555558
0 0.3738828125 0.5763888888888888 0.049109375 0.20833333333333334
0 0.48549218749999995 0.5724166666666667 0.060265625 0.2202361111111111
0 0.560265625 0.5664722222222223 0.055804687500000005 0.20040277777777776
0 0.6372734375 0.5565416666666666 0.060265625 0.2043611111111111
0 0.7176328125 0.5456388888888889 0.0669609375 0.21031944444444445
0 0.8297968750000001 0.5386944444444445 0.0636171875 0.20040277777777776
2 0.42466406250000005 0.7718194444444445 0.0926328125 0.1745972222222222
2 0.5189765625 0.7579305555555556 0.09375 0.1706388888888889
2 0.6127265625 0.7450416666666666 0.091515625 0.1686527777777778
2 0.7042421875 0.7361111111111112 0.091515625 0.1706388888888889
2 0.7963203125 0.7261944444444445 0.0926328125 0.1745972222222222
2 0.8878359375 0.7132916666666668 0.0903984375 0.17658333333333334
2 0.96875 0.7103194444444445 0.0625 0.1745972222222222
2 0.7823671875 0.9335277777777777 0.1004453125 0.13293055555555555
2 0.8856015625 0.9265833333333333 0.1015625 0.14681944444444445
2 0.9693046875 0.9245972222222223 0.061382812499999995 0.15079166666666666