0 0.142859375 0.6666666666666666 0.1004453125 0.23809722222222224
0 0.2433046875 0.7004027777777778 0.0982109375 0.17856944444444445
0 0.380578125 0.6130972222222222 0.1026796875 0.10318055555555557
0 0.447546875 0.40376388888888887 0.078125 0.20833333333333334
0 0.47143750000000006 0.6059027777777778 0.0810546875 0.1604861111111111
0 0.41821093749999994 0.5199722222222222 0.0797734375 0.15018055555555554
0 0.5791015625 0.47179166666666666 0.086609375 0.12033333333333333
0 0.7021484375 0.48654166666666665 0.081359375 0.19943055555555556
2 0.095984375 0.38095833333333334 0.0424140625 0.1428611111111111
2 0.052453125 0.41865277777777776 0.0424140625 0.15079166666666666
2 0.017296875 0.44940277777777776 0.025671875 0.140875
2 0.3364921875 0.7926527777777779 0.036828125 0.18848611111111113
2 0.376671875 0.7440416666666667 0.041296875 0.1706388888888889
2 0.41685156250000005 0.7043611111111111 0.0390625 0.1706388888888889
2 0.45647656249999996 0.6567500000000001 0.0379453125 0.1745972222222222
2 0.494421875 0.6240138888888889 0.033484375 0.16468055555555555
2 0.53125 0.5853194444444445 0.0357109375 0.17856944444444445
2 0.564734375 0.5446388888888889 0.033484375 0.1686527777777778
2 0.599890625 0.5129027777777778 0.0323671875 0.16468055555555555
2 0.6333671875 0.47718055555555555 0.0323671875 0.15675