0 0.1607109375 0.7370972222222223 0.0625 0.13690277777777776
0 0.2354921875 0.7380972222222222 0.064734375 0.12301388888888888
0 0.3074765625 0.734125 0.061382812499999995 0.11904166666666666
0 0.385046875 0.7182499999999999 0.0625 0.13491666666666666
0 0.46149218750000004 0.7123055555555555 0.0636171875 0.13095833333333334
0 0.529578125 0.7093194444444444 0.056921875 0.10912499999999999
0 0.603796875 0.6914722222222223 0.055804687500000005 0.125
0 0.67578125 0.6825416666666667 0.061382812499999995 0.13095833333333334
0 0.75 0.6785694444444444 0.064734375 0.13095833333333334
2 0.556921875 0.939486111111111 0.0848203125 0.12102777777777778
2 0.6400703125 0.9345277777777778 0.0792421875 0.13095833333333334
2 0.7237734375 0.9255972222222222 0.0792421875 0.14880555555555555
2 0.8069218749999999 0.9236111111111112 0.080359375 0.1527777777777778
2 0.8922968750000001 0.9176527777777779 0.0814765625 0.14880555555555555
2 0.9670781249999999 0.9117083333333332 0.0658515625 0.1527777777777778