0 0.3203125 0.6617083333333333 0.1183046875 0.25198611111111113
0 0.5541328125 0.4543611111111111 0.088171875 0.3095277777777778
0 0.6551328125 0.4126944444444444 0.0714296875 0.25793055555555555
0 0.257328125 0.5885416666666666 0.0948515625 0.26280555555555557
0 0.3107890625 0.4622361111111111 0.064515625 0.25195833333333334
0 0.3044453125 0.3307361111111111 0.035734375 0.10427777777777777
0 0.7075859375 0.3819444444444444 0.049109375 0.29959722222222224
0 0.240515625 0.5129027777777778 0.0591484375 0.27579166666666666
2 0.2700859375 0.2708333333333333 0.0669609375 0.1845277777777778
2 0.20367968749999998 0.2986111111111111 0.0591484375 0.18055555555555555
2 0.138953125 0.33929166666666666 0.072546875 0.19444444444444445
2 0.1668515625 0.4583333333333333 0.1261171875 0.1111111111111111
2 0.0223203125 0.4017916666666667 0.0424140625 0.18848611111111113
2 0.40960156249999996 0.7896805555555556 0.078125 0.2222222222222222
2 0.48492968750000004 0.7410694444444446 0.068078125 0.22420833333333334
2 0.553015625 0.6934583333333334 0.068078125 0.22818055555555555
2 0.6205390625 0.6498055555555555 0.064734375 0.21230555555555558
2 0.68359375 0.610125 0.0591484375 0.22420833333333334
2 0.74609375 0.5634861111111111 0.0636171875 0.2222222222222222
2 0.8108281249999999 0.5178611111111111 0.0636171875 0.234125
2 0.87109375 0.48412499999999997 0.0546875 0.21429166666666666
2 0.9285703125 0.44345833333333334 0.060265625 0.20833333333333334