0 0.1685234375 0.6646805555555555 0.055804687500000005 0.22619444444444448
0 0.22210156250000002 0.6299583333333333 0.049109375 0.2202361111111111
0 0.372765625 0.5882916666666667 0.049109375 0.20833333333333334
0 0.3816953125 0.6686527777777778 0.046875 0.22619444444444448
0 0.638671875 0.59375 0.057796875000000004 0.21300000000000002
0 0.687015625 0.5672777777777778 0.052914062500000004 0.21636111111111112
0 0.76709375 0.5355972222222222 0.043460937500000005 0.18706944444444445
0 0.4482421875 0.5989583333333334 0.043125000000000004 0.222
0 0.4794921875 0.5646666666666667 0.0445859375 0.21669444444444447
2 0.015625 0.2886944444444445 0.03125 0.14484722222222224
2 0.2901796875 0.4097222222222222 0.0691953125 0.13293055555555555
2 0.224890625 0.42162499999999997 0.0636171875 0.140875
2 0.1556953125 0.4365138888888889 0.0747734375 0.13491666666666666
2 0.10770312500000001 0.514875 0.0971015625 0.05356944444444445
2 0.02734375 0.4543611111111111 0.0502265625 0.15079166666666666
2 0.0390625 0.6507916666666667 0.075890625 0.16666666666666666
2 0.1316953125 0.6845277777777778 0.0982109375 0.08333333333333333
2 0.193078125 0.6180555555555556 0.078125 0.14880555555555555
2 0.2700859375 0.6130972222222222 0.0714296875 0.14681944444444445
2 0.3448671875 0.6001944444444445 0.0736640625 0.14880555555555555
2 0.424109375 0.5892916666666667 0.0848203125 0.13095833333333334
2 0.484375 0.5684583333333334 0.0625 0.14880555555555555
2 0.55078125 0.5535694444444444 0.0703125 0.1428611111111111
2 0.6489921875 0.5724166666666667 0.1104921875 0.10119444444444445
2 0.40346093749999995 0.8254027777777777 0.0814765625 0.1706388888888889
2 0.48492968750000004 0.8045694444444444 0.0792421875 0.16070833333333331
2 0.564171875 0.7906805555555555 0.072546875 0.16468055555555555
2 0.6400703125 0.7738055555555555 0.0770078125 0.1547638888888889
2 0.7159609375 0.7559583333333333 0.072546875 0.15079166666666666
2 0.7901796875 0.7430555555555556 0.075890625 0.15675
2 0.8649531250000001 0.7232083333333333 0.0714296875 0.1527777777777778
2 0.9402890625 0.7152777777777778 0.0747734375 0.15675
2 0.9893984375 0.702375 0.021203125 0.16666666666666666
2 0.83984375 0.9751944444444445 0.0859375 0.04959722222222222
2 0.9280156249999999 0.9672638888888888 0.0903984375 0.06547222222222222