0 0.1629453125 0.6438472222222222 0.0892890625 0.15675
0 0.25390625 0.6359166666666667 0.0770078125 0.1527777777777778
0 0.3515625 0.6215277777777778 0.08196875 0.15018055555555554
0 0.42944531250000006 0.609375 0.0739765625 0.15625
0 0.5981484375 0.5980972222222222 0.0676875 0.13584722222222223
0 0.755859375 0.5807361111111111 0.0679296875 0.1366111111111111
0 0.677734375 0.5820277777777778 0.0659765625 0.1512638888888889
0 0.5078125 0.5992083333333333 0.0736640625 0.15873611111111113
2 0.619421875 0.8799583333333334 0.1026796875 0.18055555555555555
2 0.7193046875 0.8700416666666666 0.0926328125 0.1845277777777778
2 0.8158515625 0.8611111111111112 0.09375 0.1904722222222222
2 0.9107109375 0.8501944444444445 0.091515625 0.1845277777777778
2 0.9793515625 0.8412638888888889 0.041296875 0.18651388888888887