0 0.1596015625 0.6021805555555555 0.064734375 0.2638888888888889
0 0.213171875 0.5515833333333333 0.055804687500000005 0.25397222222222227
0 0.3560234375 0.5902777777777778 0.0714296875 0.24801388888888887
0 0.44810156250000005 0.5615138888888889 0.052453125 0.25397222222222227
0 0.44085156249999996 0.42856944444444445 0.0513359375 0.1547638888888889
0 0.5145078125 0.4970277777777778 0.0580390625 0.24008333333333334
0 0.6919609375 0.4890833333333333 0.0424140625 0.25198611111111113
0 0.7862734375 0.4761944444444445 0.0814765625 0.2301527777777778
0 0.6847109375 0.3541666666666667 0.0926328125 0.1527777777777778
2 0.2410703125 0.2837361111111111 0.0691953125 0.14681944444444445
2 0.10323437499999999 0.3125 0.0703125 0.14484722222222224
2 0.10100781249999999 0.4136944444444445 0.11495312499999999 0.05356944444444445
2 0.213171875 0.38293055555555555 0.109375 0.05555555555555555
2 0.0792421875 0.6120972222222222 0.080359375 0.1686527777777778
2 0.157921875 0.5853194444444445 0.072546875 0.16269444444444445
2 0.2354921875 0.5615138888888889 0.080359375 0.16666666666666666
2 0.3175234375 0.5426527777777778 0.0747734375 0.1686527777777778
2 0.3878359375 0.5208333333333334 0.072546875 0.14484722222222224
2 0.6668515625 0.43551388888888887 0.0636171875 0.16070833333333331
2 0.599328125 0.45634722222222224 0.0669609375 0.15873611111111113
2 0.532921875 0.48115277777777776 0.056921875 0.16468055555555555
2 0.47265625 0.4990138888888889 0.0636171875 0.14880555555555555
2 0.5747734375 0.8204305555555556 0.0825859375 0.18848611111111113
2 0.6556953125 0.7896805555555556 0.0770078125 0.17856944444444445
2 0.734375 0.7678611111111111 0.078125 0.18254166666666669
2 0.8136171875 0.7361111111111112 0.0736640625 0.18651388888888887
2 0.8895078125 0.7152777777777778 0.078125 0.18055555555555555
2 0.9653984375 0.6914722222222223 0.0691953125 0.18055555555555555