0 0.1646171875 0.6498055555555555 0.072546875 0.11309722222222224
0 0.2611640625 0.639875 0.0736640625 0.125
0 0.3504453125 0.6269861111111111 0.0714296875 0.12301388888888888
0 0.431921875 0.6180555555555556 0.075890625 0.125
0 0.5189765625 0.6001944444444445 0.078125 0.13293055555555555
0 0.6088203125 0.6001944444444445 0.068078125 0.125
0 0.6908515625 0.5942500000000001 0.0736640625 0.13293055555555555
0 0.7784609375 0.5853194444444445 0.0792421875 0.12698611111111113
2 0.6328125 0.876986111111111 0.095984375 0.17856944444444445
2 0.732703125 0.8710277777777777 0.0948671875 0.18254166666666669
2 0.8303593749999999 0.8601249999999999 0.09375 0.17658333333333334
2 0.9274531250000001 0.8492083333333332 0.1004453125 0.18254166666666669