0 0.1791328125 0.48115277777777776 0.0792421875 0.13690277777777776
0 0.2527890625 0.46329166666666666 0.0792421875 0.14484722222222224
0 0.3671875 0.44741666666666663 0.10491406249999999 0.13690277777777776
0 0.482421875 0.4409722222222222 0.11419531249999999 0.12955555555555556
0 0.612796875 0.413625 0.0759921875 0.16743055555555555
0 0.701171875 0.40343055555555557 0.0808125 0.12869444444444444
0 0.5390625 0.42856944444444445 0.0736640625 0.12698611111111113
2 0.40625 0.33234722222222224 0.078125 0.1686527777777778
2 0.321984375 0.3472222222222222 0.083703125 0.1706388888888889
2 0.23492968749999998 0.3611111111111111 0.088171875 0.16666666666666666
2 0.1456484375 0.3759861111111111 0.083703125 0.172625
2 0.055804687500000005 0.38987499999999997 0.0892890625 0.18055555555555555
2 0.037390625 0.171625 0.068078125 0.15675
2 0.0870546875 0.6458333333333334 0.1004453125 0.19245833333333331
2 0.185828125 0.6240138888888889 0.0948671875 0.18848611111111113
2 0.282921875 0.6081388888888889 0.0971015625 0.1845277777777778
2 0.3794609375 0.5932499999999999 0.095984375 0.18651388888888887
2 0.474328125 0.5714305555555556 0.091515625 0.17856944444444445
2 0.5658515625 0.5515833333333333 0.091515625 0.1745972222222222
2 0.657921875 0.5347222222222222 0.088171875 0.1845277777777778
2 0.748328125 0.5188472222222222 0.088171875 0.18055555555555555
2 0.8364921875 0.5 0.0859375 0.1745972222222222
2 0.556359375 0.8720277777777778 0.099328125 0.20833333333333334
2 0.6590390625 0.8492083333333332 0.10379687500000001 0.2063472222222222
2 0.76171875 0.8055555555555556 0.099328125 0.15873611111111113
2 0.8655156249999999 0.8095277777777778 0.099328125 0.21031944444444445
2 0.9575859375 0.7926527777777779 0.0848203125 0.21230555555555558