0 0.1847109375 0.6587361111111112 0.0636171875 0.26984722222222224
0 0.2705078125 0.6345555555555555 0.058437499999999996 0.27518055555555554
0 0.41186718750000006 0.6202222222222222 0.0531015625 0.273
0 0.6274453125 0.5807361111111111 0.067203125 0.26844444444444443
0 0.536625 0.5811666666666666 0.068296875 0.2615
0 0.460453125 0.6059027777777778 0.057921875 0.277125
0 0.8037109375 0.5438333333333334 0.0608515625 0.24413888888888888
0 0.6801796875 0.5581666666666667 0.060421875 0.24522222222222223
2 0.1277890625 0.5565416666666666 0.0814765625 0.1686527777777778
2 0.0440859375 0.5625 0.0814765625 0.18055555555555555
2 0.3018984375 0.5287638888888888 0.083703125 0.15675
2 0.3872734375 0.5188472222222222 0.0848203125 0.1686527777777778
2 0.46986718749999995 0.5059583333333334 0.080359375 0.15873611111111113
2 0.552453125 0.49504166666666666 0.080359375 0.1686527777777778
2 0.6339296875 0.48115277777777776 0.078125 0.1686527777777778
2 0.294640625 0.751986111111111 0.0892890625 0.1745972222222222
2 0.3856015625 0.7351249999999999 0.0926328125 0.17658333333333334
2 0.478234375 0.7242083333333332 0.088171875 0.17856944444444445
2 0.5691953125 0.7093194444444444 0.091515625 0.17658333333333334
2 0.6590390625 0.6964305555555556 0.088171875 0.17856944444444445
2 0.7494453125 0.6865138888888889 0.088171875 0.18651388888888887
2 0.83984375 0.6706388888888889 0.0903984375 0.17856944444444445
2 0.9291328125 0.6567500000000001 0.088171875 0.17856944444444445
2 0.9871640625 0.6557499999999999 0.025671875 0.18055555555555555
2 0.689171875 0.9295694444444444 0.0971015625 0.140875
2 0.7862734375 0.9206388888888889 0.099328125 0.15873611111111113
2 0.88671875 0.9117083333333332 0.099328125 0.17658333333333334
2 0.9681953125 0.9097222222222222 0.0636171875 0.18055555555555555