0 0.150671875 0.7450416666666666 0.075890625 0.27579166666666666
0 0.2315859375 0.7192500000000001 0.0546875 0.27579166666666666
0 0.3175234375 0.6904722222222222 0.052453125 0.28968055555555555
0 0.3722109375 0.6170694444444444 0.0658515625 0.2777777777777778
0 0.5457578125 0.5277777777777778 0.0714296875 0.24206944444444442
0 0.7109375 0.4821388888888889 0.0691953125 0.26587500000000003
2 0.0362734375 0.29662499999999997 0.0636171875 0.172625
2 0.037390625 0.609125 0.0658515625 0.19444444444444445
2 0.1160703125 0.5833333333333334 0.0848203125 0.18651388888888887
2 0.1997734375 0.5605138888888889 0.0825859375 0.17658333333333334
2 0.2801328125 0.5376944444444445 0.078125 0.17856944444444445
2 0.396765625 0.5615138888888889 0.1238828125 0.1071388888888889
2 0.443078125 0.48412499999999997 0.0691953125 0.1706388888888889
2 0.515625 0.4642916666666667 0.0714296875 0.17856944444444445
2 0.416296875 0.8918611111111111 0.0825859375 0.19643055555555555
2 0.5033515625 0.8611111111111112 0.0892890625 0.202375
2 0.5903984375 0.8313472222222222 0.0825859375 0.19841666666666669
2 0.6752265625 0.7995972222222223 0.0848203125 0.19444444444444445
2 0.7611640625 0.7767916666666667 0.0825859375 0.20833333333333334
2 0.8443046875 0.7490138888888889 0.0814765625 0.19245833333333331
2 0.9263359375 0.7162638888888889 0.080359375 0.1904722222222222
2 0.984375 0.6944444444444444 0.03125 0.19841666666666669