0 0.1512265625 0.6775833333333333 0.0703125 0.13293055555555555
0 0.22600781250000002 0.6755972222222222 0.0703125 0.13293055555555555
0 0.30859375 0.6636944444444445 0.0658515625 0.14880555555555555
0 0.3911796875 0.6438472222222222 0.0658515625 0.1527777777777778
0 0.46819531249999996 0.6428611111111111 0.0636171875 0.1428611111111111
0 0.55078125 0.6379027777777778 0.068078125 0.14484722222222224
0 0.6244453125 0.6289722222222223 0.0658515625 0.1428611111111111
0 0.704796875 0.6259861111111111 0.0658515625 0.14484722222222224
0 0.7784609375 0.6120972222222222 0.0703125 0.13690277777777776
2 0.5736640625 0.9047638888888888 0.0892890625 0.16269444444444445
2 0.6629453125 0.8938472222222222 0.0848203125 0.16468055555555555
2 0.751671875 0.8839305555555554 0.088171875 0.172625
2 0.8420781249999999 0.8789722222222223 0.088171875 0.16666666666666666
2 0.9308046875 0.8680555555555556 0.0870546875 0.1686527777777778
2 0.9877265625 0.8650833333333333 0.0245546875 0.16269444444444445