0 0.1478828125 0.6071388888888889 0.1171875 0.1388888888888889
0 0.2661796875 0.7549583333333334 0.0747734375 0.2876944444444444
0 0.3052421875 0.45634722222222224 0.0546875 0.24602777777777776
0 0.3515625 0.4970277777777778 0.060265625 0.10515277777777778
0 0.3314765625 0.6706388888888889 0.0870546875 0.234125
0 0.3935546875 0.594625 0.0999765625 0.1604861111111111
0 0.5805703125 0.5768194444444444 0.08465625 0.28168055555555555
0 0.7016640625 0.5021666666666667 0.1175546875 0.2562916666666667
0 0.7260078125 0.45237499999999997 0.0814765625 0.19841666666666669
2 0.1372734375 0.42956944444444445 0.12053906249999999 0.07341666666666667
2 0.033484375 0.37897222222222227 0.060265625 0.1706388888888889
2 0.10992968750000001 0.7857083333333333 0.0770078125 0.19444444444444445
2 0.1886171875 0.75 0.075890625 0.2063472222222222
2 0.26171875 0.7103194444444445 0.0658515625 0.19444444444444445
2 0.40178906249999996 0.6349166666666667 0.0714296875 0.21031944444444445
2 0.3286796875 0.672625 0.0703125 0.2063472222222222
2 0.5011171875 0.6190416666666666 0.095984375 0.11904166666666666
2 0.5318046875 0.5754027777777778 0.0591484375 0.1904722222222222
2 0.5943046875 0.5396805555555555 0.061382812499999995 0.1904722222222222
2 0.6528984375 0.5119027777777778 0.055804687500000005 0.1745972222222222