0 0.1646171875 0.6379027777777778 0.10379687500000001 0.2638888888888889
0 0.2667421875 0.6478194444444445 0.0669609375 0.2876944444444444
0 0.3348203125 0.5833333333333334 0.095984375 0.2301527777777778
0 0.612796875 0.5850694444444444 0.07946875 0.22080555555555553
0 0.5512734375 0.6059027777777778 0.085390625 0.25151388888888887
0 0.4516640625 0.6241388888888889 0.0881953125 0.24131944444444445
0 0.787109375 0.5720555555555555 0.0621015625 0.2465277777777778
0 0.7041015625 0.5811666666666666 0.0654921875 0.2575972222222222
2 0.47153906250000005 0.8700416666666666 0.1171875 0.2043611111111111
2 0.5814765625 0.8492083333333332 0.091515625 0.19444444444444445
2 0.674109375 0.8323472222222221 0.0892890625 0.19643055555555555
2 0.7667421875 0.8273750000000001 0.09375 0.202375
2 0.8638359375 0.8055555555555556 0.09375 0.19841666666666669
2 0.9581484375 0.7916666666666666 0.083703125 0.21031944444444445
2 0.1283515625 0.6835277777777777 0.10491406249999999 0.18055555555555555
2 0.31640625 0.6567500000000001 0.0926328125 0.18651388888888887
2 0.40569531249999996 0.6388888888888888 0.088171875 0.19444444444444445
2 0.49497656250000005 0.6349166666666667 0.088171875 0.1706388888888889
2 0.580359375 0.6200416666666667 0.0848203125 0.18055555555555555
2 0.6635078125 0.6111111111111112 0.088171875 0.1706388888888889
2 0.7533515625 0.6001944444444445 0.0848203125 0.172625
2 0.2449765625 0.7142916666666667 0.10379687500000001 0.1071388888888889