0 0.247765625 0.6587361111111112 0.1361640625 0.13095833333333334
0 0.21539843749999998 0.6210277777777777 0.053570312499999995 0.21031944444444445
0 0.486609375 0.6279722222222222 0.055804687500000005 0.2678611111111111
0 0.568640625 0.33234722222222224 0.10379687500000001 0.14484722222222224
0 0.41870312500000006 0.40038888888888885 0.0636015625 0.17523611111111112
0 0.529296875 0.5065138888888889 0.0985703125 0.19031944444444446
0 0.48706250000000006 0.42209722222222223 0.0805078125 0.11859722222222223
0 0.4482421875 0.5004305555555556 0.091859375 0.11599999999999999
2 0.029578125 0.30356944444444445 0.056921875 0.1745972222222222
2 0.3002265625 0.7797638888888888 0.060265625 0.2222222222222222
2 0.353234375 0.7351249999999999 0.0457578125 0.22420833333333334
2 0.40178906249999996 0.6894861111111111 0.053570312499999995 0.2202361111111111
2 0.6534609375 0.42758333333333337 0.0457578125 0.20040277777777776
2 0.611046875 0.47123611111111113 0.041296875 0.19643055555555555
2 0.5703125 0.5039722222222223 0.0424140625 0.2063472222222222
2 0.53125 0.547625 0.0379453125 0.202375