0 0.1512265625 0.5882916666666667 0.0792421875 0.24801388888888887
0 0.23772656250000002 0.5754027777777778 0.0825859375 0.234125
0 0.396765625 0.5932499999999999 0.0747734375 0.234125
0 0.3822578125 0.5327361111111111 0.0457578125 0.20833333333333334
0 0.474328125 0.5386944444444445 0.0669609375 0.24404166666666668
0 0.5714296875 0.5277777777777778 0.0625 0.21429166666666666
0 0.6244453125 0.49602777777777773 0.0546875 0.21429166666666666
0 0.66796875 0.46031944444444445 0.0457578125 0.202375
0 0.7254453125 0.4166666666666667 0.0691953125 0.19444444444444445
2 0.2120546875 0.3402777777777778 0.0625 0.13690277777777776
2 0.146203125 0.35218055555555555 0.0669609375 0.14880555555555555
2 0.0770078125 0.37102777777777773 0.0714296875 0.1428611111111111
2 0.0228828125 0.38293055555555555 0.0390625 0.15079166666666666
2 0.0691953125 0.6031805555555556 0.0736640625 0.15873611111111113
2 0.1640625 0.6021805555555555 0.0892890625 0.12102777777777778
2 0.22600781250000002 0.5694444444444444 0.072546875 0.14681944444444445
2 0.3002265625 0.5495972222222222 0.0736640625 0.1547638888888889
2 0.37109375 0.5406805555555556 0.0703125 0.1686527777777778
2 0.44140625 0.515875 0.0636171875 0.15079166666666666
2 0.532921875 0.5079305555555556 0.0658515625 0.1388888888888889
2 0.5814765625 0.4821388888888889 0.0580390625 0.1388888888888889
2 0.4921875 0.8015833333333333 0.078125 0.17856944444444445
2 0.568078125 0.7757916666666668 0.0714296875 0.1706388888888889
2 0.6473203125 0.751986111111111 0.078125 0.16666666666666666
2 0.724890625 0.7291666666666666 0.0747734375 0.16070833333333331
2 0.8030156249999999 0.7103194444444445 0.0770078125 0.1706388888888889
2 0.87890625 0.6974166666666667 0.072546875 0.1686527777777778
2 0.9536796875 0.6745972222222222 0.0770078125 0.16666666666666666