0 0.2198671875 0.6666666666666666 0.09375 0.26190277777777776
0 0.2645078125 0.6041666666666666 0.0513359375 0.22420833333333334
0 0.46930468750000004 0.6210277777777777 0.0502265625 0.22619444444444448
0 0.6162109375 0.5486111111111112 0.0687890625 0.25369444444444444
0 0.7133828125 0.4652777777777778 0.059539062499999997 0.20508333333333334
0 0.537109375 0.5603333333333333 0.078921875 0.2597638888888889
0 0.59375 0.49504166666666666 0.0379453125 0.24404166666666668
0 0.484375 0.5625 0.0625 0.20833333333333334
2 0.079796875 0.26190277777777776 0.068078125 0.14681944444444445
2 0.0239921875 0.2827361111111111 0.0435234375 0.15675
2 0.021203125 0.5495972222222222 0.0401796875 0.16666666666666666
2 0.0775703125 0.5297638888888889 0.072546875 0.1745972222222222
2 0.15234375 0.5069444444444444 0.072546875 0.16468055555555555
2 0.22321093749999998 0.4831388888888889 0.0669609375 0.15675
2 0.291296875 0.46626388888888887 0.0669609375 0.15079166666666666
2 0.3588203125 0.4484166666666667 0.0658515625 0.14681944444444445
2 0.42242968750000004 0.42262500000000003 0.0591484375 0.14681944444444445
2 0.484375 0.4027777777777778 0.0625 0.1428611111111111
2 0.400109375 0.765875 0.0770078125 0.18651388888888887
2 0.4765625 0.7420694444444444 0.075890625 0.1745972222222222
2 0.5518984375 0.7172638888888888 0.0703125 0.1686527777777778
2 0.622765625 0.6924583333333333 0.0669609375 0.1745972222222222
2 0.6902890625 0.6706388888888889 0.0658515625 0.1745972222222222
2 0.7589296875 0.640875 0.0669609375 0.17856944444444445
2 0.8297968750000001 0.6220277777777778 0.068078125 0.18055555555555555
2 0.8973203125 0.5922638888888889 0.060265625 0.172625
2 0.9642890625 0.5684583333333334 0.0669609375 0.15675
2 0.9653984375 0.9573472222222221 0.0691953125 0.08531944444444445