0 0.1596015625 0.5902777777777778 0.078125 0.2797638888888889
0 0.2650703125 0.5763888888888888 0.0747734375 0.2837361111111111
0 0.357421875 0.5486111111111112 0.0757421875 0.28168055555555555
0 0.65234375 0.5412361111111111 0.0675625 0.2725694444444444
0 0.5224609375 0.5694444444444444 0.056765625 0.26106944444444447
0 0.7915078125 0.4752638888888889 0.0803828125 0.24131944444444445
0 0.7192421875 0.48654166666666665 0.07684375 0.26366666666666666
0 0.5966796875 0.546875 0.051851562500000004 0.2721388888888889
2 0.142296875 0.3581388888888889 0.0903984375 0.1686527777777778
2 0.2996640625 0.33134722222222224 0.0903984375 0.15079166666666666
2 0.1160703125 0.6617083333333333 0.1294609375 0.10912499999999999
2 0.173546875 0.5962361111111112 0.099328125 0.1845277777777778
2 0.2667421875 0.5744027777777778 0.0870546875 0.18848611111111113
2 0.3621640625 0.5625 0.083703125 0.18055555555555555
2 0.44810156250000005 0.5446388888888889 0.088171875 0.18848611111111113
2 0.5189765625 0.8333333333333334 0.1026796875 0.2063472222222222
2 0.6199765625 0.8065416666666667 0.0948671875 0.2043611111111111
2 0.7137265625 0.7867083333333332 0.0859375 0.19643055555555555
2 0.8091484375 0.7638888888888888 0.091515625 0.18651388888888887
2 0.9034609375 0.75 0.0926328125 0.19841666666666669
2 0.9776796875 0.7370972222222223 0.044640625 0.20833333333333334
2 0.079796875 0.45337500000000003 0.1283515625 0.06944444444444445
2 0.24163281250000002 0.4265833333333333 0.1261171875 0.05952777777777778
2 0.6941953125 0.49504166666666666 0.11160937500000001 0.17658333333333334