0 0.1607109375 0.5754027777777778 0.0669609375 0.26984722222222224
0 0.2611640625 0.5625 0.053570312499999995 0.27181944444444445
0 0.354734375 0.5221388888888889 0.074890625 0.2667083333333333
0 0.7631875 0.4325138888888889 0.07171875 0.24240277777777777
0 0.6658046875 0.4858055555555555 0.078359375 0.2656527777777778
0 0.5882421875 0.51525 0.043796875 0.297
0 0.70459375 0.43337499999999995 0.0674453125 0.24740277777777778
0 0.552453125 0.5396805555555555 0.0580390625 0.28570833333333334
2 0.060828125 0.202375 0.0903984375 0.15873611111111113
2 0.0708671875 0.4672638888888889 0.0859375 0.18848611111111113
2 0.015070312499999999 0.4831388888888889 0.0278984375 0.18848611111111113
2 0.15625 0.44940277777777776 0.078125 0.17658333333333334
2 0.23883593749999998 0.42559722222222224 0.0825859375 0.18848611111111113
2 0.3253359375 0.4107083333333333 0.0859375 0.18254166666666669
2 0.47767968749999995 0.3680555555555556 0.0848203125 0.18055555555555555
2 0.446984375 0.49106944444444445 0.11942187500000001 0.07341666666666667
2 0.375 0.7261944444444445 0.09375 0.202375
2 0.46596093749999995 0.6984166666666667 0.0903984375 0.21031944444444445
2 0.556921875 0.6765833333333333 0.0825859375 0.21031944444444445
2 0.64453125 0.6547638888888889 0.083703125 0.19444444444444445
2 0.7293515625 0.6259861111111111 0.088171875 0.19245833333333331
2 0.8141718750000001 0.6071388888888889 0.083703125 0.19444444444444445
2 0.9012265625 0.5853194444444445 0.083703125 0.18651388888888887
2 0.97265625 0.5625 0.0546875 0.18055555555555555
2 0.9508906250000001 0.9384861111111111 0.0982109375 0.12301388888888888