0 0.1983515625 0.625 0.0651015625 0.18209722222222224
0 0.27430468750000003 0.6280833333333333 0.048609374999999996 0.18209722222222224
0 0.351125 0.6149722222222221 0.056421874999999996 0.17747222222222223
0 0.42708593749999996 0.6087916666666666 0.0538203125 0.18055555555555555
0 0.51953125 0.6033888888888889 0.052953125000000004 0.1882777777777778
0 0.59765625 0.5879583333333334 0.0616328125 0.18518055555555557
0 0.680125 0.5833333333333334 0.0598984375 0.17283333333333334
0 0.7447890625 0.5663611111111111 0.0520859375 0.17593055555555556
0 0.82465625 0.5609583333333333 0.064234375 0.17129166666666668
2 0.5564218750000001 0.8449027777777778 0.0868046875 0.16204166666666667
2 0.6423593750000001 0.8371944444444444 0.0868046875 0.15894444444444444
2 0.7296015625 0.8256111111111112 0.084203125 0.1605
2 0.8177109375 0.8163611111111111 0.0850703125 0.16666666666666666
2 0.9049453125 0.8070972222222222 0.0859375 0.16358333333333333
2 0.9743906250000001 0.8016944444444445 0.05121875 0.16204166666666667
2 0.8901875 0.9691388888888889 0.099828125 0.06172222222222222
2 0.9709218749999999 0.9645 0.05815625 0.07098611111111111