0 0.16015625 0.7380972222222222 0.0658515625 0.1428611111111111
0 0.2354921875 0.7351249999999999 0.060265625 0.13293055555555555
0 0.3125 0.7301527777777779 0.0669609375 0.13095833333333334
0 0.3839296875 0.7142916666666667 0.060265625 0.1388888888888889
0 0.4609375 0.7123055555555555 0.0669609375 0.13095833333333334
0 0.5278984375 0.7083333333333334 0.060265625 0.11904166666666666
0 0.603234375 0.6934583333333334 0.0636171875 0.13690277777777776
0 0.67578125 0.6855138888888889 0.061382812499999995 0.13690277777777776
0 0.752234375 0.6795694444444444 0.064734375 0.1289722222222222
2 0.556921875 0.9375 0.0825859375 0.125
2 0.640625 0.935513888888889 0.078125 0.1289722222222222
2 0.7232109375 0.9285694444444446 0.080359375 0.1428611111111111
2 0.8069218749999999 0.9255972222222222 0.0825859375 0.14880555555555555
2 0.890625 0.9186527777777778 0.0825859375 0.15079166666666666
2 0.9670781249999999 0.9146805555555556 0.0658515625 0.1547638888888889