0 0.21484375 0.5992083333333333 0.0703125 0.28968055555555555
0 0.2885078125 0.4791666666666667 0.0591484375 0.29959722222222224
0 0.3884296875 0.4042916666666666 0.0730625 0.22894444444444445
0 0.5771484375 0.45355555555555555 0.055507812499999996 0.27626388888888886
0 0.6899453125 0.4320694444444444 0.09234375 0.25195833333333334
0 0.7548828125 0.41015277777777776 0.0772109375 0.2649722222222222
0 0.326171875 0.40690277777777784 0.07409375 0.20366666666666663
0 0.8247109375000001 0.07622222222222222 0.1677265625 0.0765
0 0.24609375 0.5426527777777778 0.0457578125 0.2956388888888889
2 0.1551328125 0.19345833333333332 0.0848203125 0.17658333333333334
2 0.0770078125 0.21031944444444445 0.080359375 0.1706388888888889
2 0.0200859375 0.22519444444444442 0.0357109375 0.172625
2 0.0630546875 0.5347222222222222 0.088171875 0.19643055555555555
2 0.154015625 0.5019861111111111 0.0892890625 0.18254166666666669
2 0.23382031250000002 0.4791666666666667 0.0703125 0.1845277777777778
2 0.314171875 0.45734722222222224 0.088171875 0.18055555555555555
2 0.3984375 0.4375 0.075890625 0.18848611111111113
2 0.47767968749999995 0.40873611111111113 0.075890625 0.18651388888888887
2 0.5546875 0.38491666666666663 0.0736640625 0.18254166666666669
2 0.6322578125 0.3611111111111111 0.0747734375 0.17856944444444445
2 0.5278984375 0.7896805555555556 0.09375 0.21429166666666666
2 0.619421875 0.7619027777777778 0.0870546875 0.21031944444444445
2 0.7075859375 0.7331388888888889 0.0848203125 0.19245833333333331
2 0.794640625 0.7013888888888888 0.078125 0.20040277777777776
2 0.8800234375 0.6745972222222222 0.088171875 0.202375
2 0.9637265625 0.6517916666666667 0.072546875 0.2162638888888889