0 0.16796875 0.702375 0.0636171875 0.12301388888888888
0 0.2449765625 0.6964305555555556 0.0636171875 0.1111111111111111
0 0.3911796875 0.6865138888888889 0.0770078125 0.11508333333333333
0 0.317140625 0.6935833333333333 0.068421875 0.08913888888888889
0 0.61328125 0.6579861111111112 0.0574921875 0.09884722222222223
0 0.541015625 0.663625 0.05340625 0.09868055555555555
0 0.7548828125 0.6397638888888889 0.0484921875 0.10334722222222222
0 0.6768984375 0.6488055555555555 0.0658515625 0.1111111111111111
0 0.46819531249999996 0.6765833333333333 0.0636171875 0.1111111111111111
2 0.5625 0.9037638888888889 0.0825859375 0.17658333333333334
2 0.6484375 0.8918611111111111 0.0825859375 0.1686527777777778
2 0.728234375 0.8829305555555556 0.083703125 0.16269444444444445
2 0.8125 0.873013888888889 0.080359375 0.15873611111111113
2 0.89453125 0.8670694444444444 0.0814765625 0.16666666666666666
2 0.9676328125 0.859125 0.064734375 0.15873611111111113