0 0.150171875 0.7345694444444444 0.07465625000000001 0.28394444444444444
0 0.2278671875 0.7021666666666667 0.06684375000000001 0.27161111111111114
0 0.302515625 0.6720694444444444 0.0633671875 0.27931944444444445
0 0.3619765625 0.615736111111111 0.06596874999999999 0.29320833333333335
0 0.5638046875 0.5308611111111111 0.0859375 0.27161111111111114
0 0.734375 0.48225 0.08159374999999999 0.2638888888888889
2 0.13715625 0.3287083333333333 0.0729140625 0.16975
2 0.0620625 0.34568055555555555 0.0789921875 0.15740277777777778
2 0.0421015625 0.4498472222222222 0.084203125 0.06944444444444445
2 0.0499140625 0.6736111111111112 0.084203125 0.19290277777777776
2 0.13671875 0.6442916666666666 0.0911484375 0.19290277777777776
2 0.2252578125 0.6195972222222222 0.08246875000000001 0.18981944444444443
2 0.302515625 0.5910555555555556 0.072046875 0.17901388888888886
2 0.382375 0.567125 0.087671875 0.1743888888888889
2 0.5473125 0.5200555555555556 0.07378124999999999 0.18209722222222224
2 0.6228281250000001 0.495375 0.0755234375 0.17901388888888886
2 0.5251718750000001 0.9135833333333333 0.09028125000000001 0.17283333333333334
2 0.6141484375 0.8996944444444444 0.087671875 0.19444444444444445
2 0.7026875 0.8734583333333333 0.0928828125 0.20679166666666665
2 0.7903671875 0.848 0.0807265625 0.20525
2 0.8763046875 0.8194444444444444 0.0911484375 0.20679166666666665
2 0.9618046874999999 0.7893472222222223 0.076390625 0.20216666666666666