0 0.1768984375 0.7222222222222222 0.0479921875 0.2063472222222222
0 0.2533515625 0.702375 0.0513359375 0.21031944444444445
0 0.3392890625 0.6984166666666667 0.064734375 0.17856944444444445
0 0.40122656250000005 0.6765833333333333 0.056921875 0.1904722222222222
0 0.6494140625 0.6697083333333333 0.0542890625 0.20540277777777777
0 0.7890625 0.6388888888888888 0.055937499999999994 0.19401388888888887
0 0.5415078125 0.6605972222222222 0.069515625 0.18641666666666667
0 0.7290078125 0.6579861111111112 0.0492265625 0.19943055555555556
0 0.482703125 0.6815416666666666 0.0435234375 0.20040277777777776
2 0.40569531249999996 0.8670694444444444 0.0814765625 0.16269444444444445
2 0.489953125 0.8601249999999999 0.0825859375 0.15675
2 0.5731015625 0.8501944444444445 0.0814765625 0.15675
2 0.6534609375 0.8382916666666668 0.0770078125 0.15675
2 0.7332578125 0.8323472222222221 0.080359375 0.15675
2 0.8152890625 0.8214305555555554 0.083703125 0.15873611111111113
2 0.8978828125 0.8115138888888889 0.0792421875 0.15079166666666666
2 0.9698671875 0.8055555555555556 0.060265625 0.1547638888888889
2 0.720421875 0.9761944444444445 0.088171875 0.047625
2 0.8130546875 0.9712361111111111 0.088171875 0.057541666666666665
2 0.9034609375 0.9682499999999999 0.0903984375 0.06348611111111112
2 0.9748906249999999 0.9652777777777778 0.0502265625 0.06944444444444445