0 0.171875 0.6745972222222222 0.1026796875 0.234125
0 0.3136171875 0.6894861111111111 0.1294609375 0.1289722222222222
0 0.42857031250000005 0.6339305555555556 0.0825859375 0.125
0 0.506140625 0.6150833333333333 0.056921875 0.23809722222222224
0 0.40903906250000005 0.5069444444444444 0.1328125 0.13293055555555555
0 0.3696328125 0.3977916666666667 0.07934375 0.16743055555555555
0 0.5551796875 0.48915277777777777 0.080625 0.18966666666666668
0 0.683109375 0.46615277777777775 0.0955234375 0.19466666666666665
2 0.3599296875 0.7995972222222223 0.025671875 0.18254166666666669
2 0.388390625 0.748013888888889 0.029015625 0.16666666666666666
2 0.41461718750000004 0.7043611111111111 0.0234375 0.16666666666666666
2 0.5418515625 0.4553611111111111 0.025671875 0.140875
2 0.439734375 0.6557499999999999 0.0267890625 0.16468055555555555
2 0.46428906249999996 0.6150833333333333 0.0200859375 0.16666666666666666
2 0.498328125 0.5585277777777777 0.0435234375 0.15675