0 0.24944531250000002 0.6964305555555556 0.10602343750000001 0.26984722222222224
0 0.236609375 0.5843194444444444 0.0513359375 0.18055555555555555
0 0.505578125 0.6220277777777778 0.075890625 0.25991666666666663
0 0.44586718750000004 0.5436527777777778 0.068078125 0.24206944444444442
0 0.5439453125 0.5104166666666666 0.063046875 0.2400138888888889
0 0.5903359375 0.39193055555555556 0.07684375 0.20084722222222223
0 0.48022656250000006 0.38433333333333336 0.0974140625 0.13976388888888888
0 0.552453125 0.4890833333333333 0.055804687500000005 0.27181944444444445
2 0.13671875 0.7390833333333333 0.135046875 0.10515277777777778
2 0.1512265625 0.6428611111111111 0.0703125 0.17856944444444445
2 0.2198671875 0.6071388888888889 0.060265625 0.19444444444444445
2 0.2728828125 0.5744027777777778 0.0457578125 0.19643055555555555
2 0.321984375 0.5337361111111112 0.0479921875 0.18651388888888887
2 0.7879453125 0.8859166666666667 0.064734375 0.22818055555555555
2 0.517296875 0.3988055555555555 0.0703125 0.1745972222222222
2 0.439734375 0.4781805555555556 0.0580390625 0.15873611111111113
2 0.8465390625 0.8402777777777778 0.0502265625 0.21230555555555558
2 0.8950859375 0.8005972222222222 0.0424140625 0.21230555555555558
2 0.9419609375 0.7539722222222223 0.046875 0.2222222222222222
2 0.9827031249999999 0.7123055555555555 0.0346015625 0.202375