0 0.19791406250000002 0.6180555555555556 0.0555546875 0.19906944444444447
0 0.273875 0.6165138888888889 0.05121875 0.19290277777777776
0 0.34721875 0.5995416666666666 0.060765625000000004 0.17747222222222223
0 0.427515625 0.5987638888888889 0.0546875 0.20679166666666665
0 0.5247421875 0.5833333333333334 0.0616328125 0.1882777777777778
0 0.601125 0.5771666666666667 0.0616328125 0.209875
0 0.6818593749999999 0.5694444444444444 0.0633671875 0.17593055555555556
0 0.7478281250000001 0.5586388888888889 0.05815625 0.19752777777777777
0 0.8359375 0.5416666666666666 0.079859375 0.18518055555555557
2 0.474390625 0.7986111111111112 0.087671875 0.17129166666666668
2 0.5629375 0.7932083333333334 0.087671875 0.1605
2 0.6493046875 0.7831805555555555 0.0885390625 0.15894444444444444
2 0.7369765625 0.772375 0.08159374999999999 0.16820833333333332
2 0.8220468750000001 0.7631111111111112 0.0850703125 0.15894444444444444
2 0.9092890625000001 0.7561666666666668 0.0859375 0.1605
2 0.9765625 0.7476805555555556 0.046875 0.165125
2 0.8072890625 0.9475277777777779 0.095484375 0.10494444444444445
2 0.9053828125000001 0.9398194444444444 0.09721874999999999 0.120375
2 0.977 0.9367222222222223 0.0460078125 0.12654166666666666