2 0.177453125 0.25397222222222227 0.0825859375 0.1706388888888889
2 0.0982109375 0.26587500000000003 0.075890625 0.16269444444444445
2 0.0513359375 0.36309722222222224 0.1004453125 0.09126388888888888
2 0.029015625 0.5595277777777778 0.0513359375 0.2222222222222222
2 0.1015625 0.5406805555555556 0.0892890625 0.20040277777777776
2 0.189171875 0.5218194444444444 0.088171875 0.1745972222222222
2 0.27734375 0.49404166666666666 0.083703125 0.17856944444444445
2 0.36328125 0.48115277777777776 0.0814765625 0.20040277777777776
2 0.44419531250000005 0.46626388888888887 0.0825859375 0.19444444444444445
2 0.6088203125 0.42559722222222224 0.088171875 0.1845277777777778
2 0.49721093749999995 0.7827361111111112 0.0948671875 0.19643055555555555
2 0.58984375 0.7629027777777777 0.088171875 0.19245833333333331
2 0.6830390625 0.7380972222222222 0.0892890625 0.21031944444444445
2 0.7739921875 0.7212361111111111 0.088171875 0.2162638888888889
2 0.8638359375 0.6884861111111111 0.0848203125 0.19841666666666669
2 0.9553593749999999 0.6706388888888889 0.0892890625 0.2063472222222222
0 0.169640625 0.5803611111111111 0.055804687500000005 0.2837361111111111
0 0.2622734375 0.5605138888888889 0.0669609375 0.2876944444444444
0 0.3604921875 0.5347222222222222 0.0580390625 0.30356944444444445
0 0.5463203125 0.5446388888888889 0.052453125 0.2797638888888889
0 0.5971015625 0.5168611111111111 0.055804687500000005 0.2956388888888889
0 0.6752265625 0.48512500000000003 0.0736640625 0.27181944444444445
0 0.7120546875 0.4513888888888889 0.055804687500000005 0.27181944444444445
0 0.7745546875 0.44940277777777776 0.064734375 0.27579166666666666