0 0.150671875 0.6914722222222223 0.0691953125 0.11309722222222224
0 0.224328125 0.6884861111111111 0.0669609375 0.11508333333333333
0 0.30859375 0.671625 0.0591484375 0.11309722222222224
0 0.3939765625 0.6577361111111111 0.0669609375 0.12102777777777778
0 0.46986718749999995 0.6567500000000001 0.055804687500000005 0.11508333333333333
0 0.5479921875 0.6478194444444445 0.0714296875 0.11309722222222224
0 0.6283515625 0.6369027777777778 0.060265625 0.1071388888888889
0 0.7025703125 0.6289722222222223 0.061382812499999995 0.11508333333333333
0 0.779578125 0.6220277777777778 0.0658515625 0.11706944444444445
2 0.57421875 0.9027777777777778 0.088171875 0.16666666666666666
2 0.6629453125 0.8948472222222221 0.0870546875 0.1706388888888889
2 0.7505546875 0.8859166666666667 0.083703125 0.1686527777777778
2 0.8415156250000001 0.8740138888888889 0.0892890625 0.1686527777777778
2 0.9313593750000001 0.8650833333333333 0.088171875 0.16666666666666666
2 0.98828125 0.8571388888888889 0.0234375 0.16269444444444445