0 0.12276562499999999 0.4623055555555556 0.0892890625 0.19444444444444445
0 0.22991406250000002 0.47123611111111113 0.0848203125 0.16468055555555555
0 0.41908593749999995 0.4504027777777778 0.0814765625 0.18254166666666669
0 0.3227578125 0.44531944444444443 0.058437499999999996 0.17523611111111112
0 0.62109375 0.42577777777777776 0.078921875 0.16743055555555555
0 0.71484375 0.42209722222222223 0.0790390625 0.16243055555555555
0 0.8168984375000001 0.42079166666666673 0.069640625 0.14725
0 0.5150703125 0.43154166666666666 0.0859375 0.17658333333333334
2 0.549109375 0.6984166666666667 0.11383593750000001 0.2063472222222222
2 0.6640625 0.6944444444444444 0.11160937500000001 0.21031944444444445
2 0.7745546875 0.6785694444444444 0.11160937500000001 0.21031944444444445
2 0.8856015625 0.6706388888888889 0.1104921875 0.202375
2 0.9715390625 0.6656805555555556 0.056921875 0.2043611111111111
2 0.8995546875 0.8918611111111111 0.127234375 0.2162638888888889
2 0.9827031249999999 0.8888888888888888 0.0346015625 0.2222222222222222