0 0.1919609375 0.6626944444444445 0.0580390625 0.21824999999999997
0 0.24944531250000002 0.6309583333333334 0.072546875 0.22619444444444448
0 0.3722109375 0.6666666666666666 0.0323671875 0.234125
0 0.3872734375 0.6011944444444445 0.080359375 0.2063472222222222
0 0.48102343750000004 0.6081388888888889 0.049109375 0.2162638888888889
0 0.5340390625 0.5595277777777778 0.0703125 0.15873611111111113
0 0.6651796875 0.6021805555555555 0.0580390625 0.22818055555555555
0 0.7254453125 0.5863055555555555 0.055804687500000005 0.24008333333333334
0 0.7940859375 0.5674583333333333 0.072546875 0.23809722222222224
2 0.41350781249999996 0.45337500000000003 0.068078125 0.1289722222222222
2 0.341515625 0.46329166666666666 0.0691953125 0.13293055555555555
2 0.2979921875 0.5446388888888889 0.0982109375 0.05356944444444445
2 0.23102343749999998 0.5535694444444444 0.11383593750000001 0.043652777777777776
2 0.1300234375 0.4970277777777778 0.0747734375 0.140875
2 0.0546875 0.5049583333333333 0.0736640625 0.140875
2 0.130578125 0.6944444444444444 0.080359375 0.1388888888888889
2 0.1997734375 0.6656805555555556 0.078125 0.14880555555555555
2 0.2784609375 0.6567500000000001 0.0747734375 0.1547638888888889
2 0.3549140625 0.6418611111111111 0.0736640625 0.1527777777777778
2 0.431921875 0.6289722222222223 0.078125 0.15079166666666666
2 0.5083671875 0.6230138888888889 0.088171875 0.13095833333333334
2 0.575890625 0.609125 0.080359375 0.14681944444444445
2 0.6534609375 0.5952361111111111 0.072546875 0.14681944444444445
2 0.7265625 0.5843194444444444 0.0736640625 0.14880555555555555
2 0.455359375 0.8442500000000001 0.0825859375 0.1686527777777778
2 0.5385078125 0.8273750000000001 0.0814765625 0.15873611111111113
2 0.6199765625 0.8134861111111111 0.0792421875 0.1547638888888889
2 0.7003359375 0.8005972222222222 0.0792421875 0.16070833333333331
2 0.7806953125 0.7916666666666666 0.0814765625 0.1547638888888889
2 0.8610468750000001 0.7787638888888889 0.0770078125 0.15675
2 0.9402890625 0.765875 0.0792421875 0.16666666666666666
2 0.8510078125 0.9771805555555556 0.088171875 0.04563888888888889
2 0.9425234375 0.9702361111111112 0.0903984375 0.05952777777777778