0 0.22321093749999998 0.7430555555555556 0.11383593750000001 0.27579166666666666
0 0.1925234375 0.6468194444444444 0.061382812499999995 0.25397222222222227
0 0.3286796875 0.3988055555555555 0.0703125 0.22619444444444448
0 0.48939843749999995 0.35912499999999997 0.061382812499999995 0.2222222222222222
0 0.5200859375 0.5248055555555555 0.0870546875 0.27181944444444445
0 0.48325781250000005 0.6349166666666667 0.0736640625 0.28570833333333334
0 0.41127343749999995 0.5644861111111111 0.0457578125 0.2837361111111111
0 0.42466406250000005 0.45634722222222224 0.061382812499999995 0.234125
2 0.213171875 0.3412638888888889 0.0424140625 0.18254166666666669
2 0.174109375 0.3819444444444444 0.044640625 0.17658333333333334
2 0.1768984375 0.49008333333333337 0.11272656249999999 0.06745833333333333
2 0.057476562499999995 0.5039722222222223 0.056921875 0.18651388888888887
2 0.9006718749999999 0.44345833333333334 0.0379453125 0.19643055555555555
2 0.661828125 0.8521805555555556 0.03125 0.2361111111111111
2 0.6958671875 0.7876944444444445 0.036828125 0.21429166666666666
2 0.7293515625 0.7390833333333333 0.0278984375 0.2202361111111111
2 0.7578125 0.6904722222222222 0.03125 0.21429166666666666
2 0.7879453125 0.6428611111111111 0.03125 0.202375
2 0.8186406249999999 0.5754027777777778 0.025671875 0.21031944444444445
2 0.8459843749999999 0.5238055555555555 0.0267890625 0.202375
2 0.8699765625 0.46825 0.021203125 0.21031944444444445