0 0.11885937499999999 0.5734166666666667 0.0502265625 0.24602777777777776
0 0.2354921875 0.5684583333333334 0.049109375 0.23213888888888887
0 0.3526796875 0.5634861111111111 0.0580390625 0.234125
0 0.3839296875 0.5218194444444444 0.033484375 0.2063472222222222
0 0.48325781250000005 0.5357083333333333 0.0401796875 0.2301527777777778
0 0.584265625 0.5218194444444444 0.056921875 0.24206944444444442
0 0.6607109375 0.5019861111111111 0.049109375 0.22619444444444448
0 0.7137265625 0.48015277777777776 0.0390625 0.22619444444444448
0 0.799109375 0.47123611111111113 0.044640625 0.22420833333333334
2 0.26171875 0.2956388888888889 0.0658515625 0.1428611111111111
2 0.189734375 0.30654166666666666 0.0714296875 0.14484722222222224
2 0.1121640625 0.31348611111111113 0.0770078125 0.14681944444444445
2 0.0379453125 0.3234166666666667 0.0691953125 0.14681944444444445
2 0.0379453125 0.5198472222222222 0.0691953125 0.16269444444444445
2 0.15234375 0.5912638888888888 0.11942187500000001 0.05555555555555555
2 0.20758593749999998 0.49404166666666666 0.075890625 0.16666666666666666
2 0.28515625 0.48015277777777776 0.0792421875 0.1547638888888889
2 0.3660703125 0.4722222222222222 0.075890625 0.16269444444444445
2 0.46596093749999995 0.5039722222222223 0.0926328125 0.05952777777777778
2 0.54296875 0.48809722222222224 0.0636171875 0.07143055555555555
2 0.6300234375 0.5009861111111111 0.0747734375 0.04563888888888889
2 0.3119453125 0.7152777777777778 0.0859375 0.17658333333333334
2 0.400671875 0.6984166666666667 0.0892890625 0.1706388888888889
2 0.486609375 0.6835277777777777 0.0825859375 0.172625
2 0.57421875 0.6656805555555556 0.0859375 0.172625
2 0.6590390625 0.6527777777777778 0.0814765625 0.1706388888888889
2 0.7427421875 0.6379027777777778 0.083703125 0.172625
2 0.8275703125 0.6210277777777777 0.0814765625 0.17856944444444445
2 0.9118281250000001 0.609125 0.0825859375 0.16666666666666666
2 0.9765625 0.5952361111111111 0.046875 0.16666666666666666
2 0.7354921875 0.9166666666666666 0.091515625 0.16666666666666666
2 0.8309140625 0.9007916666666668 0.0971015625 0.18254166666666669
2 0.9280156249999999 0.8898750000000001 0.0926328125 0.1845277777777778
2 0.9877265625 0.8789722222222223 0.0245546875 0.18254166666666669