0 0.170203125 0.6557499999999999 0.061382812499999995 0.2361111111111111
0 0.23828125 0.6388888888888888 0.056921875 0.22619444444444448
0 0.336671875 0.6362916666666667 0.04690625 0.21820833333333337
0 0.3969765625 0.6224027777777777 0.0406796875 0.22125
0 0.5532265625 0.6059027777777778 0.0615234375 0.23198611111111112
0 0.78125 0.563375 0.065125 0.19780555555555554
0 0.714359375 0.5846388888888889 0.060421875 0.2185277777777778
0 0.49242968749999994 0.609375 0.05340625 0.2328611111111111
0 0.6361640625 0.5902777777777778 0.049109375 0.24801388888888887
2 0.24944531250000002 0.7361111111111112 0.088171875 0.16666666666666666
2 0.3314765625 0.7222222222222222 0.078125 0.16666666666666666
2 0.415734375 0.7103194444444445 0.0814765625 0.16666666666666666
2 0.49553906249999996 0.7004027777777778 0.075890625 0.16666666666666666
2 0.5731015625 0.6914722222222223 0.0770078125 0.16070833333333331
2 0.654578125 0.6775833333333333 0.0770078125 0.16070833333333331
2 0.7332578125 0.6686527777777778 0.078125 0.16666666666666666
2 0.8113828125 0.6646805555555555 0.075890625 0.1547638888888889
2 0.8900703125 0.6527777777777778 0.0792421875 0.16269444444444445
2 0.5619453125 0.8968194444444445 0.0926328125 0.1706388888888889
2 0.65234375 0.8819444444444444 0.083703125 0.17658333333333334
2 0.739953125 0.8680555555555556 0.0825859375 0.1686527777777778
2 0.8270078125 0.8561527777777778 0.0825859375 0.17658333333333334
2 0.9146171875 0.8551527777777779 0.0859375 0.1745972222222222
2 0.9793515625 0.8482083333333333 0.041296875 0.17658333333333334