0 0.13671875 0.610125 0.056921875 0.27181944444444445
0 0.2042421875 0.5734166666666667 0.0625 0.26984722222222224
0 0.35546875 0.5932499999999999 0.0703125 0.24206944444444442
0 0.407921875 0.40079166666666666 0.0546875 0.1745972222222222
0 0.45190625000000006 0.5603333333333333 0.065125 0.2523888888888889
0 0.511234375 0.5021666666666667 0.0784921875 0.23525
0 0.7944375 0.48047222222222224 0.049320312500000005 0.22743055555555555
0 0.6782265625 0.38129166666666664 0.0686640625 0.21516666666666664
0 0.681921875 0.4930555555555556 0.060265625 0.25198611111111113
2 0.1668515625 0.26190277777777776 0.0703125 0.15079166666666666
2 0.1400703125 0.36309722222222224 0.1104921875 0.051583333333333335
2 0.0346015625 0.28968055555555555 0.060265625 0.1428611111111111
2 0.0440859375 0.39087500000000003 0.088171875 0.06348611111111112
2 0.0262265625 0.5823472222222222 0.0435234375 0.18848611111111113
2 0.0909609375 0.5565416666666666 0.0770078125 0.16468055555555555
2 0.165734375 0.5367083333333333 0.0747734375 0.16468055555555555
2 0.240515625 0.514875 0.072546875 0.16070833333333331
2 0.3214296875 0.49602777777777773 0.078125 0.16666666666666666
2 0.588171875 0.4136944444444445 0.0691953125 0.16070833333333331
2 0.51953125 0.43352777777777773 0.068078125 0.1527777777777778
2 0.446984375 0.45337500000000003 0.0747734375 0.14880555555555555
2 0.498328125 0.7886944444444445 0.0814765625 0.19643055555555555
2 0.5786796875 0.765875 0.072546875 0.18254166666666669
2 0.6551328125 0.7311527777777778 0.078125 0.172625
2 0.732703125 0.7073472222222222 0.072546875 0.17658333333333334
2 0.8058046875 0.6845277777777778 0.0714296875 0.1706388888888889
2 0.87890625 0.6567500000000001 0.0747734375 0.17856944444444445
2 0.9542421875 0.6279722222222222 0.0691953125 0.17658333333333334