0 0.16796875 0.6527777777777778 0.0546875 0.234125
0 0.23382031250000002 0.6379027777777778 0.052453125 0.23213888888888887
0 0.333703125 0.6359166666666667 0.0625 0.2162638888888889
0 0.40112500000000006 0.6158888888888889 0.052914062500000004 0.21006944444444445
0 0.4931640625 0.6063333333333334 0.0438515625 0.22743055555555555
0 0.7841796875 0.5611944444444444 0.065734375 0.21408333333333332
0 0.5595703125 0.6063333333333334 0.058015625 0.23155555555555554
0 0.724609375 0.5798611111111112 0.0548125 0.217125
0 0.6411796875 0.5902777777777778 0.056921875 0.2361111111111111
2 0.236609375 0.7301527777777779 0.091515625 0.16666666666666666
2 0.32421875 0.7152777777777778 0.0792421875 0.15675
2 0.40625 0.7053611111111111 0.075890625 0.16070833333333331
2 0.486046875 0.6974166666666667 0.0770078125 0.15675
2 0.5658515625 0.6825416666666667 0.075890625 0.16269444444444445
2 0.6439765625 0.6765833333333333 0.075890625 0.15873611111111113
2 0.7232109375 0.6646805555555555 0.075890625 0.16269444444444445
2 0.8018984375 0.6567500000000001 0.0770078125 0.1706388888888889
2 0.8833671875 0.6468194444444444 0.0792421875 0.16269444444444445
2 0.5513359375 0.8918611111111111 0.0892890625 0.172625
2 0.6439765625 0.8799583333333334 0.0848203125 0.172625
2 0.728796875 0.8690416666666667 0.0870546875 0.1706388888888889
2 0.8169609375 0.8601249999999999 0.0870546875 0.17658333333333334
2 0.9068046875 0.8511944444444445 0.0859375 0.17856944444444445
2 0.9748906249999999 0.8412638888888889 0.0502265625 0.17856944444444445