0 0.185828125 0.5505972222222222 0.0591484375 0.2916666666666667
0 0.255578125 0.5267916666666667 0.0580390625 0.30356944444444445
0 0.3839296875 0.5119027777777778 0.0625 0.26587500000000003
0 0.5167421875 0.5287638888888888 0.053570312499999995 0.2916666666666667
0 0.5278984375 0.48512500000000003 0.095984375 0.27181944444444445
0 0.6199765625 0.4484166666666667 0.052453125 0.2738055555555555
0 0.703125 0.4484166666666667 0.055804687500000005 0.25397222222222227
2 0.12053906249999999 0.202375 0.080359375 0.16666666666666666
2 0.041296875 0.21329166666666666 0.0736640625 0.172625
2 0.025671875 0.46825 0.046875 0.1904722222222222
2 0.0971015625 0.4553611111111111 0.09375 0.19245833333333331
2 0.1902890625 0.43254166666666666 0.0903984375 0.1745972222222222
2 0.2801328125 0.4166666666666667 0.0848203125 0.18254166666666669
2 0.46038281249999996 0.3779722222222222 0.0792421875 0.172625
2 0.54296875 0.36309722222222224 0.0747734375 0.1706388888888889
2 0.275109375 0.7271805555555556 0.0926328125 0.21230555555555558
2 0.376671875 0.7043611111111111 0.1015625 0.21031944444444445
2 0.47600781249999996 0.6845277777777778 0.0926328125 0.202375
2 0.5708671875 0.6646805555555555 0.0971015625 0.202375
2 0.6690859375 0.6418611111111111 0.0971015625 0.19643055555555555
2 0.7622734375 0.6210277777777777 0.0892890625 0.19444444444444445
2 0.8571406250000001 0.6011944444444445 0.0982109375 0.202375
2 0.9520078125 0.5793611111111111 0.091515625 0.19444444444444445
2 0.9330390625 0.9285694444444446 0.10491406249999999 0.1428611111111111
2 0.8231015625 0.939486111111111 0.11272656249999999 0.12102777777777778