0 0.2566953125 0.7142916666666667 0.12053906249999999 0.16269444444444445
0 0.48549218749999995 0.6507916666666667 0.078125 0.29365277777777776
0 0.416296875 0.5684583333333334 0.0669609375 0.30356944444444445
0 0.5087890625 0.5173611111111112 0.083859375 0.2756111111111111
0 0.272953125 0.3973472222222222 0.1083984375 0.21484722222222222
0 0.4585 0.33311111111111114 0.0948515625 0.15593055555555554
0 0.383546875 0.4210138888888889 0.086 0.12727777777777777
0 0.213171875 0.6051527777777778 0.12053906249999999 0.1071388888888889
2 0.203125 0.8115138888888889 0.0357109375 0.21031944444444445
2 0.3253359375 0.5704305555555556 0.036828125 0.18055555555555555
2 0.2935234375 0.6349166666666667 0.0379453125 0.21031944444444445
2 0.357703125 0.5138888888888888 0.0323671875 0.14681944444444445
2 0.42857031250000005 0.38491666666666663 0.046875 0.12301388888888888
2 0.2578125 0.7063472222222222 0.0379453125 0.19841666666666669
2 0.232140625 0.7678611111111111 0.03125 0.18254166666666669