0 0.1534609375 0.6884861111111111 0.068078125 0.11508333333333333
0 0.2293515625 0.6865138888888889 0.0636171875 0.1111111111111111
0 0.30859375 0.6765833333333333 0.0636171875 0.12301388888888888
0 0.39453125 0.6597222222222222 0.0703125 0.11706944444444445
0 0.47210156249999996 0.6577361111111111 0.055804687500000005 0.11706944444444445
0 0.552453125 0.6448472222222222 0.064734375 0.11508333333333333
0 0.6283515625 0.6369027777777778 0.064734375 0.11508333333333333
0 0.7042421875 0.6309583333333334 0.0625 0.11508333333333333
0 0.7806953125 0.625 0.0703125 0.1111111111111111
2 0.5736640625 0.9037638888888889 0.0892890625 0.16468055555555555
2 0.6629453125 0.8948472222222221 0.0870546875 0.16666666666666666
2 0.7527890625 0.8819444444444444 0.0859375 0.1686527777777778
2 0.8426328125 0.875 0.0870546875 0.16666666666666666
2 0.9308046875 0.8640833333333333 0.0870546875 0.1686527777777778
2 0.98828125 0.8630972222222222 0.0234375 0.16666666666666666