0 0.1629453125 0.640875 0.095984375 0.16666666666666666
0 0.2566953125 0.6329305555555556 0.0825859375 0.15873611111111113
0 0.3504453125 0.6220277777777778 0.078125 0.1686527777777778
2 0.6143984375 0.8849166666666667 0.11495312499999999 0.18254166666666669
2 0.7198671875 0.8690416666666667 0.09375 0.18651388888888887
2 0.8152890625 0.8551527777777779 0.0948671875 0.2063472222222222
2 0.9107109375 0.8511944444444445 0.095984375 0.18254166666666669
2 0.9793515625 0.8412638888888889 0.041296875 0.1904722222222222
0 0.51171875 0.61025 0.0681796875 0.12358333333333334
0 0.671390625 0.5950555555555556 0.0648828125 0.12358333333333334
0 0.7587890625 0.5798611111111112 0.0668359375 0.12869444444444444
0 0.43042187500000006 0.6072083333333333 0.0705546875 0.14941666666666667
0 0.595421875 0.5992083333333333 0.0770078125 0.1428611111111111