0 0.2003359375 0.6240138888888889 0.061382812499999995 0.2638888888888889
0 0.2650703125 0.5863055555555555 0.0703125 0.2361111111111111
0 0.3833671875 0.577375 0.0591484375 0.29365277777777776
0 0.5454140625 0.5664027777777778 0.108765625 0.2593333333333333
0 0.6313515625 0.35481944444444447 0.061765625000000005 0.14127777777777778
0 0.5977265625 0.4861666666666667 0.055437499999999994 0.23729166666666665
0 0.39575 0.4244861111111111 0.0987578125 0.20681944444444444
0 0.5792421875 0.36706944444444445 0.0513359375 0.1706388888888889
2 0.015625 0.26190277777777776 0.03125 0.16666666666666666
2 0.0630546875 0.6537638888888888 0.0747734375 0.18848611111111113
2 0.5301328125 0.4245972222222222 0.0714296875 0.17856944444444445
2 0.484375 0.4583333333333333 0.0669609375 0.1428611111111111
2 0.411828125 0.47718055555555555 0.0625 0.17658333333333334
2 0.275671875 0.547625 0.0714296875 0.19444444444444445
2 0.1568046875 0.6428611111111111 0.072546875 0.1388888888888889
2 0.282921875 0.5486111111111112 0.0703125 0.17658333333333334
2 0.7181953125 0.8819444444444444 0.0747734375 0.20833333333333334
2 0.787390625 0.8333333333333334 0.0636171875 0.21429166666666666
2 0.8560234375 0.7926527777777779 0.0691953125 0.21230555555555558
2 0.9229921875 0.7549583333333334 0.060265625 0.20833333333333334
2 0.9765625 0.7222222222222222 0.044640625 0.202375