0 0.1590390625 0.6299583333333333 0.0814765625 0.27579166666666666
0 0.271203125 0.6448472222222222 0.0669609375 0.2777777777777778
0 0.3409609375 0.6140833333333333 0.0703125 0.2876944444444444
0 0.6181640625 0.5898472222222222 0.0759921875 0.24370833333333333
0 0.45874218750000006 0.6184861111111111 0.0625625 0.23480555555555555
0 0.5532265625 0.5933194444444444 0.064390625 0.23806944444444444
0 0.7822265625 0.5703194444444445 0.055296875 0.24783333333333332
0 0.7036171875 0.5711805555555556 0.0784921875 0.2558611111111111
2 0.10770312500000001 0.672625 0.0971015625 0.17856944444444445
2 0.2940859375 0.6458333333333334 0.0903984375 0.17658333333333334
2 0.381140625 0.6319444444444444 0.0859375 0.17658333333333334
2 0.46875 0.6210277777777777 0.0848203125 0.16666666666666666
2 0.552453125 0.6061527777777778 0.078125 0.16070833333333331
2 0.6339296875 0.5952361111111111 0.09375 0.1745972222222222
2 0.7221015625 0.5843194444444444 0.0870546875 0.1845277777777778
2 0.45367968750000004 0.8501944444444445 0.099328125 0.19643055555555555
2 0.5552421875 0.8373055555555555 0.0903984375 0.202375
2 0.6489921875 0.8204305555555556 0.0903984375 0.18848611111111113
2 0.7433046875 0.8065416666666667 0.09375 0.19643055555555555
2 0.8370546875 0.7956388888888889 0.091515625 0.19444444444444445
2 0.9296875 0.7867083333333332 0.09375 0.19643055555555555
2 0.9899531250000001 0.7817500000000001 0.0200859375 0.202375