0 0.1981015625 0.7212361111111111 0.0658515625 0.19643055555555555
0 0.271765625 0.7123055555555555 0.056921875 0.19444444444444445
0 0.353234375 0.7113055555555555 0.0546875 0.1845277777777778
0 0.424109375 0.6944444444444444 0.049109375 0.18254166666666669
0 0.497765625 0.6924583333333333 0.044640625 0.18254166666666669
0 0.5597109375 0.6755972222222222 0.0546875 0.17658333333333334
0 0.665734375 0.6755972222222222 0.052453125 0.19245833333333331
0 0.7260078125 0.6686527777777778 0.052453125 0.1904722222222222
0 0.80078125 0.6478194444444445 0.0636171875 0.17658333333333334
2 0.49721093749999995 0.9117083333333332 0.0859375 0.15675
2 0.5814765625 0.9027777777777778 0.078125 0.1547638888888889
2 0.6640625 0.8938472222222222 0.0825859375 0.14880555555555555
2 0.7472109375 0.8809583333333333 0.0792421875 0.15079166666666666
2 0.8286796875 0.873013888888889 0.083703125 0.15079166666666666
2 0.9112734375 0.8640833333333333 0.0814765625 0.15675
2 0.9771171875 0.8611111111111112 0.0457578125 0.15873611111111113