0 0.1646171875 0.6359166666666667 0.0792421875 0.14880555555555555
0 0.2583671875 0.6220277777777778 0.072546875 0.14880555555555555
0 0.3465390625 0.610125 0.0770078125 0.1527777777777778
0 0.43638281250000005 0.5982083333333333 0.0736640625 0.16468055555555555
0 0.5206484375 0.5873055555555555 0.072546875 0.16269444444444445
0 0.611609375 0.5863055555555555 0.0691953125 0.1527777777777778
0 0.6886171875 0.5744027777777778 0.064734375 0.1527777777777778
0 0.77734375 0.5644861111111111 0.0703125 0.140875
2 0.6339296875 0.8809583333333333 0.09375 0.1745972222222222
2 0.7332578125 0.8373055555555555 0.0982109375 0.1111111111111111
2 0.8309140625 0.8601249999999999 0.0971015625 0.18848611111111113
2 0.9268984375 0.8492083333333332 0.0926328125 0.17856944444444445
2 0.98828125 0.8432499999999999 0.0234375 0.18651388888888887