0 0.21930468749999998 0.5515833333333333 0.0948671875 0.3015833333333333
0 0.2957578125 0.6488055555555555 0.11160937500000001 0.28968055555555555
0 0.451453125 0.751986111111111 0.1082578125 0.3333333333333333
0 0.6356015625 0.3620972222222222 0.0747734375 0.2956388888888889
0 0.46557812500000006 0.42990277777777774 0.1083984375 0.26584722222222223
0 0.2756328125 0.4756944444444444 0.0980859375 0.25543055555555555
0 0.55615625 0.3949722222222222 0.0997890625 0.26931944444444444
0 0.2138671875 0.38584722222222223 0.082828125 0.15787500000000002
2 0.295203125 0.297625 0.0457578125 0.202375
2 0.255578125 0.3501944444444444 0.0424140625 0.19643055555555555
2 0.1255546875 0.49206944444444445 0.0457578125 0.2222222222222222
2 0.0703125 0.5446388888888889 0.049109375 0.22420833333333334
2 0.0245546875 0.6031805555555556 0.0424140625 0.2222222222222222
2 0.8002265625 0.8690416666666667 0.0379453125 0.24602777777777776
2 0.8381718749999999 0.8085277777777777 0.033484375 0.24404166666666668
2 0.875 0.748013888888889 0.0379453125 0.23809722222222224
2 0.9107109375 0.6974166666666667 0.029015625 0.25198611111111113
2 0.9458671875 0.6359166666666667 0.0390625 0.22420833333333334
2 0.9815859375 0.5714305555555556 0.0323671875 0.22619444444444448
2 0.22321093749999998 0.5238055555555555 0.109375 0.08730555555555555