0 0.1674140625 0.6904722222222222 0.0580390625 0.13491666666666666
0 0.247765625 0.6954305555555556 0.053570312499999995 0.12102777777777778
0 0.322546875 0.6944444444444444 0.0625 0.1071388888888889
0 0.4614296875 0.6740416666666667 0.0571875 0.09619444444444446
0 0.61328125 0.6579861111111112 0.0581328125 0.10052777777777777
0 0.755375 0.6397638888888889 0.048859375 0.10297222222222223
0 0.392296875 0.6805555555555556 0.0636171875 0.11508333333333333
0 0.532921875 0.6617083333333333 0.0636171875 0.11706944444444445
0 0.681359375 0.6507916666666667 0.061382812499999995 0.11904166666666666
2 0.5630546875 0.9037638888888889 0.0859375 0.172625
2 0.6489921875 0.8928611111111111 0.0770078125 0.16666666666666666
2 0.7293515625 0.8849166666666667 0.0792421875 0.1706388888888889
2 0.8108281249999999 0.873013888888889 0.0792421875 0.16269444444444445
2 0.8956484375 0.8640833333333333 0.0814765625 0.16468055555555555
2 0.9681953125 0.8640833333333333 0.0636171875 0.1686527777777778