0 0.46205468749999995 0.7420694444444444 0.138390625 0.32540277777777776
0 0.3136171875 0.640875 0.12053906249999999 0.28175
0 0.46372656250000005 0.43154166666666666 0.1261171875 0.25595833333333334
0 0.2756328125 0.46441666666666664 0.0822734375 0.22959722222222223
0 0.21178906249999999 0.43598611111111113 0.104125 0.2667083333333333
0 0.6352578125 0.35959722222222223 0.0686640625 0.28580555555555553
0 0.558109375 0.38911111111111113 0.0705546875 0.26280555555555557
0 0.2098203125 0.5744027777777778 0.0691953125 0.33531944444444445
2 0.2684140625 0.2946388888888889 0.0435234375 0.19245833333333331
2 0.228234375 0.3412638888888889 0.0390625 0.202375
2 0.2003359375 0.5168611111111111 0.1082578125 0.08929166666666667
2 0.0948671875 0.49404166666666666 0.049109375 0.21429166666666666
2 0.0435234375 0.5456388888888889 0.0513359375 0.2222222222222222
2 0.7706484375 0.8670694444444444 0.0435234375 0.26587500000000003
2 0.8108281249999999 0.8025833333333333 0.041296875 0.25198611111111113
2 0.8465390625 0.7450416666666666 0.0346015625 0.2678611111111111
2 0.8800234375 0.6835277777777777 0.0323671875 0.2361111111111111
2 0.9151796875 0.6259861111111111 0.033484375 0.2162638888888889
2 0.9481015625 0.5634861111111111 0.0346015625 0.2301527777777778
2 0.9832578125 0.515875 0.033484375 0.19841666666666669