0 0.154015625 0.7113055555555555 0.053570312499999995 0.25198611111111113
0 0.213171875 0.6964305555555556 0.053570312499999995 0.24602777777777776
0 0.3861640625 0.6557499999999999 0.0580390625 0.2202361111111111
0 0.3166484375 0.6701388888888888 0.07275781249999999 0.2189722222222222
0 0.44360156249999994 0.6436666666666666 0.0784921875 0.22461111111111112
0 0.726078125 0.6302083333333334 0.063234375 0.23915277777777777
0 0.8168984375000001 0.6189305555555555 0.0563359375 0.22808333333333333
0 0.5810546875 0.6033055555555555 0.039796874999999995 0.23958333333333334
0 0.5591484375 0.6507916666666667 0.046875 0.28968055555555555
2 0.2762265625 0.43352777777777773 0.072546875 0.14880555555555555
2 0.20257031250000002 0.44245833333333334 0.072546875 0.1428611111111111
2 0.1255546875 0.4543611111111111 0.0770078125 0.14681944444444445
2 0.045203125 0.46626388888888887 0.0770078125 0.15079166666666666
2 0.0463203125 0.6696388888888889 0.083703125 0.1686527777777778
2 0.1322578125 0.6507916666666667 0.083703125 0.16269444444444445
2 0.21875 0.6388888888888888 0.080359375 0.16269444444444445
2 0.299109375 0.6230138888888889 0.080359375 0.15873611111111113
2 0.3777890625 0.6111111111111112 0.0770078125 0.16666666666666666
2 0.458703125 0.5942500000000001 0.080359375 0.1527777777777778
2 0.5362734375 0.5853194444444445 0.0747734375 0.16269444444444445
2 0.615515625 0.5664722222222223 0.0814765625 0.16070833333333331
2 0.325890625 0.8581388888888889 0.0892890625 0.17658333333333334
2 0.415734375 0.8392916666666667 0.088171875 0.1745972222222222
2 0.5033515625 0.8224166666666667 0.0825859375 0.172625
2 0.5887265625 0.810513888888889 0.0859375 0.172625
2 0.674109375 0.7926527777777779 0.0848203125 0.16468055555555555
2 0.759484375 0.7797638888888888 0.083703125 0.1745972222222222
2 0.8443046875 0.7688472222222222 0.083703125 0.1686527777777778
2 0.9296875 0.751986111111111 0.0825859375 0.1745972222222222
2 0.9854921875 0.7440416666666667 0.029015625 0.1745972222222222
2 0.7488828125 0.9831388888888889 0.1026796875 0.03373611111111111
2 0.84765625 0.9781805555555555 0.0903984375 0.043652777777777776
2 0.9430781250000001 0.9692500000000001 0.09375 0.06151388888888889