0 0.14453125 0.5317500000000001 0.0636171875 0.2738055555555555
0 0.2661796875 0.5198472222222222 0.0747734375 0.26190277777777776
0 0.359375 0.5019861111111111 0.055804687500000005 0.26190277777777776
0 0.47321093750000004 0.5039722222222223 0.0669609375 0.24602777777777776
0 0.5440859375 0.4990138888888889 0.0636171875 0.24404166666666668
0 0.702640625 0.46484722222222224 0.0667109375 0.24956944444444445
0 0.7817421875 0.4474861111111111 0.057710937500000004 0.23958333333333334
0 0.6225625 0.47352777777777777 0.0667109375 0.2309027777777778
2 0.36328125 0.3194444444444444 0.083703125 0.16666666666666666
2 0.2762265625 0.327375 0.083703125 0.16269444444444445
2 0.1919609375 0.3373055555555556 0.0825859375 0.16269444444444445
2 0.10491406249999999 0.34425 0.0848203125 0.172625
2 0.029578125 0.34820833333333334 0.056921875 0.1686527777777778
2 0.0390625 0.5317500000000001 0.075890625 0.18254166666666669
2 0.138953125 0.5426527777777778 0.1082578125 0.125
2 0.213171875 0.5079305555555556 0.1026796875 0.1706388888888889
2 0.3097109375 0.5188472222222222 0.099328125 0.13690277777777776
2 0.3989921875 0.48412499999999997 0.10379687500000001 0.16269444444444445
2 0.49664843750000004 0.4702361111111111 0.0892890625 0.16666666666666666
2 0.587609375 0.46031944444444445 0.0903984375 0.16269444444444445
2 0.705359375 0.5218194444444444 0.1339296875 0.07540277777777778
2 0.3588203125 0.702375 0.10379687500000001 0.19444444444444445
2 0.46484375 0.6875 0.1015625 0.19245833333333331
2 0.564734375 0.6736111111111112 0.0982109375 0.19245833333333331
2 0.6646171875 0.6636944444444445 0.099328125 0.18848611111111113
2 0.763953125 0.6498055555555555 0.0971015625 0.1845277777777778
2 0.86328125 0.6388888888888888 0.099328125 0.1904722222222222
2 0.95703125 0.6279722222222222 0.0859375 0.18848611111111113
2 0.7583671875 0.9007916666666668 0.1171875 0.19841666666666669
2 0.8727656250000001 0.8898750000000001 0.11383593750000001 0.20833333333333334
2 0.9665156250000001 0.8819444444444444 0.0669609375 0.21230555555555558