0 0.1629453125 0.6825416666666667 0.075890625 0.18651388888888887
0 0.2276796875 0.6845277777777778 0.060265625 0.21031944444444445
0 0.334265625 0.6745972222222222 0.061382812499999995 0.1904722222222222
0 0.46508593749999994 0.6653611111111111 0.0772109375 0.23525
0 0.4013671875 0.6631944444444444 0.0647578125 0.22569444444444445
0 0.8369140625 0.6006944444444444 0.0831328125 0.15929166666666666
0 0.722171875 0.6276111111111111 0.065859375 0.20681944444444444
0 0.6040078125 0.6349861111111111 0.0582265625 0.2465277777777778
0 0.5558046875 0.6369027777777778 0.075890625 0.2063472222222222
2 0.0418515625 0.6150833333333333 0.0747734375 0.15873611111111113
2 0.1199765625 0.6001944444444445 0.0792421875 0.14880555555555555
2 0.203125 0.5882916666666667 0.0825859375 0.14484722222222224
2 0.2818046875 0.577375 0.0770078125 0.15079166666666666
2 0.3599296875 0.5654722222222222 0.0792421875 0.15079166666666666
2 0.439734375 0.5545694444444444 0.0714296875 0.14880555555555555
2 0.517296875 0.546625 0.083703125 0.14880555555555555
2 0.189734375 0.7995972222222223 0.0892890625 0.16666666666666666
2 0.279015625 0.7837361111111111 0.091515625 0.1706388888888889
2 0.3677421875 0.7698472222222221 0.0859375 0.1706388888888889
2 0.453125 0.7569444444444444 0.0825859375 0.15675
2 0.5379453125 0.7440416666666667 0.080359375 0.1706388888888889
2 0.6222109375 0.7321388888888889 0.0859375 0.1745972222222222
2 0.7042421875 0.7202361111111112 0.080359375 0.16666666666666666
2 0.7846015625 0.7073472222222222 0.080359375 0.16070833333333331
2 0.8694218749999999 0.6964305555555556 0.0825859375 0.16269444444444445
2 0.5658515625 0.9454305555555556 0.0892890625 0.10912499999999999
2 0.6573671875 0.9384861111111111 0.091515625 0.12301388888888888
2 0.7494453125 0.9325416666666666 0.0926328125 0.13491666666666666
2 0.8415156250000001 0.9226249999999999 0.091515625 0.1547638888888889
2 0.9330390625 0.9186527777777778 0.0892890625 0.16269444444444445
2 0.9888359375 0.9146805555555556 0.0223203125 0.1706388888888889