0 0.1674140625 0.7242083333333332 0.053570312499999995 0.24602777777777776
0 0.2293515625 0.7152777777777778 0.056921875 0.24404166666666668
0 0.3403984375 0.7123055555555555 0.049109375 0.24206944444444442
0 0.40736718749999995 0.6884861111111111 0.053570312499999995 0.2301527777777778
0 0.54834375 0.6662361111111111 0.0626796875 0.23351388888888888
0 0.62890625 0.6410555555555556 0.0692734375 0.23676388888888888
0 0.8330078125 0.6384583333333333 0.0571875 0.20258333333333337
0 0.7251015625 0.6510416666666666 0.0582265625 0.2137638888888889
0 0.48158593749999995 0.6785694444444444 0.0546875 0.2301527777777778
2 0.0513359375 0.7271805555555556 0.0870546875 0.13690277777777776
2 0.125 0.703375 0.0825859375 0.14880555555555555
2 0.2098203125 0.6964305555555556 0.0870546875 0.1547638888888889
2 0.295203125 0.6845277777777778 0.083703125 0.1547638888888889
2 0.376671875 0.671625 0.0770078125 0.1527777777777778
2 0.455359375 0.6617083333333333 0.080359375 0.15675
2 0.5362734375 0.6488055555555555 0.0814765625 0.14681944444444445
2 0.6216484375 0.6458333333333334 0.080359375 0.14484722222222224
2 0.6919609375 0.6269861111111111 0.078125 0.14681944444444445
2 0.3621640625 0.8869027777777778 0.088171875 0.1745972222222222
2 0.454796875 0.8710277777777777 0.088171875 0.1745972222222222
2 0.5435234375 0.859125 0.0870546875 0.1745972222222222
2 0.630578125 0.8442500000000001 0.0848203125 0.1686527777777778
2 0.7176328125 0.8363055555555555 0.0848203125 0.1686527777777778
2 0.8041328125 0.8214305555555554 0.088171875 0.16666666666666666
2 0.8900703125 0.8095277777777778 0.083703125 0.1706388888888889
2 0.9659609375 0.8045694444444444 0.068078125 0.172625
2 0.9380546875 0.9801527777777779 0.0926328125 0.03968055555555556