0 0.1749140625 0.6489166666666667 0.068578125 0.1466111111111111
0 0.263453125 0.6396666666666667 0.0703125 0.14043055555555556
0 0.3424453125 0.6358055555555555 0.0633671875 0.14197222222222222
0 0.435328125 0.6188333333333333 0.0789921875 0.15740277777777778
0 0.5147578125 0.6118888888888889 0.0729140625 0.14043055555555556
0 0.5941875 0.6057083333333334 0.0789921875 0.1466111111111111
0 0.6818593749999999 0.5972222222222222 0.072046875 0.1327222222222222
0 0.7599843749999999 0.5933611111111111 0.068578125 0.14351388888888889
2 0.6236953125 0.8888888888888888 0.0946171875 0.16975
2 0.7200546875 0.8796250000000001 0.0928828125 0.16975
2 0.8142343750000001 0.8703749999999999 0.09375 0.16975
2 0.9079843750000001 0.8564861111111111 0.09375 0.17593055555555556
2 0.9778671875 0.853388888888889 0.0442734375 0.18518055555555557