0 0.1958671875 0.6150833333333333 0.1015625 0.234125
0 0.3677421875 0.4107083333333333 0.056921875 0.21031944444444445
0 0.5189765625 0.46825 0.0982109375 0.24206944444444442
0 0.3205546875 0.49045833333333333 0.0628046875 0.21158333333333335
0 0.6489296875 0.5902777777777778 0.10894531249999999 0.23155555555555554
0 0.348390625 0.5590277777777778 0.1019296875 0.18804166666666663
0 0.3322734375 0.3385416666666667 0.035398437500000005 0.14648611111111112
0 0.335203125 0.6931388888888889 0.10089062499999998 0.23004166666666667
2 0.1713203125 0.3511944444444445 0.0435234375 0.1547638888888889
2 0.10379687500000001 0.4642916666666667 0.0357109375 0.16269444444444445
2 0.1768984375 0.4930555555555556 0.0903984375 0.06547222222222222
2 0.193078125 0.44147222222222227 0.091515625 0.05356944444444445
2 0.1333671875 0.5625 0.083703125 0.077375
2 0.0652890625 0.5575416666666667 0.0546875 0.16269444444444445
2 0.0658515625 0.6845277777777778 0.0669609375 0.11904166666666666
2 0.036828125 0.6170694444444444 0.046875 0.1706388888888889