0 0.2433046875 0.7470277777777778 0.1026796875 0.2797638888888889
0 0.21484375 0.6736111111111112 0.0792421875 0.2837361111111111
0 0.263953125 0.3859166666666667 0.0859375 0.21230555555555558
0 0.3582578125 0.4613055555555555 0.080359375 0.25991666666666663
0 0.40625 0.5546944444444445 0.094484375 0.2725694444444444
0 0.43359375 0.36045833333333327 0.0685390625 0.24283333333333335
0 0.5043984375 0.6432361111111111 0.115359375 0.2662777777777778
0 0.5141640625 0.50825 0.0908828125 0.2580277777777778
2 0.0189765625 0.7876944444444445 0.029015625 0.22619444444444448
2 0.053015625 0.7222222222222222 0.036828125 0.21031944444444445
2 0.0870546875 0.6666666666666666 0.033484375 0.2063472222222222
2 0.11774218750000001 0.6170694444444444 0.0278984375 0.19444444444444445
2 0.1478828125 0.5565416666666666 0.0301328125 0.18848611111111113
2 0.1746640625 0.5079305555555556 0.0278984375 0.1904722222222222
2 0.203125 0.44940277777777776 0.0267890625 0.18055555555555555
2 0.23046875 0.4126944444444444 0.025671875 0.1745972222222222
2 0.25390625 0.3640833333333333 0.021203125 0.19643055555555555