0 0.181921875 0.577375 0.080359375 0.2738055555555555
0 0.2734375 0.5595277777777778 0.080359375 0.26587500000000003
0 0.3681640625 0.5277777777777778 0.102296875 0.273875
0 0.5546875 0.5403611111111111 0.0746484375 0.25543055555555555
0 0.6416015625 0.48654166666666665 0.0798984375 0.26844444444444443
0 0.72021875 0.42230555555555555 0.0686640625 0.24783333333333332
0 0.673828125 0.42426388888888894 0.081234375 0.2597638888888889
2 0.0697578125 0.2172638888888889 0.0926328125 0.1686527777777778
2 0.0580390625 0.5248055555555555 0.0892890625 0.19245833333333331
2 0.142859375 0.5 0.078125 0.19444444444444445
2 0.22321093749999998 0.47420833333333334 0.0825859375 0.19444444444444445
2 0.310828125 0.4553611111111111 0.0814765625 0.1845277777777778
2 0.380578125 0.42559722222222224 0.0848203125 0.1845277777777778
2 0.529015625 0.38293055555555555 0.080359375 0.1745972222222222
2 0.49609375 0.7748055555555555 0.0971015625 0.19643055555555555
2 0.5892890625 0.748013888888889 0.0848203125 0.2063472222222222
2 0.674109375 0.7192500000000001 0.0825859375 0.22420833333333334
2 0.7578125 0.6845277777777778 0.075890625 0.21429166666666666
2 0.8370546875 0.6617083333333333 0.075890625 0.20040277777777776
2 0.9202031249999999 0.6448472222222222 0.0792421875 0.2222222222222222
2 0.9810234375 0.6190416666666666 0.0379453125 0.202375