0 0.11551562500000001 0.4027777777777778 0.0636171875 0.24206944444444442
0 0.150109375 0.6458333333333334 0.0703125 0.24008333333333334
0 0.185265625 0.5744027777777778 0.0424140625 0.2043611111111111
0 0.3448671875 0.6190416666666666 0.055804687500000005 0.2301527777777778
0 0.5926328125 0.4107083333333333 0.0424140625 0.2222222222222222
0 0.43774218749999994 0.5967916666666666 0.0960078125 0.23958333333333334
0 0.7744140625 0.49522222222222223 0.0686640625 0.227
0 0.634765625 0.507375 0.0933203125 0.23958333333333334
2 0.44085156249999996 0.40376388888888887 0.0580390625 0.15675
2 0.37890625 0.4265833333333333 0.061382812499999995 0.15873611111111113
2 0.3191953125 0.4484166666666667 0.055804687500000005 0.16269444444444445
2 0.2578125 0.4791666666666667 0.0625 0.16070833333333331
2 0.1925234375 0.5049583333333333 0.0636171875 0.16468055555555555
2 0.1283515625 0.5277777777777778 0.060265625 0.16666666666666666
2 0.0591484375 0.5535694444444444 0.064734375 0.16269444444444445
2 0.013390625 0.5734166666666667 0.0245546875 0.15873611111111113
2 0.0189765625 0.6706388888888889 0.0379453125 0.07143055555555555
2 0.44028906250000005 0.8045694444444444 0.072546875 0.18848611111111113
2 0.51171875 0.7688472222222222 0.068078125 0.18848611111111113
2 0.579796875 0.7370972222222223 0.0636171875 0.18055555555555555
2 0.6450859375 0.7093194444444444 0.064734375 0.17658333333333334
2 0.7098203125 0.6775833333333333 0.060265625 0.17658333333333334
2 0.771203125 0.6517916666666667 0.060265625 0.17658333333333334
2 0.83203125 0.6210277777777777 0.0591484375 0.17856944444444445
2 0.8922968750000001 0.5882916666666667 0.056921875 0.172625
2 0.9536796875 0.5595277777777778 0.0591484375 0.16269444444444445