0 0.2137265625 0.6081388888888889 0.0636171875 0.30754166666666666
0 0.240515625 0.5337361111111112 0.0591484375 0.26190277777777776
0 0.27734375 0.4732083333333333 0.0502265625 0.27181944444444445
0 0.3264140625 0.43468055555555557 0.0685390625 0.27973611111111113
0 0.3723125 0.4095 0.0792265625 0.273
0 0.5600625 0.4466111111111111 0.0935078125 0.26931944444444444
0 0.73584375 0.41601388888888885 0.06634375 0.2756111111111111
0 0.6845703125 0.44031944444444443 0.0739765625 0.25151388888888887
2 0.0792421875 0.171625 0.075890625 0.172625
2 0.0223203125 0.18651388888888887 0.0401796875 0.16666666666666666
2 0.0786796875 0.48412499999999997 0.088171875 0.19841666666666669
2 0.0189765625 0.5089305555555556 0.03125 0.19643055555555555
2 0.1635078125 0.46031944444444445 0.0814765625 0.18651388888888887
2 0.2488828125 0.43352777777777773 0.0848203125 0.17658333333333334
2 0.3275703125 0.41170833333333334 0.0703125 0.18055555555555555
2 0.40289843750000004 0.3819444444444444 0.078125 0.1845277777777778
2 0.482703125 0.3620972222222222 0.0747734375 0.17658333333333334
2 0.5558046875 0.3422638888888889 0.0714296875 0.172625
2 0.454796875 0.7589305555555554 0.088171875 0.20833333333333334
2 0.5463203125 0.7321388888888889 0.088171875 0.202375
2 0.6333671875 0.7093194444444444 0.0814765625 0.2043611111111111
2 0.7176328125 0.6775833333333333 0.0825859375 0.19643055555555555
2 0.8030156249999999 0.6458333333333334 0.0814765625 0.19245833333333331
2 0.8844843750000001 0.6180555555555556 0.0770078125 0.19643055555555555
2 0.9631718749999999 0.5922638888888889 0.0736640625 0.2043611111111111