0 0.1875 0.7281805555555555 0.049109375 0.16269444444444445
0 0.259484375 0.7261944444444445 0.056921875 0.1745972222222222
0 0.3370546875 0.7222222222222222 0.046875 0.1706388888888889
0 0.41294531250000005 0.6994027777777778 0.0714296875 0.16468055555555555
0 0.48828125 0.7004027777777778 0.0479921875 0.1547638888888889
0 0.5591484375 0.6894861111111111 0.055804687500000005 0.172625
0 0.642859375 0.6815416666666666 0.0513359375 0.1686527777777778
0 0.7081484375 0.6706388888888889 0.052453125 0.16666666666666666
0 0.7806953125 0.6617083333333333 0.0435234375 0.172625
2 0.5457578125 0.935513888888889 0.0825859375 0.1289722222222222
2 0.631140625 0.9295694444444444 0.0814765625 0.140875
2 0.713171875 0.9255972222222222 0.0825859375 0.14880555555555555
2 0.7979921875 0.9176527777777779 0.080359375 0.15675
2 0.8794609375 0.9097222222222222 0.0825859375 0.15675
2 0.9614921875 0.9057499999999999 0.0770078125 0.15675