0 0.2215390625 0.7867083333333332 0.12164843750000001 0.33531944444444445
0 0.244421875 0.7192500000000001 0.0714296875 0.31151388888888887
0 0.3403984375 0.671625 0.1294609375 0.30356944444444445
0 0.200890625 0.5178611111111111 0.189734375 0.16269444444444445
0 0.3175234375 0.35615277777777776 0.12164843750000001 0.13690277777777776
0 0.3666328125 0.26587500000000003 0.1171875 0.14681944444444445
2 0.032921875 0.8214305555555554 0.052453125 0.23809722222222224
2 0.0892890625 0.7559583333333333 0.055804687500000005 0.24206944444444442
2 0.1456484375 0.7004027777777778 0.0546875 0.21824999999999997
2 0.1947578125 0.6488055555555555 0.0435234375 0.22619444444444448
2 0.24553906250000002 0.5922638888888889 0.0580390625 0.22420833333333334
2 0.3013359375 0.5327361111111111 0.0513359375 0.20833333333333334
2 0.3487734375 0.48015277777777776 0.0457578125 0.21824999999999997
2 0.3934140625 0.4345277777777778 0.041296875 0.19841666666666669
2 0.43414843750000004 0.3928611111111111 0.0379453125 0.19444444444444445