0 0.1841484375 0.6696388888888889 0.055804687500000005 0.24008333333333334
0 0.24609375 0.6329305555555556 0.0479921875 0.21824999999999997
0 0.372765625 0.6587361111111112 0.0580390625 0.21824999999999997
0 0.3872734375 0.5932499999999999 0.044640625 0.21031944444444445
0 0.6552734375 0.5950555555555556 0.0629296875 0.2105
0 0.4736328125 0.6106805555555556 0.04559375 0.2185277777777778
0 0.8002968750000001 0.5638055555555556 0.052031249999999994 0.231125
0 0.7177734375 0.5824722222222222 0.048671874999999996 0.21223611111111113
0 0.517578125 0.5811666666666666 0.039703125 0.21006944444444445
2 0.3677421875 0.43551388888888887 0.068078125 0.13293055555555555
2 0.298546875 0.44543055555555555 0.0703125 0.13293055555555555
2 0.2589296875 0.5228194444444445 0.10491406249999999 0.04959722222222222
2 0.181921875 0.5277777777777778 0.11160937500000001 0.047625
2 0.087609375 0.4751944444444444 0.0747734375 0.13690277777777776
2 0.0267890625 0.48412499999999997 0.0513359375 0.15079166666666666
2 0.0909609375 0.6835277777777777 0.088171875 0.12102777777777778
2 0.1607109375 0.6478194444444445 0.0825859375 0.14880555555555555
2 0.239953125 0.6319444444444444 0.0691953125 0.14880555555555555
2 0.3119453125 0.6230138888888889 0.0747734375 0.15079166666666666
2 0.3872734375 0.609125 0.0714296875 0.1428611111111111
2 0.474890625 0.6289722222222223 0.099328125 0.09126388888888888
2 0.533484375 0.5853194444444445 0.0736640625 0.1428611111111111
2 0.603234375 0.5724166666666667 0.068078125 0.14484722222222224
2 0.67578125 0.5615138888888889 0.0770078125 0.14681944444444445
2 0.41071093750000004 0.8234166666666667 0.0848203125 0.15873611111111113
2 0.49497656250000005 0.8055555555555556 0.0814765625 0.15873611111111113
2 0.5753359375 0.7946388888888889 0.0792421875 0.1527777777777778
2 0.65234375 0.7787638888888889 0.0747734375 0.1527777777777778
2 0.732140625 0.765875 0.075890625 0.15079166666666666
2 0.8119453125 0.7529722222222222 0.0792421875 0.16070833333333331
2 0.8900703125 0.7400833333333333 0.0770078125 0.1547638888888889
2 0.9653984375 0.7291666666666666 0.0691953125 0.15675
2 0.8018984375 0.9642916666666667 0.088171875 0.07143055555555555
2 0.890625 0.9563472222222222 0.0870546875 0.08730555555555555
2 0.96875 0.9523750000000001 0.0625 0.0952361111111111