0 0.220984375 0.7787638888888889 0.0848203125 0.30356944444444445
0 0.236609375 0.6686527777777778 0.10714062499999999 0.18651388888888887
0 0.34375 0.6597222222222222 0.0892890625 0.27181944444444445
0 0.196984375 0.5267916666666667 0.1752265625 0.172625
0 0.3136171875 0.38491666666666663 0.138390625 0.202375
0 0.37109375 0.3263888888888889 0.0814765625 0.2678611111111111
2 0.1261171875 0.8323472222222221 0.055804687500000005 0.23213888888888887
2 0.1724296875 0.7807499999999999 0.0346015625 0.20040277777777776
2 0.517296875 0.4136944444444445 0.0435234375 0.19643055555555555
2 0.478234375 0.45237499999999997 0.041296875 0.18651388888888887
2 0.435828125 0.5 0.0435234375 0.19841666666666669
2 0.388390625 0.5505972222222222 0.046875 0.2043611111111111
2 0.33984375 0.6120972222222222 0.0390625 0.2162638888888889
2 0.290734375 0.6626944444444445 0.0479921875 0.21824999999999997
2 0.239953125 0.7251944444444445 0.046875 0.2043611111111111