0 0.1668515625 0.5902777777777778 0.0792421875 0.25991666666666663
0 0.2650703125 0.577375 0.0770078125 0.25
0 0.357703125 0.5287638888888888 0.0971015625 0.23213888888888887
0 0.5106015625 0.5595277777777778 0.072546875 0.2777777777777778
0 0.592078125 0.5406805555555556 0.068078125 0.2837361111111111
0 0.6517890625 0.5238055555555555 0.046875 0.28968055555555555
0 0.73046875 0.4970277777777778 0.0658515625 0.29959722222222224
0 0.8063593750000001 0.4990138888888889 0.072546875 0.2956388888888889
2 0.5691953125 0.8541666666666666 0.11160937500000001 0.2202361111111111
2 0.677453125 0.8323472222222221 0.09375 0.20040277777777776
2 0.7728828125 0.8095277777777778 0.0948671875 0.21031944444444445
2 0.8683046875 0.7926527777777779 0.0892890625 0.20040277777777776
2 0.9592656249999999 0.7757916666666668 0.0814765625 0.21031944444444445
2 0.1456484375 0.6577361111111111 0.1104921875 0.16468055555555555
2 0.224328125 0.6170694444444444 0.10491406249999999 0.17856944444444445
2 0.3208671875 0.6001944444444445 0.0903984375 0.1845277777777778
2 0.41350781249999996 0.5833333333333334 0.088171875 0.17856944444444445
2 0.49888281250000005 0.5714305555555556 0.091515625 0.17856944444444445
2 0.3521171875 0.3402777777777778 0.0971015625 0.172625
2 0.1886171875 0.38491666666666663 0.091515625 0.1547638888888889
2 0.0318046875 0.4027777777777778 0.0636171875 0.18651388888888887
2 0.1238828125 0.4732083333333333 0.11160937500000001 0.06151388888888889
2 0.599328125 0.547625 0.0870546875 0.16269444444444445
2 0.7466484375 0.5267916666666667 0.11160937500000001 0.17658333333333334
2 0.0245546875 0.203375 0.044640625 0.17658333333333334