0 0.22265625 0.5357083333333333 0.0814765625 0.1706388888888889
0 0.271765625 0.5376944444444445 0.0479921875 0.2777777777777778
0 0.361328125 0.454 0.0712265625 0.277125
0 0.3247109375 0.48827777777777776 0.0693984375 0.2944861111111111
0 0.42553906250000006 0.41774999999999995 0.0675625 0.2575972222222222
0 0.7836953125 0.36545833333333333 0.0687890625 0.17318055555555556
0 0.7192421875 0.398875 0.0913671875 0.17252777777777778
0 0.601078125 0.4290416666666667 0.0646328125 0.24283333333333335
2 0.0340390625 0.13194444444444445 0.061382812499999995 0.16070833333333331
2 0.0502265625 0.38987499999999997 0.0825859375 0.18055555555555555
2 0.13671875 0.36904166666666666 0.0814765625 0.16666666666666666
2 0.21930468749999998 0.3462361111111111 0.0814765625 0.16468055555555555
2 0.298546875 0.3303611111111111 0.0747734375 0.1686527777777778
2 0.3755546875 0.30852777777777773 0.0747734375 0.1686527777777778
2 0.458703125 0.30059722222222224 0.0892890625 0.18055555555555555
2 0.2706484375 0.6666666666666666 0.0926328125 0.19841666666666669
2 0.36328125 0.6388888888888888 0.0903984375 0.2063472222222222
2 0.453125 0.6081388888888889 0.0825859375 0.19643055555555555
2 0.5401796875 0.5952361111111111 0.0892890625 0.202375
2 0.626671875 0.5654722222222222 0.0792421875 0.19841666666666669
2 0.7109375 0.5456388888888889 0.080359375 0.19841666666666669
2 0.7940859375 0.5208333333333334 0.0792421875 0.19643055555555555
2 0.8755546875 0.49602777777777773 0.0814765625 0.1904722222222222
2 0.9592656249999999 0.46925 0.0814765625 0.19643055555555555
2 0.8426328125 0.9027777777777778 0.1026796875 0.19444444444444445
2 0.9486640625 0.8898750000000001 0.1004453125 0.20833333333333334