0 0.1875 0.7103194444444445 0.064734375 0.21031944444444445
0 0.2684140625 0.703375 0.0479921875 0.2162638888888889
0 0.359375 0.6894861111111111 0.049109375 0.19245833333333331
0 0.40960156249999996 0.6696388888888889 0.0424140625 0.21230555555555558
0 0.8061562500000001 0.625875 0.0533125 0.17556944444444444
0 0.5473671875 0.6597222222222222 0.057796875000000004 0.199875
0 0.6552734375 0.6588611111111111 0.0626796875 0.20540277777777777
0 0.73975 0.6362916666666667 0.0531953125 0.18033333333333335
0 0.494421875 0.6795694444444444 0.049109375 0.2043611111111111
2 0.3515625 0.8363055555555555 0.0848203125 0.15675
2 0.4375 0.8273750000000001 0.080359375 0.15079166666666666
2 0.51953125 0.8164722222222223 0.0792421875 0.15675
2 0.6004453125 0.8055555555555556 0.080359375 0.1547638888888889
2 0.6808046875 0.7976249999999999 0.080359375 0.15873611111111113
2 0.7628359375 0.7847222222222222 0.0770078125 0.14880555555555555
2 0.8426328125 0.7748055555555555 0.080359375 0.1527777777777778
2 0.9224296875 0.7688472222222222 0.0770078125 0.1527777777777778
2 0.9815859375 0.7589305555555554 0.036828125 0.14880555555555555
2 0.665734375 0.9603194444444444 0.0926328125 0.07936111111111112
2 0.8493281250000001 0.9494027777777778 0.0870546875 0.10119444444444445
2 0.9375 0.9444444444444444 0.0892890625 0.1111111111111111
2 0.9916328125 0.9414722222222223 0.0167421875 0.11706944444444445