0 0.0457578125 0.5664722222222223 0.060265625 0.25991666666666663
0 0.2544609375 0.5585277777777777 0.075890625 0.16070833333333331
0 0.3286796875 0.5575416666666667 0.0658515625 0.19841666666666669
0 0.443078125 0.514875 0.0870546875 0.13690277777777776
0 0.53125 0.49106944444444445 0.091515625 0.11706944444444445
0 0.61328125 0.49504166666666666 0.072546875 0.1289722222222222
0 0.69140625 0.49404166666666666 0.072546875 0.14681944444444445
0 0.7963203125 0.4831388888888889 0.083703125 0.10515277777777778
2 0.1830390625 0.6825416666666667 0.0982109375 0.1745972222222222
2 0.2762265625 0.6676527777777778 0.088171875 0.172625
2 0.368859375 0.6537638888888888 0.0971015625 0.17658333333333334
2 0.46149218750000004 0.640875 0.0859375 0.1706388888888889
2 0.5518984375 0.6339305555555556 0.0903984375 0.17658333333333334
2 0.6417421875 0.6230138888888889 0.0848203125 0.16269444444444445
2 0.7310234375 0.6081388888888889 0.0892890625 0.1686527777777778
2 0.8219843750000001 0.6011944444444445 0.0859375 0.16666666666666666
2 0.9123906249999999 0.5902777777777778 0.0903984375 0.172625
2 0.5385078125 0.8680555555555556 0.0971015625 0.19245833333333331
2 0.638390625 0.8561527777777778 0.0982109375 0.19643055555555555
2 0.736609375 0.8224166666666667 0.0982109375 0.14880555555555555
2 0.8353828125 0.8313472222222222 0.0971015625 0.18651388888888887
2 0.9341484375 0.8194444444444444 0.0982109375 0.19444444444444445
2 0.9916328125 0.8125 0.0167421875 0.18848611111111113