0 0.1478828125 0.6111111111111112 0.0770078125 0.24602777777777776
0 0.2042421875 0.5694444444444444 0.053570312499999995 0.2222222222222222
0 0.3599296875 0.5912638888888888 0.068078125 0.2222222222222222
0 0.3744453125 0.41865277777777776 0.0546875 0.21824999999999997
0 0.45200781250000005 0.5704305555555556 0.080359375 0.25595833333333334
0 0.513671875 0.5138888888888888 0.0636015625 0.237625
0 0.679203125 0.49045833333333333 0.08252343749999999 0.24695833333333334
0 0.8081093750000001 0.48306944444444444 0.064515625 0.237625
0 0.6685234375 0.3958333333333333 0.049109375 0.2162638888888889
2 0.10100781249999999 0.23809722222222224 0.0792421875 0.1388888888888889
2 0.0675234375 0.3422638888888889 0.1171875 0.057541666666666665
2 0.5167421875 0.38690277777777776 0.0691953125 0.16269444444444445
2 0.44810156250000005 0.40873611111111113 0.068078125 0.15079166666666666
2 0.381140625 0.42758333333333337 0.0636171875 0.15675
2 0.3359375 0.49404166666666666 0.11160937500000001 0.09126388888888888
2 0.24609375 0.4642916666666667 0.0703125 0.16666666666666666
2 0.1729921875 0.49206944444444445 0.0714296875 0.16269444444444445
2 0.099328125 0.5138888888888888 0.0669609375 0.16666666666666666
2 0.0318046875 0.5426527777777778 0.0546875 0.17658333333333334
2 0.42633593750000004 0.7599166666666667 0.0870546875 0.18651388888888887
2 0.5083671875 0.7311527777777778 0.072546875 0.18055555555555555
2 0.5809140625 0.7083333333333334 0.0703125 0.17856944444444445
2 0.6534609375 0.6795694444444444 0.072546875 0.172625
2 0.7271171875 0.6517916666666667 0.0703125 0.172625
2 0.7974296875 0.6339305555555556 0.068078125 0.18055555555555555
2 0.8688593750000001 0.6081388888888889 0.068078125 0.17658333333333334
2 0.9391718750000001 0.5793611111111111 0.072546875 0.1706388888888889
2 0.9888359375 0.5625 0.0223203125 0.1686527777777778