0 0.178015625 0.5734166666666667 0.0971015625 0.1388888888888889
0 0.3448671875 0.5515833333333333 0.0848203125 0.16666666666666666
0 0.5463203125 0.5515833333333333 0.0903984375 0.13491666666666666
2 0.185265625 0.7192500000000001 0.11160937500000001 0.19643055555555555
2 0.2879453125 0.7004027777777778 0.0870546875 0.1745972222222222
2 0.377234375 0.6865138888888889 0.0848203125 0.17856944444444445
2 0.466515625 0.6755972222222222 0.0848203125 0.172625
2 0.552109375 0.664875 0.087109375 0.16904166666666665
2 0.726984375 0.6435972222222222 0.0885859375 0.17098611111111112
2 0.9272500000000001 0.8523750000000001 0.0995234375 0.18629166666666666
2 0.54325 0.8851111111111111 0.0945546875 0.19376388888888887
2 0.6400703125 0.6547638888888889 0.083703125 0.18254166666666669
2 0.8136171875 0.6299583333333333 0.080359375 0.18055555555555555
2 0.6395078125 0.8789722222222223 0.09375 0.1904722222222222
2 0.7332578125 0.8620972222222223 0.091515625 0.18055555555555555
2 0.8286796875 0.8571388888888889 0.0903984375 0.19444444444444445
2 0.98828125 0.8392916666666667 0.0234375 0.202375
0 0.4497109375 0.563375 0.091734375 0.10758333333333332
0 0.609375 0.5408055555555555 0.0965546875 0.13931944444444444
0 0.6962890625 0.5286527777777777 0.0946640625 0.13172222222222224
0 0.262453125 0.5933194444444444 0.0965546875 0.10758333333333332
0 0.78515625 0.5190972222222222 0.0739765625 0.10661111111111111