0 0.1802421875 0.7708333333333334 0.0814765625 0.3234166666666667
0 0.232703125 0.703375 0.083703125 0.22818055555555555
0 0.3253359375 0.6805555555555556 0.0792421875 0.234125
0 0.368859375 0.5634861111111111 0.1015625 0.12301388888888888
0 0.533484375 0.4761944444444445 0.10491406249999999 0.14681944444444445
0 0.681921875 0.43948611111111113 0.1183046875 0.16468055555555555
2 0.1958671875 0.36606944444444445 0.0703125 0.1686527777777778
2 0.12332812500000001 0.38987499999999997 0.0747734375 0.1686527777777778
2 0.1104921875 0.5119027777777778 0.127234375 0.07143055555555555
2 0.10211718750000001 0.7926527777777779 0.0814765625 0.20833333333333334
2 0.1869453125 0.7569444444444444 0.0903984375 0.19643055555555555
2 0.2734375 0.7271805555555556 0.0825859375 0.18848611111111113
2 0.35546875 0.6914722222222223 0.083703125 0.20040277777777776
2 0.435828125 0.6577361111111111 0.0747734375 0.19643055555555555
2 0.513390625 0.6289722222222223 0.078125 0.19444444444444445
2 0.592078125 0.5992083333333333 0.0770078125 0.1904722222222222
2 0.6668515625 0.5734166666666667 0.072546875 0.19841666666666669
2 0.7388359375 0.547625 0.0691953125 0.1904722222222222
2 0.75390625 0.9722222222222222 0.0859375 0.05555555555555555
2 0.8392890625 0.9494027777777778 0.0892890625 0.10119444444444445
2 0.9274531250000001 0.9285694444444446 0.0825859375 0.1428611111111111
2 0.9854921875 0.9236111111111112 0.029015625 0.1527777777777778