0 0.174109375 0.5863055555555555 0.078125 0.27181944444444445
0 0.26953125 0.5704305555555556 0.072546875 0.27579166666666666
0 0.3716484375 0.5297638888888889 0.0825859375 0.3015833333333333
0 0.7163125 0.41558333333333336 0.055937499999999994 0.23525
0 0.638671875 0.48741666666666666 0.085875 0.27626388888888886
0 0.67578125 0.4245972222222222 0.0479921875 0.26984722222222224
0 0.576453125 0.46925 0.0502265625 0.2361111111111111
0 0.560828125 0.5198472222222222 0.0591484375 0.25397222222222227
2 0.41741406249999996 0.34325 0.0825859375 0.16666666666666666
2 0.271765625 0.3918611111111111 0.088171875 0.17658333333333334
2 0.396203125 0.42559722222222224 0.142859375 0.13293055555555555
2 0.1880546875 0.41170833333333334 0.083703125 0.1845277777777778
2 0.1171875 0.4365138888888889 0.0848203125 0.18651388888888887
2 0.037390625 0.47123611111111113 0.068078125 0.2043611111111111
2 0.388953125 0.7301527777777779 0.0859375 0.202375
2 0.47600781249999996 0.6984166666666667 0.0814765625 0.19841666666666669
2 0.5574765625 0.6755972222222222 0.0814765625 0.19643055555555555
2 0.638390625 0.6438472222222222 0.075890625 0.20040277777777776
2 0.720421875 0.6170694444444444 0.0747734375 0.21031944444444445
2 0.7974296875 0.5962361111111112 0.0703125 0.19643055555555555
2 0.8727656250000001 0.5634861111111111 0.0736640625 0.19444444444444445
2 0.9497734375 0.5367083333333333 0.080359375 0.18848611111111113