0 0.1651796875 0.5952361111111111 0.080359375 0.28570833333333334
0 0.2566953125 0.5833333333333334 0.0691953125 0.28968055555555555
0 0.3604921875 0.546625 0.0848203125 0.2956388888888889
0 0.53515625 0.5486111111111112 0.0636171875 0.25595833333333334
0 0.6010078125 0.5238055555555555 0.052453125 0.297625
0 0.6674140625 0.5188472222222222 0.053570312499999995 0.2797638888888889
0 0.720984375 0.4861111111111111 0.0669609375 0.31348611111111113
0 0.7935234375 0.46031944444444445 0.0714296875 0.297625
2 0.11160937500000001 0.24206944444444442 0.091515625 0.16269444444444445
2 0.061382812499999995 0.33134722222222224 0.1183046875 0.08730555555555555
2 0.0814765625 0.48512500000000003 0.091515625 0.18055555555555555
2 0.0184140625 0.4990138888888889 0.036828125 0.21230555555555558
2 0.1729921875 0.4593194444444444 0.0892890625 0.18055555555555555
2 0.2566953125 0.4444444444444444 0.080359375 0.18651388888888887
2 0.3666328125 0.48512500000000003 0.135046875 0.11706944444444445
2 0.428015625 0.4236111111111111 0.0747734375 0.19245833333333331
2 0.5089296875 0.4047638888888889 0.0870546875 0.1745972222222222
2 0.326453125 0.7232083333333333 0.1082578125 0.20040277777777776
2 0.427453125 0.6984166666666667 0.091515625 0.2222222222222222
2 0.51953125 0.6805555555555556 0.0859375 0.202375
2 0.607703125 0.6607083333333333 0.088171875 0.21031944444444445
2 0.6986640625 0.6448472222222222 0.091515625 0.19444444444444445
2 0.7890625 0.6259861111111111 0.0870546875 0.19245833333333331
2 0.8766718750000001 0.6041666666666666 0.0859375 0.19643055555555555
2 0.9603828125 0.5922638888888889 0.0792421875 0.20040277777777776
2 0.8426328125 0.9325416666666666 0.109375 0.13491666666666666
2 0.94921875 0.921625 0.1015625 0.15675