0 0.174109375 0.7192500000000001 0.055804687500000005 0.21230555555555558
0 0.236046875 0.7281805555555555 0.0435234375 0.18651388888888887
0 0.3191953125 0.7261944444444445 0.046875 0.17856944444444445
0 0.3917421875 0.7013888888888888 0.049109375 0.16468055555555555
0 0.46484375 0.6825416666666667 0.0502265625 0.1547638888888889
0 0.537390625 0.6865138888888889 0.0457578125 0.17856944444444445
0 0.599328125 0.6706388888888889 0.064734375 0.15079166666666666
0 0.69140625 0.6626944444444445 0.0636171875 0.16666666666666666
0 0.7723203125 0.6646805555555555 0.055804687500000005 0.15873611111111113
2 0.49163281249999996 0.9265833333333333 0.0859375 0.14681944444444445
2 0.578125 0.9166666666666666 0.0825859375 0.1547638888888889
2 0.662390625 0.9107083333333333 0.0792421875 0.15079166666666666
2 0.7472109375 0.9007916666666668 0.0814765625 0.15079166666666666
2 0.8270078125 0.8898750000000001 0.078125 0.14880555555555555
2 0.9107109375 0.8839305555555554 0.080359375 0.14880555555555555
2 0.9782343750000001 0.8789722222222223 0.0435234375 0.15079166666666666