0 0.1925234375 0.6805555555555556 0.0747734375 0.2301527777777778
0 0.220984375 0.6190416666666666 0.0848203125 0.1745972222222222
0 0.407921875 0.6795694444444444 0.0502265625 0.24008333333333334
0 0.3761171875 0.5714305555555556 0.091515625 0.15873611111111113
0 0.455359375 0.5882916666666667 0.053570312499999995 0.20040277777777776
0 0.43247656250000005 0.5009861111111111 0.0591484375 0.10912499999999999
0 0.642578125 0.6041666666666666 0.056546874999999996 0.20616666666666666
0 0.6923828125 0.5607638888888888 0.06396874999999999 0.22851388888888888
0 0.7504921875 0.5355972222222222 0.069515625 0.2185277777777778
2 0.015625 0.29662499999999997 0.0267890625 0.140875
2 0.2511171875 0.4365138888888889 0.0691953125 0.1388888888888889
2 0.1847109375 0.44543055555555555 0.0658515625 0.13293055555555555
2 0.138390625 0.5367083333333333 0.10714062499999999 0.06151388888888889
2 0.045203125 0.4791666666666667 0.0703125 0.140875
2 0.3828125 0.4652777777777778 0.109375 0.07341666666666667
2 0.11663281249999999 0.6964305555555556 0.0792421875 0.13095833333333334
2 0.19921875 0.6855138888888889 0.083703125 0.11706944444444445
2 0.2566953125 0.6597222222222222 0.080359375 0.14880555555555555
2 0.3309140625 0.6428611111111111 0.0703125 0.14681944444444445
2 0.3978828125 0.6279722222222222 0.061382812499999995 0.1527777777777778
2 0.46763281250000005 0.6061527777777778 0.075890625 0.14880555555555555
2 0.540734375 0.5922638888888889 0.068078125 0.14880555555555555
2 0.6099296875 0.5793611111111111 0.0703125 0.15079166666666666
2 0.681921875 0.5565416666666666 0.0714296875 0.13690277777777776
2 0.517296875 0.8809583333333333 0.0792421875 0.1706388888888889
2 0.595421875 0.8581388888888889 0.0770078125 0.1686527777777778
2 0.6713203125 0.8373055555555555 0.0703125 0.1706388888888889
2 0.744421875 0.8234166666666667 0.075890625 0.16269444444444445
2 0.8214296875 0.7995972222222223 0.075890625 0.16269444444444445
2 0.8962031250000001 0.7817500000000001 0.0714296875 0.1547638888888889
2 0.9665156250000001 0.7688472222222222 0.0669609375 0.16468055555555555