0 0.1635078125 0.6488055555555555 0.072546875 0.11508333333333333
0 0.2583671875 0.6379027777777778 0.0747734375 0.125
0 0.353796875 0.6279722222222222 0.078125 0.125
0 0.43694531249999996 0.6190416666666666 0.0747734375 0.13095833333333334
0 0.517296875 0.6061527777777778 0.083703125 0.12102777777777778
0 0.6088203125 0.6011944444444445 0.0747734375 0.11508333333333333
0 0.689734375 0.5902777777777778 0.0714296875 0.125
0 0.7801328125 0.5803611111111111 0.0736640625 0.12102777777777778
2 0.635046875 0.8789722222222223 0.095984375 0.18254166666666669
2 0.7338203125 0.8690416666666667 0.0971015625 0.1904722222222222
2 0.8303593749999999 0.8660694444444446 0.09375 0.18848611111111113
2 0.9274531250000001 0.8521805555555556 0.1004453125 0.18848611111111113
2 0.9877265625 0.8452361111111112 0.0245546875 0.18254166666666669