0 0.1707578125 0.6974166666666667 0.0625 0.125
0 0.3214296875 0.6875 0.060265625 0.11309722222222224
0 0.3934140625 0.6825416666666667 0.0747734375 0.13095833333333334
0 0.24767968749999997 0.6927083333333334 0.050992187499999994 0.10427777777777777
0 0.6137734375 0.6558194444444444 0.059203125 0.10052777777777777
0 0.5415078125 0.663625 0.052914062500000004 0.10037499999999999
0 0.7543984375 0.6388888888888888 0.048765625 0.10297222222222223
0 0.46875 0.672625 0.060265625 0.12301388888888888
0 0.681359375 0.6478194444444445 0.0658515625 0.11309722222222224
2 0.564171875 0.8978194444444444 0.0814765625 0.172625
2 0.6473203125 0.8859166666666667 0.080359375 0.172625
2 0.7293515625 0.8759861111111111 0.0792421875 0.16468055555555555
2 0.8125 0.8779722222222222 0.078125 0.17658333333333334
2 0.8928593749999999 0.8640833333333333 0.078125 0.16070833333333331
2 0.9670781249999999 0.8551527777777779 0.0658515625 0.16666666666666666