0 0.1674140625 0.6557499999999999 0.0714296875 0.24801388888888887
0 0.2544609375 0.6269861111111111 0.0669609375 0.25
0 0.3950859375 0.6140833333333333 0.0669609375 0.24404166666666668
0 0.44921875 0.5882916666666667 0.0435234375 0.22420833333333334
0 0.5150703125 0.5674583333333333 0.056921875 0.24206944444444442
0 0.61328125 0.5674583333333333 0.052453125 0.24206944444444442
0 0.673546875 0.5505972222222222 0.056921875 0.25991666666666663
0 0.79296875 0.5257916666666667 0.056921875 0.25397222222222227
2 0.364953125 0.37897222222222227 0.0736640625 0.15873611111111113
2 0.2885078125 0.3879027777777778 0.0792421875 0.15675
2 0.208703125 0.3998055555555556 0.080359375 0.1527777777777778
2 0.1283515625 0.40873611111111113 0.080359375 0.15873611111111113
2 0.045203125 0.4206388888888889 0.0814765625 0.1547638888888889
2 0.0440859375 0.6319444444444444 0.0792421875 0.17658333333333334
2 0.130578125 0.6140833333333333 0.0892890625 0.17658333333333334
2 0.220421875 0.6031805555555556 0.088171875 0.1745972222222222
2 0.3091484375 0.5853194444444445 0.0825859375 0.1745972222222222
2 0.3900703125 0.5734166666666667 0.0792421875 0.1745972222222222
2 0.47767968749999995 0.5595277777777778 0.095984375 0.16666666666666666
2 0.5652890625 0.5446388888888889 0.0770078125 0.1686527777777778
2 0.6400703125 0.5347222222222222 0.072546875 0.172625
2 0.7176328125 0.5208333333333334 0.0825859375 0.172625
2 0.420203125 0.8194444444444444 0.0926328125 0.18651388888888887
2 0.5122734375 0.8055555555555556 0.091515625 0.17856944444444445
2 0.6026796875 0.7857083333333333 0.091515625 0.17856944444444445
2 0.6953125 0.7708333333333334 0.0870546875 0.17658333333333334
2 0.7857109375 0.7569444444444444 0.091515625 0.17658333333333334
2 0.8777890625 0.7430555555555556 0.0926328125 0.1845277777777778
2 0.9631718749999999 0.7331388888888889 0.0736640625 0.18055555555555555
2 0.8671875 0.9742083333333332 0.1026796875 0.051583333333333335
2 0.9603828125 0.9682499999999999 0.0792421875 0.06348611111111112