0 0.2198671875 0.5892916666666667 0.053570312499999995 0.31348611111111113
0 0.27734375 0.5188472222222222 0.052453125 0.24801388888888887
0 0.3356953125 0.484375 0.0668359375 0.2910138888888889
0 0.43481249999999994 0.4095 0.0705546875 0.25455555555555553
0 0.374265625 0.42338888888888887 0.0646328125 0.2482638888888889
0 0.6005859375 0.4466111111111111 0.0867890625 0.2597638888888889
0 0.7783203125 0.4210138888888889 0.07421875 0.2712638888888889
0 0.729984375 0.4411944444444445 0.060421875 0.25281944444444443
2 0.049109375 0.22818055555555555 0.080359375 0.1706388888888889
2 0.1277890625 0.20931944444444445 0.0747734375 0.16468055555555555
2 0.20703125 0.19841666666666669 0.083703125 0.1745972222222222
2 0.0541328125 0.5069444444444444 0.0903984375 0.18848611111111113
2 0.1434140625 0.48115277777777776 0.088171875 0.18848611111111113
2 0.2315859375 0.45734722222222224 0.083703125 0.18055555555555555
2 0.3175234375 0.4345277777777778 0.083703125 0.18254166666666669
2 0.40289843750000004 0.41170833333333334 0.080359375 0.18848611111111113
2 0.482140625 0.3988055555555555 0.078125 0.18254166666666669
2 0.5619453125 0.3779722222222222 0.072546875 0.1845277777777778
2 0.642859375 0.3611111111111111 0.0848203125 0.1745972222222222
2 0.44810156250000005 0.7390833333333333 0.0948671875 0.20833333333333334
2 0.544640625 0.7113055555555555 0.091515625 0.20040277777777776
2 0.6356015625 0.6934583333333334 0.0859375 0.2043611111111111
2 0.7271171875 0.672625 0.088171875 0.19444444444444445
2 0.81640625 0.6428611111111111 0.088171875 0.18651388888888887
2 0.90625 0.6240138888888889 0.0892890625 0.20040277777777776
2 0.9776796875 0.6051527777777778 0.044640625 0.19444444444444445