0 0.19140625 0.734125 0.0479921875 0.19444444444444445
0 0.2578125 0.7182499999999999 0.053570312499999995 0.19841666666666669
0 0.3515625 0.7192500000000001 0.0513359375 0.16070833333333331
0 0.415734375 0.6984166666666667 0.0591484375 0.16666666666666666
0 0.5033515625 0.6954305555555556 0.0580390625 0.172625
0 0.5658515625 0.6825416666666667 0.053570312499999995 0.1706388888888889
0 0.6528984375 0.6765833333333333 0.064734375 0.1745972222222222
0 0.728796875 0.6656805555555556 0.053570312499999995 0.172625
0 0.7974296875 0.6527777777777778 0.0479921875 0.17856944444444445
2 0.5228828125 0.9275833333333333 0.0792421875 0.14484722222222224
2 0.60546875 0.9176527777777779 0.0814765625 0.14880555555555555
2 0.6908515625 0.9097222222222222 0.080359375 0.1527777777777778
2 0.771765625 0.8998055555555555 0.0792421875 0.15675
2 0.8549140625 0.8918611111111111 0.0848203125 0.15675
2 0.9380546875 0.8879027777777777 0.0814765625 0.1527777777777778
2 0.9899531250000001 0.8829305555555556 0.0200859375 0.16269444444444445