0 0.1869453125 0.5902777777777778 0.0703125 0.29959722222222224
0 0.2784609375 0.5803611111111111 0.068078125 0.30754166666666666
0 0.3666328125 0.5337361111111112 0.0591484375 0.32143055555555555
0 0.5630546875 0.4861111111111111 0.11495312499999999 0.13095833333333334
0 0.5658515625 0.38491666666666663 0.0513359375 0.07936111111111112
0 0.62890625 0.46329166666666666 0.056921875 0.2678611111111111
0 0.6746640625 0.4384861111111111 0.0479921875 0.297625
0 0.720984375 0.4166666666666667 0.060265625 0.2777777777777778
2 0.372765625 0.3363055555555555 0.080359375 0.16070833333333331
2 0.228234375 0.37897222222222227 0.0814765625 0.16666666666666666
2 0.1489921875 0.3958333333333333 0.0814765625 0.18055555555555555
2 0.068078125 0.42856944444444445 0.075890625 0.17856944444444445
2 0.0145078125 0.44643055555555555 0.0245546875 0.2063472222222222
2 0.3543515625 0.44543055555555555 0.1261171875 0.077375
2 0.349328125 0.7202361111111112 0.0825859375 0.202375
2 0.43414843750000004 0.6865138888888889 0.075890625 0.19841666666666669
2 0.51171875 0.6597222222222222 0.0792421875 0.20040277777777776
2 0.591515625 0.6319444444444444 0.0825859375 0.19643055555555555
2 0.6690859375 0.6051527777777778 0.072546875 0.19841666666666669
2 0.744421875 0.5793611111111111 0.075890625 0.2063472222222222
2 0.8208671875 0.5505972222222222 0.072546875 0.20040277777777776
2 0.90234375 0.5218194444444444 0.0792421875 0.19841666666666669
2 0.9659609375 0.939486111111111 0.068078125 0.12102777777777778