0 0.1607109375 0.6349166666666667 0.0580390625 0.3293611111111111
0 0.2254453125 0.6051527777777778 0.0580390625 0.34920833333333334
0 0.44028906250000005 0.5853194444444445 0.083703125 0.3452361111111111
0 0.5714296875 0.5129027777777778 0.095984375 0.33134722222222224
0 0.642296875 0.5495972222222222 0.150671875 0.25793055555555555
0 0.5580390625 0.4375 0.055804687500000005 0.33531944444444445
0 0.6434140625 0.3620972222222222 0.052453125 0.18848611111111113
2 0.37109375 0.3154722222222222 0.072546875 0.18651388888888887
2 0.3247734375 0.38293055555555555 0.1450859375 0.13095833333333334
2 0.20257031250000002 0.37698611111111113 0.0792421875 0.2063472222222222
2 0.1222109375 0.4097222222222222 0.0792421875 0.20040277777777776
2 0.072546875 0.5555555555555556 0.1339296875 0.08333333333333333
2 0.388390625 0.8670694444444444 0.0892890625 0.23809722222222224
2 0.47935156250000005 0.8174583333333334 0.0926328125 0.2301527777777778
2 0.572546875 0.7757916666666668 0.09375 0.22619444444444448
2 0.6646171875 0.7261944444444445 0.088171875 0.2301527777777778
2 0.7527890625 0.6914722222222223 0.083703125 0.22818055555555555
2 0.8392890625 0.6448472222222222 0.0848203125 0.2301527777777778
2 0.9268984375 0.6071388888888889 0.0859375 0.234125
2 0.9860468750000001 0.5793611111111111 0.0278984375 0.234125