0 0.1685234375 0.5952361111111111 0.095984375 0.19841666666666669
0 0.2723203125 0.6279722222222222 0.0982109375 0.23213888888888887
0 0.3482109375 0.5684583333333334 0.078125 0.17658333333333334
0 0.4453125 0.6011944444444445 0.095984375 0.234125
0 0.5463203125 0.5892916666666667 0.0792421875 0.2301527777777778
0 0.6177421875 0.5317500000000001 0.0948671875 0.16269444444444445
0 0.7109375 0.5406805555555556 0.0892890625 0.20040277777777776
0 0.786828125 0.5436527777777778 0.0848203125 0.18254166666666669
2 0.49721093749999995 0.875 0.1171875 0.1904722222222222
2 0.603796875 0.8601249999999999 0.091515625 0.18848611111111113
2 0.697546875 0.8501944444444445 0.091515625 0.18848611111111113
2 0.7935234375 0.8452361111111112 0.091515625 0.19841666666666669
2 0.8883906250000001 0.8224166666666667 0.09375 0.18848611111111113
2 0.9698671875 0.8125 0.060265625 0.19245833333333331
2 0.1528984375 0.702375 0.09375 0.17856944444444445
2 0.2611640625 0.7063472222222222 0.1026796875 0.1388888888888889
2 0.3359375 0.6626944444444445 0.0982109375 0.1745972222222222
2 0.43024218750000004 0.6587361111111112 0.0814765625 0.1706388888888889
2 0.5161796875 0.6438472222222222 0.0859375 0.18055555555555555
2 0.60546875 0.6339305555555556 0.0859375 0.19245833333333331
2 0.693640625 0.6279722222222222 0.0792421875 0.19643055555555555
2 0.779015625 0.610125 0.0848203125 0.18055555555555555