0 0.201453125 0.6835277777777777 0.0770078125 0.18848611111111113
0 0.2935234375 0.6815416666666666 0.055804687500000005 0.2043611111111111
0 0.377234375 0.6319444444444444 0.0848203125 0.10515277777777778
0 0.431921875 0.6507916666666667 0.0401796875 0.22619444444444448
0 0.5161171875 0.6532083333333334 0.0646328125 0.19705555555555554
0 0.5693359375 0.6427916666666667 0.051664062499999996 0.21408333333333332
0 0.8364296875000001 0.6085138888888889 0.0653671875 0.199875
0 0.6826171875 0.6254305555555556 0.0831328125 0.16743055555555555
0 0.7719765625 0.5824722222222222 0.0726328125 0.13129166666666667
2 0.23883593749999998 0.765875 0.0848203125 0.1547638888888889
2 0.322546875 0.7539722222222223 0.078125 0.16269444444444445
2 0.404578125 0.7410694444444446 0.0792421875 0.15675
2 0.48549218749999995 0.7321388888888889 0.078125 0.1547638888888889
2 0.5652890625 0.7202361111111112 0.0770078125 0.15079166666666666
2 0.6411796875 0.7123055555555555 0.0792421875 0.15079166666666666
2 0.7198671875 0.7013888888888888 0.075890625 0.15675
2 0.7963203125 0.6954305555555556 0.0747734375 0.1527777777777778
2 0.8744453125 0.6865138888888889 0.0814765625 0.1547638888888889
2 0.55078125 0.921625 0.0859375 0.15675
2 0.638953125 0.9117083333333332 0.0859375 0.15675
2 0.724328125 0.9037638888888889 0.0848203125 0.16070833333333331
2 0.80859375 0.8918611111111111 0.088171875 0.16070833333333331
2 0.8967656249999999 0.8819444444444444 0.088171875 0.1686527777777778
2 0.9709843749999999 0.875 0.0580390625 0.1745972222222222