0 0.23883593749999998 0.810513888888889 0.0736640625 0.31151388888888887
0 0.2533515625 0.7390833333333333 0.0714296875 0.30754166666666666
0 0.3465390625 0.6835277777777777 0.0926328125 0.30754166666666666
0 0.1869453125 0.578375 0.083703125 0.31151388888888887
0 0.2862734375 0.41865277777777776 0.0591484375 0.28570833333333334
0 0.3013359375 0.30654166666666666 0.11160937500000001 0.30754166666666666
2 0.1863828125 0.39384722222222224 0.11383593750000001 0.11706944444444445
2 0.08203125 0.3888888888888889 0.041296875 0.19841666666666669
2 0.0401796875 0.43254166666666666 0.0424140625 0.19841666666666669
2 0.0106015625 0.4732083333333333 0.0189765625 0.20040277777777776
2 0.650109375 0.9017916666666667 0.0346015625 0.19643055555555555
2 0.685265625 0.8492083333333332 0.0357109375 0.21824999999999997
2 0.7221015625 0.7837361111111111 0.0379453125 0.2063472222222222
2 0.760046875 0.7281805555555555 0.0357109375 0.21031944444444445
2 0.794640625 0.6636944444444445 0.03125 0.20833333333333334
2 0.8258906250000001 0.6111111111111112 0.03125 0.21429166666666666
2 0.859375 0.5535694444444444 0.03125 0.2063472222222222
2 0.8889531249999999 0.5009861111111111 0.0278984375 0.20833333333333334
2 0.9185234375 0.44345833333333334 0.029015625 0.19643055555555555