0 0.47265625 0.7420694444444444 0.1328125 0.3373055555555556
0 0.2159609375 0.5625 0.0658515625 0.3194444444444444
0 0.3175234375 0.6388888888888888 0.130578125 0.26984722222222224
0 0.46539843750000004 0.43254166666666666 0.12053906249999999 0.2738055555555555
0 0.6372109375 0.35438888888888886 0.08154687499999999 0.2721388888888889
0 0.29175 0.49740277777777775 0.0556015625 0.296875
0 0.21276562499999999 0.4181805555555555 0.1066875 0.26584722222222223
0 0.560828125 0.3879027777777778 0.0457578125 0.25991666666666663
2 0.2421875 0.2886944444444445 0.046875 0.19245833333333331
2 0.193640625 0.3363055555555555 0.0479921875 0.2202361111111111
2 0.1768984375 0.44643055555555555 0.0859375 0.07540277777777778
2 0.173546875 0.5168611111111111 0.0948671875 0.09722222222222222
2 0.0669609375 0.4821388888888889 0.055804687500000005 0.22619444444444448
2 0.01953125 0.5416666666666666 0.036828125 0.21824999999999997
2 0.739953125 0.8710277777777777 0.0401796875 0.25793055555555555
2 0.779578125 0.7797638888888888 0.036828125 0.23809722222222224
2 0.8175234375 0.7301527777777779 0.036828125 0.24206944444444442
2 0.8532343750000001 0.6745972222222222 0.0346015625 0.2301527777777778
2 0.8861640625 0.6130972222222222 0.029015625 0.234125
2 0.91796875 0.5654722222222222 0.0323671875 0.2301527777777778
2 0.9497734375 0.5029722222222222 0.03125 0.2162638888888889
2 0.98046875 0.4484166666666667 0.0301328125 0.2222222222222222