0 0.1724296875 0.703375 0.0591484375 0.13293055555555555
0 0.24553906250000002 0.6974166666666667 0.060265625 0.12102777777777778
0 0.318078125 0.6894861111111111 0.064734375 0.10912499999999999
0 0.6118203125 0.657125 0.0571875 0.09944444444444443
0 0.395265625 0.6818611111111111 0.058351562499999995 0.09511111111111112
0 0.46753125000000006 0.6723055555555556 0.0549921875 0.09511111111111112
0 0.7543984375 0.6393194444444444 0.04940625 0.10259722222222223
0 0.537390625 0.6607083333333333 0.068078125 0.11904166666666666
0 0.6791328125 0.6498055555555555 0.068078125 0.11309722222222224
2 0.564171875 0.8998055555555555 0.0814765625 0.1686527777777778
2 0.646765625 0.8918611111111111 0.0814765625 0.16070833333333331
2 0.7299140625 0.8809583333333333 0.080359375 0.15873611111111113
2 0.8130546875 0.875 0.0814765625 0.16666666666666666
2 0.8939765625 0.8690416666666667 0.078125 0.16666666666666666
2 0.9670781249999999 0.8620972222222223 0.0658515625 0.16468055555555555