0 0.181359375 0.5446388888888889 0.0636171875 0.25991666666666663
0 0.2550234375 0.5129027777777778 0.0703125 0.2678611111111111
0 0.3956484375 0.5257916666666667 0.068078125 0.297625
0 0.5306953125 0.5327361111111111 0.0792421875 0.30754166666666666
0 0.5502265625 0.46626388888888887 0.075890625 0.24206944444444442
0 0.6199765625 0.44345833333333334 0.072546875 0.25991666666666663
0 0.7025703125 0.45734722222222224 0.0792421875 0.2797638888888889
2 0.0809140625 0.18848611111111113 0.0792421875 0.17856944444444445
2 0.0234375 0.19841666666666669 0.0379453125 0.17856944444444445
2 0.0591484375 0.4375 0.09375 0.1845277777777778
2 0.154578125 0.4206388888888889 0.0948671875 0.1904722222222222
2 0.2449765625 0.40675 0.0814765625 0.18254166666666669
2 0.421875 0.36606944444444445 0.0825859375 0.17658333333333334
2 0.5027890625 0.3472222222222222 0.0792421875 0.1745972222222222
2 0.23883593749999998 0.7162638888888889 0.095984375 0.2063472222222222
2 0.338171875 0.6904722222222222 0.0982109375 0.2063472222222222
2 0.43638281250000005 0.6666666666666666 0.095984375 0.19444444444444445
2 0.5318046875 0.6428611111111111 0.0948671875 0.19444444444444445
2 0.6283515625 0.6269861111111111 0.095984375 0.19841666666666669
2 0.72265625 0.6031805555555556 0.0948671875 0.1904722222222222
2 0.8169609375 0.5843194444444444 0.091515625 0.19245833333333331
2 0.9096015625 0.5605138888888889 0.09375 0.18848611111111113
2 0.9793515625 0.5495972222222222 0.041296875 0.19841666666666669
2 0.7846015625 0.9305555555555556 0.1026796875 0.1388888888888889
2 0.8917421875 0.9146805555555556 0.10714062499999999 0.1706388888888889
2 0.9743281250000001 0.9107083333333333 0.0513359375 0.17856944444444445