0 0.1596015625 0.7420694444444444 0.055804687500000005 0.1388888888888889
0 0.234375 0.734125 0.060265625 0.13491666666666666
0 0.3119453125 0.7311527777777778 0.061382812499999995 0.12102777777777778
0 0.3861640625 0.7162638888888889 0.060265625 0.13491666666666666
0 0.463171875 0.7083333333333334 0.064734375 0.13095833333333334
0 0.5301328125 0.7053611111111111 0.055804687500000005 0.11309722222222224
0 0.6026796875 0.6944444444444444 0.060265625 0.13095833333333334
0 0.6768984375 0.6884861111111111 0.0636171875 0.12698611111111113
0 0.7488828125 0.6775833333333333 0.0669609375 0.12102777777777778
2 0.556921875 0.939486111111111 0.0825859375 0.12102777777777778
2 0.6417421875 0.9305555555555556 0.080359375 0.1388888888888889
2 0.7237734375 0.9285694444444446 0.0792421875 0.1428611111111111
2 0.8069218749999999 0.9255972222222222 0.078125 0.140875
2 0.8895078125 0.9146805555555556 0.0848203125 0.15873611111111113
2 0.9653984375 0.9126944444444445 0.0691953125 0.1547638888888889