0 0.0308125 0.4166666666666667 0.0442734375 0.26543055555555556
0 0.09721874999999999 0.6998472222222222 0.0572890625 0.27931944444444445
0 0.19096875 0.6728333333333333 0.0677109375 0.27161111111111114
0 0.7895 0.5455277777777777 0.08940624999999999 0.25772222222222224
0 0.2661171875 0.6454027777777778 0.067078125 0.25043055555555555
0 0.604984375 0.5750833333333334 0.072875 0.2649722222222222
0 0.3569375 0.6141527777777778 0.0869140625 0.26540277777777777
0 0.6414921875 0.629625 0.0677109375 0.11419444444444445
2 0.3424453125 0.4236111111111111 0.0859375 0.16204166666666667
2 0.029945312499999998 0.4753055555555556 0.05121875 0.16358333333333333
2 0.189234375 0.5355 0.11458593749999998 0.058638888888888886
2 0.029945312499999998 0.6983055555555555 0.0546875 0.17747222222222223
2 0.0950546875 0.6728333333333333 0.0928828125 0.16666666666666666
2 0.189234375 0.6566388888888889 0.0885390625 0.1743888888888889
2 0.27647656249999997 0.6396666666666667 0.08940624999999999 0.17747222222222223
2 0.36632031249999997 0.6288611111111111 0.0868046875 0.17747222222222223
2 0.45442968749999996 0.6141944444444445 0.087671875 0.18209722222222224
2 0.5407968750000001 0.5987638888888889 0.0833359375 0.16666666666666666
2 0.6258671875 0.5887361111111111 0.109375 0.1867222222222222
2 0.7282968750000001 0.5740694444444444 0.0850703125 0.17593055555555556
2 0.39409375 0.8765416666666667 0.1006953125 0.19136111111111112
2 0.492625 0.8626527777777778 0.0963515625 0.1882777777777778
2 0.5868046875 0.8433611111111111 0.09375 0.18363888888888888
2 0.6809921875 0.8263888888888888 0.0911484375 0.19290277777777776
2 0.7734375 0.8109583333333333 0.092015625 0.1867222222222222
2 0.86675 0.7986111111111112 0.0946171875 0.18981944444444443
2 0.9561640625000001 0.7862638888888889 0.0859375 0.18981944444444443