0 0.166296875 0.6765833333333333 0.080359375 0.1706388888888889
0 0.24553906250000002 0.6646805555555555 0.075890625 0.15873611111111113
0 0.3359375 0.6557499999999999 0.080359375 0.1686527777777778
2 0.58984375 0.9087361111111111 0.1082578125 0.18254166666666669
2 0.6908515625 0.8928611111111111 0.0870546875 0.17856944444444445
2 0.78515625 0.8888888888888888 0.0926328125 0.1904722222222222
2 0.8761171875 0.8720277777777778 0.0892890625 0.18848611111111113
2 0.9609375 0.8660694444444446 0.078125 0.19245833333333331
0 0.50146875 0.6410555555555556 0.0629296875 0.13075
0 0.65234375 0.6263055555555556 0.0665859375 0.1391111111111111
0 0.72803125 0.6206666666666667 0.069640625 0.12434722222222222
0 0.5771484375 0.6410555555555556 0.0700703125 0.11555555555555556
0 0.41528124999999994 0.6558194444444444 0.0616484375 0.11794444444444445