0 0.20257031250000002 0.7013888888888888 0.0658515625 0.2202361111111111
0 0.290734375 0.6914722222222223 0.052453125 0.22818055555555555
0 0.3777890625 0.6706388888888889 0.068078125 0.18651388888888887
0 0.423828125 0.6618888888888889 0.049320312500000005 0.231125
0 0.83984375 0.6202222222222222 0.047 0.22352777777777777
0 0.681640625 0.648875 0.0626796875 0.20898611111111112
0 0.5600625 0.6458333333333334 0.055203125 0.21484722222222222
0 0.76171875 0.6158888888888889 0.05996875 0.18445833333333334
0 0.5146484375 0.6631944444444444 0.051851562500000004 0.21744444444444444
2 0.2589296875 0.7767916666666667 0.0848203125 0.16070833333333331
2 0.3403984375 0.765875 0.078125 0.15079166666666666
2 0.421875 0.7559583333333333 0.078125 0.15079166666666666
2 0.502234375 0.7450416666666666 0.0825859375 0.1527777777777778
2 0.5814765625 0.7351249999999999 0.075890625 0.16070833333333331
2 0.66015625 0.7271805555555556 0.0814765625 0.15675
2 0.7388359375 0.7152777777777778 0.075890625 0.1527777777777778
2 0.8175234375 0.7063472222222222 0.0770078125 0.1547638888888889
2 0.8967656249999999 0.6924583333333333 0.0814765625 0.1428611111111111
2 0.568640625 0.9275833333333333 0.083703125 0.14484722222222224
2 0.6596015625 0.9206388888888889 0.0892890625 0.15873611111111113
2 0.7466484375 0.9146805555555556 0.0848203125 0.16269444444444445
2 0.8331484375 0.9037638888888889 0.0859375 0.1686527777777778
2 0.9185234375 0.8978194444444444 0.0870546875 0.1686527777777778
2 0.98046875 0.8879027777777777 0.0390625 0.16070833333333331