2 0.10992968750000001 0.22916666666666666 0.099328125 0.16070833333333331
2 0.068640625 0.33929166666666666 0.1238828125 0.07936111111111112
2 0.0278984375 0.5644861111111111 0.0513359375 0.19643055555555555
2 0.0982109375 0.5367083333333333 0.0848203125 0.20040277777777776
2 0.1863828125 0.5168611111111111 0.078125 0.18055555555555555
2 0.260046875 0.4930555555555556 0.080359375 0.1845277777777778
2 0.357140625 0.47123611111111113 0.095984375 0.15675
2 0.41908593749999995 0.44147222222222227 0.088171875 0.17658333333333334
2 0.5691953125 0.3968194444444444 0.091515625 0.1706388888888889
2 0.541296875 0.8005972222222222 0.0982109375 0.2202361111111111
2 0.6328125 0.7609166666666667 0.0848203125 0.2162638888888889
2 0.716515625 0.7400833333333333 0.0825859375 0.202375
2 0.8046875 0.7182499999999999 0.0848203125 0.202375
2 0.88671875 0.6785694444444444 0.0792421875 0.21429166666666666
2 0.9642890625 0.6507916666666667 0.0714296875 0.21824999999999997
0 0.1802421875 0.5803611111111111 0.061382812499999995 0.29959722222222224
0 0.265625 0.5545694444444444 0.0625 0.27579166666666666
0 0.3699765625 0.5277777777777778 0.061382812499999995 0.29365277777777776
0 0.5558046875 0.5535694444444444 0.053570312499999995 0.2777777777777778
0 0.5848203125 0.4890833333333333 0.064734375 0.2876944444444444
0 0.654578125 0.4761944444444445 0.061382812499999995 0.28968055555555555
0 0.6863828125 0.41865277777777776 0.044640625 0.25793055555555555
0 0.7377265625 0.4156805555555556 0.0625 0.2876944444444444