0 0.1417421875 0.5327361111111111 0.10491406249999999 0.24404166666666668
0 0.23772656250000002 0.5129027777777778 0.0870546875 0.25991666666666663
0 0.3677421875 0.5069444444444444 0.0971015625 0.31151388888888887
0 0.5496640625 0.5277777777777778 0.0658515625 0.3055555555555556
0 0.52734375 0.46329166666666666 0.056921875 0.30754166666666666
0 0.5859375 0.3859166666666667 0.0669609375 0.23213888888888887
0 0.6635078125 0.38095833333333334 0.0703125 0.2301527777777778
2 0.1607109375 0.21031944444444445 0.078125 0.18254166666666669
2 0.0770078125 0.22818055555555555 0.0848203125 0.17856944444444445
2 0.0502265625 0.35218055555555555 0.1004453125 0.08134722222222222
2 0.0580390625 0.5962361111111112 0.095984375 0.20833333333333334
2 0.1612734375 0.5734166666666667 0.0948671875 0.18651388888888887
2 0.2550234375 0.5367083333333333 0.083703125 0.20833333333333334
2 0.37109375 0.5287638888888888 0.11942187500000001 0.15675
2 0.443640625 0.48412499999999997 0.0814765625 0.19444444444444445
2 0.70703125 0.4077361111111111 0.083703125 0.2162638888888889
2 0.623328125 0.4305555555555556 0.0859375 0.2063472222222222
2 0.5943046875 0.8869027777777778 0.0903984375 0.21824999999999997
2 0.6947578125 0.8571388888888889 0.099328125 0.2301527777777778
2 0.794640625 0.8234166666666667 0.095984375 0.2301527777777778
2 0.8956484375 0.7946388888888889 0.099328125 0.22818055555555555
2 0.9737734375 0.7668611111111111 0.052453125 0.2361111111111111