0 0.1674140625 0.7708333333333334 0.0669609375 0.11309722222222224
0 0.2371640625 0.7609166666666667 0.0502265625 0.11706944444444445
0 0.318078125 0.7490138888888889 0.0669609375 0.11706944444444445
0 0.3911796875 0.748013888888889 0.056921875 0.1071388888888889
0 0.46539843750000004 0.7400833333333333 0.060265625 0.0952361111111111
0 0.544640625 0.7281805555555555 0.0691953125 0.11904166666666666
0 0.615515625 0.7232083333333333 0.061382812499999995 0.10912499999999999
0 0.6875 0.7113055555555555 0.0669609375 0.10515277777777778
0 0.7566953125 0.7093194444444444 0.0580390625 0.10119444444444445
2 0.564734375 0.9464305555555554 0.0870546875 0.1071388888888889
2 0.65234375 0.9404722222222222 0.083703125 0.11904166666666666
2 0.7371640625 0.9375 0.0792421875 0.125
2 0.8203125 0.9325416666666666 0.0870546875 0.13491666666666666
2 0.9051328125 0.9295694444444444 0.0848203125 0.140875
2 0.9737734375 0.9275833333333333 0.052453125 0.14484722222222224