0 0.157921875 0.577375 0.0546875 0.24206944444444442
0 0.2589296875 0.5734166666666667 0.0691953125 0.2301527777777778
0 0.3995546875 0.5813472222222222 0.055804687500000005 0.24602777777777776
0 0.3989921875 0.5367083333333333 0.0390625 0.2202361111111111
0 0.5005546875 0.5307499999999999 0.052453125 0.24008333333333334
0 0.591796875 0.5199722222222222 0.0726328125 0.234375
0 0.706546875 0.4743888888888889 0.0491328125 0.2177777777777778
0 0.7783203125 0.46441666666666664 0.046203125 0.217125
0 0.6547890625 0.4908888888888889 0.0542890625 0.2189722222222222
2 0.02734375 0.31448611111111113 0.0457578125 0.14880555555555555
2 0.11495312499999999 0.37102777777777773 0.0982109375 0.043652777777777776
2 0.181359375 0.36508333333333337 0.0926328125 0.03968055555555556
2 0.24944531250000002 0.34920833333333334 0.0903984375 0.03968055555555556
2 0.05078125 0.5218194444444444 0.0747734375 0.1547638888888889
2 0.130578125 0.5049583333333333 0.080359375 0.1527777777777778
2 0.209265625 0.49106944444444445 0.0747734375 0.1527777777777778
2 0.28515625 0.4781805555555556 0.0747734375 0.1547638888888889
2 0.3599296875 0.4623055555555556 0.0703125 0.14681944444444445
2 0.43303906249999996 0.4484166666666667 0.0714296875 0.15079166666666666
2 0.505578125 0.43352777777777773 0.0691953125 0.14880555555555555
2 0.3526796875 0.7192500000000001 0.080359375 0.16468055555555555
2 0.43414843750000004 0.702375 0.0825859375 0.16666666666666666
2 0.5167421875 0.6805555555555556 0.080359375 0.16269444444444445
2 0.59765625 0.6636944444444445 0.0770078125 0.16468055555555555
2 0.6746640625 0.6458333333333334 0.0770078125 0.1686527777777778
2 0.75390625 0.6279722222222222 0.0770078125 0.1686527777777778
2 0.83203125 0.6170694444444444 0.0770078125 0.16666666666666666
2 0.9096015625 0.5982083333333333 0.078125 0.16070833333333331
2 0.9748906249999999 0.5813472222222222 0.0502265625 0.1706388888888889
2 0.8074765625 0.921625 0.0859375 0.15675
2 0.8950859375 0.9117083333333332 0.0870546875 0.17658333333333334
2 0.9693046875 0.8958333333333334 0.061382812499999995 0.1845277777777778