0 0.1456484375 0.6289722222222223 0.130578125 0.13095833333333334
0 0.217078125 0.46626388888888887 0.052453125 0.25
0 0.3130546875 0.5198472222222222 0.1171875 0.12698611111111113
0 0.3364921875 0.8154722222222222 0.061382812499999995 0.3055555555555556
0 0.3637734375 0.6775138888888889 0.11517187499999999 0.2204861111111111
0 0.5654296875 0.5681388888888889 0.10125781250000002 0.2615
0 0.659671875 0.4787361111111111 0.0843515625 0.26887500000000003
0 0.42075781250000005 0.6428611111111111 0.080359375 0.234125
2 0.580359375 0.4890833333333333 0.053570312499999995 0.1686527777777778
2 0.5267890625 0.5317500000000001 0.0513359375 0.18651388888888887
2 0.47377343749999995 0.5724166666666667 0.0546875 0.18055555555555555
2 0.11551562500000001 0.8234166666666667 0.068078125 0.21824999999999997
2 0.181359375 0.7837361111111111 0.0591484375 0.21429166666666666
2 0.2734375 0.7370972222222223 0.0848203125 0.16468055555555555
2 0.3203125 0.6825416666666667 0.0625 0.18254166666666669
2 0.3722109375 0.640875 0.056921875 0.19444444444444445
2 0.424109375 0.6130972222222222 0.044640625 0.19444444444444445