0 0.22600781250000002 0.6021805555555555 0.072546875 0.2876944444444444
0 0.291296875 0.5793611111111111 0.046875 0.28175
0 0.3776875 0.5399305555555556 0.06646875 0.27929166666666666
0 0.6435546875 0.5121527777777778 0.072265625 0.2649722222222222
0 0.42334375 0.50825 0.0720859375 0.2597638888888889
0 0.8217812500000001 0.4895833333333333 0.0642109375 0.26844444444444443
0 0.521203125 0.49206944444444445 0.0691953125 0.2738055555555555
0 0.765625 0.5009861111111111 0.0691953125 0.25595833333333334
2 0.0591484375 0.297625 0.0825859375 0.1745972222222222
2 0.14453125 0.2847222222222222 0.0859375 0.17658333333333334
2 0.22991406250000002 0.27281944444444445 0.080359375 0.16468055555555555
2 0.3136171875 0.2638888888888889 0.0892890625 0.16269444444444445
2 0.0580390625 0.5188472222222222 0.091515625 0.19245833333333331
2 0.1512265625 0.5009861111111111 0.088171875 0.18055555555555555
2 0.2433046875 0.49106944444444445 0.0892890625 0.1845277777777778
2 0.3309140625 0.4732083333333333 0.0859375 0.18848611111111113
2 0.4375 0.5495972222222222 0.1294609375 0.05952777777777778
2 0.506140625 0.44940277777777776 0.0859375 0.1845277777777778
2 0.592078125 0.4365138888888889 0.0792421875 0.18651388888888887
2 0.681921875 0.41170833333333334 0.09375 0.172625
2 0.3588203125 0.7311527777777778 0.099328125 0.21230555555555558
2 0.45814843749999995 0.7103194444444445 0.0948671875 0.21031944444444445
2 0.556359375 0.6944444444444444 0.0926328125 0.2063472222222222
2 0.6517890625 0.672625 0.091515625 0.1904722222222222
2 0.744421875 0.6656805555555556 0.09375 0.19245833333333331
2 0.8381718749999999 0.6478194444444445 0.0870546875 0.20040277777777776
2 0.9302421875 0.6269861111111111 0.0926328125 0.1904722222222222
2 0.9888359375 0.625 0.0223203125 0.21429166666666666
2 0.8219843750000001 0.9255972222222222 0.11495312499999999 0.14880555555555555
2 0.9330390625 0.9186527777777778 0.10491406249999999 0.16269444444444445