0 0.1635078125 0.6517916666666667 0.072546875 0.11309722222222224
0 0.2589296875 0.639875 0.0714296875 0.1289722222222222
0 0.3521171875 0.6259861111111111 0.061382812499999995 0.11706944444444445
0 0.43694531249999996 0.6180555555555556 0.0703125 0.13293055555555555
0 0.5200859375 0.6041666666666666 0.075890625 0.13293055555555555
0 0.611609375 0.6031805555555556 0.0736640625 0.11508333333333333
0 0.6902890625 0.5892916666666667 0.0636171875 0.12301388888888888
0 0.7801328125 0.5803611111111111 0.0714296875 0.12102777777777778
2 0.6339296875 0.8809583333333333 0.09375 0.17856944444444445
2 0.732703125 0.8710277777777777 0.0971015625 0.17856944444444445
2 0.8303593749999999 0.8630972222222222 0.095984375 0.18254166666666669
2 0.9274531250000001 0.8531805555555555 0.095984375 0.18651388888888887
2 0.98828125 0.8482083333333333 0.0234375 0.1845277777777778