2 0.2005234375 0.34954166666666664 0.0694453125 0.16204166666666667
0 0.15103906250000002 0.7391944444444445 0.0711796875 0.3086388888888889
0 0.2348125 0.6975277777777779 0.072046875 0.2777777777777778
0 0.32421875 0.6766944444444445 0.0703125 0.26080555555555557
0 0.35242968750000003 0.6219166666666667 0.09721874999999999 0.28394444444444444
0 0.5716171875 0.527 0.0651015625 0.25772222222222224
0 0.7335078125 0.4583333333333333 0.0989609375 0.19136111111111112
2 0.12456249999999999 0.37345833333333334 0.0807265625 0.16975
2 0.07768749999999999 0.47376388888888893 0.13628125 0.06481944444444444
2 0.0325546875 0.727625 0.0616328125 0.20216666666666666
2 0.11371875000000001 0.6936666666666667 0.095484375 0.20525
2 0.200953125 0.6689861111111112 0.08246875000000001 0.18981944444444443
2 0.283421875 0.647375 0.0859375 0.18981944444444443
2 0.369359375 0.6188333333333333 0.0859375 0.19136111111111112
2 0.455296875 0.5925972222222222 0.0859375 0.18518055555555557
2 0.5499140625 0.5771666666666667 0.0911484375 0.17283333333333334
2 0.6927109375 0.5231527777777778 0.08159374999999999 0.18209722222222224
2 0.6098125 0.5478333333333333 0.08246875000000001 0.19136111111111112
2 0.5859375 0.9305555555555556 0.092015625 0.1388888888888889
2 0.6779531249999999 0.915888888888889 0.092015625 0.16820833333333332
2 0.76953125 0.902 0.08940624999999999 0.18981944444444443
2 0.859375 0.875 0.0868046875 0.20679166666666665
2 0.9470468750000001 0.8464444444444446 0.0850703125 0.19906944444444447