0 0.1847109375 0.6140833333333333 0.0546875 0.21230555555555558
0 0.2684140625 0.6130972222222222 0.0591484375 0.19444444444444445
0 0.3549140625 0.6041666666666666 0.060265625 0.2043611111111111
0 0.421875 0.5992083333333333 0.046875 0.2063472222222222
0 0.5206484375 0.5813472222222222 0.052453125 0.202375
0 0.603234375 0.5734166666666667 0.052453125 0.2063472222222222
0 0.685265625 0.5605138888888889 0.053570312499999995 0.18055555555555555
0 0.7449765625 0.5456388888888889 0.0546875 0.19444444444444445
0 0.8353828125 0.5416666666666666 0.061382812499999995 0.1904722222222222
2 0.41015625 0.7738055555555555 0.0859375 0.16269444444444445
2 0.49497656250000005 0.7589305555555554 0.083703125 0.16070833333333331
2 0.5814765625 0.748013888888889 0.0870546875 0.16269444444444445
2 0.6668515625 0.7370972222222223 0.0814765625 0.16070833333333331
2 0.751671875 0.7261944444444445 0.083703125 0.16269444444444445
2 0.8359375 0.7182499999999999 0.0848203125 0.1547638888888889
2 0.9224296875 0.7142916666666667 0.083703125 0.16269444444444445
2 0.9832578125 0.7043611111111111 0.033484375 0.16269444444444445
2 0.7410703125 0.9315416666666667 0.09375 0.13690277777777776
2 0.8353828125 0.9255972222222222 0.0948671875 0.14880555555555555
2 0.9302421875 0.9206388888888889 0.0926328125 0.15873611111111113
2 0.9888359375 0.9156805555555555 0.0223203125 0.1686527777777778