0 0.1400703125 0.514875 0.11495312499999999 0.2956388888888889
0 0.244421875 0.45734722222222224 0.1183046875 0.24404166666666668
0 0.3482109375 0.4672638888888889 0.0870546875 0.2837361111111111
0 0.640625 0.3928611111111111 0.0580390625 0.2777777777777778
0 0.6953125 0.36706944444444445 0.053570312499999995 0.26190277777777776
0 0.7299140625 0.2916666666666667 0.0982109375 0.19444444444444445
0 0.4575234375 0.453125 0.1052265625 0.28580555555555553
0 0.576171875 0.43772222222222223 0.07934375 0.27518055555555554
2 0.04296875 0.24504166666666669 0.0814765625 0.17658333333333334
2 0.166296875 0.31647222222222227 0.125 0.06151388888888889
2 0.2098203125 0.20536111111111113 0.078125 0.16070833333333331
2 0.0786796875 0.5525833333333333 0.0948671875 0.20040277777777776
2 0.173546875 0.5257916666666667 0.0948671875 0.18651388888888887
2 0.2667421875 0.4970277777777778 0.0892890625 0.19245833333333331
2 0.3565859375 0.47123611111111113 0.0903984375 0.19643055555555555
2 0.44642968749999995 0.45237499999999997 0.0870546875 0.1904722222222222
2 0.6534609375 0.7976249999999999 0.0948671875 0.2301527777777778
2 0.75 0.7638888888888888 0.095984375 0.2222222222222222
2 0.8443046875 0.7331388888888889 0.0903984375 0.21230555555555558
2 0.9425234375 0.7073472222222222 0.099328125 0.21230555555555558