0 0.1830390625 0.5565416666666666 0.0848203125 0.13690277777777776
0 0.2315859375 0.5188472222222222 0.0703125 0.125
0 0.345421875 0.5575416666666667 0.0814765625 0.1388888888888889
0 0.5551796875 0.44531944444444443 0.0850859375 0.058375
0 0.43335156250000006 0.5538194444444444 0.08252343749999999 0.1890138888888889
0 0.794921875 0.3995277777777778 0.055820312500000004 0.088
0 0.5167421875 0.49602777777777773 0.0870546875 0.1111111111111111
0 0.6947578125 0.5049583333333333 0.1015625 0.20833333333333334
0 0.787390625 0.49801388888888887 0.088171875 0.17856944444444445
2 0.130578125 0.2569444444444444 0.075890625 0.13690277777777776
2 0.055804687500000005 0.26984722222222224 0.0714296875 0.1428611111111111
2 0.071984375 0.45337500000000003 0.0770078125 0.15675
2 0.0167421875 0.46329166666666666 0.029015625 0.1845277777777778
2 0.299109375 0.41468055555555555 0.0736640625 0.15079166666666666
2 0.3761171875 0.3998055555555556 0.075890625 0.1527777777777778
2 0.45424218749999995 0.39087500000000003 0.078125 0.15079166666666666
2 0.259484375 0.5059583333333334 0.1104921875 0.047625
2 0.178015625 0.6626944444444445 0.088171875 0.1745972222222222
2 0.2650703125 0.6458333333333334 0.0814765625 0.1686527777777778
2 0.34765625 0.6279722222222222 0.0814765625 0.172625
2 0.43080468749999995 0.6120972222222222 0.080359375 0.1686527777777778
2 0.5111640625 0.5992083333333333 0.078125 0.16666666666666666
2 0.58984375 0.5823472222222222 0.0770078125 0.16070833333333331
2 0.671875 0.5714305555555556 0.078125 0.16269444444444445
2 0.7494453125 0.5555555555555556 0.0747734375 0.16269444444444445
2 0.8275703125 0.5367083333333333 0.0770078125 0.16070833333333331
2 0.579796875 0.8611111111111112 0.0903984375 0.1904722222222222
2 0.670203125 0.8402777777777778 0.088171875 0.18848611111111113
2 0.760046875 0.8214305555555554 0.0870546875 0.18254166666666669
2 0.8493281250000001 0.8025833333333333 0.0892890625 0.1845277777777778
2 0.9375 0.7886944444444445 0.0870546875 0.18055555555555555
2 0.9910703125 0.7817500000000001 0.017859375 0.17856944444444445