0 0.2237734375 0.8035694444444446 0.1417421875 0.3055555555555556
0 0.23492968749999998 0.7182499999999999 0.11495312499999999 0.2777777777777778
0 0.338171875 0.672625 0.125 0.297625
0 0.1830390625 0.5545694444444444 0.10714062499999999 0.2837361111111111
0 0.3046875 0.4107083333333333 0.11383593750000001 0.2738055555555555
0 0.3275703125 0.24206944444444442 0.0703125 0.21031944444444445
2 0.0385078125 0.5505972222222222 0.052453125 0.20833333333333334
2 0.0887265625 0.4930555555555556 0.0457578125 0.20833333333333334
2 0.1356015625 0.4404722222222222 0.0479921875 0.2222222222222222
2 0.181359375 0.38690277777777776 0.0457578125 0.21031944444444445
2 0.743859375 0.9107083333333333 0.036828125 0.17856944444444445
2 0.7818046875 0.8640833333333333 0.036828125 0.23213888888888887
2 0.8214296875 0.8035694444444446 0.0401796875 0.23809722222222224
2 0.8582578125 0.7440416666666667 0.03125 0.2301527777777778
2 0.8934140625 0.6875 0.0346015625 0.21230555555555558
2 0.9268984375 0.6240138888888889 0.0323671875 0.22420833333333334
2 0.9614921875 0.5634861111111111 0.0301328125 0.2063472222222222
2 0.98828125 0.5228194444444445 0.0234375 0.1845277777777778