0 0.1690859375 0.7698472222222221 0.0636171875 0.11904166666666666
0 0.2421875 0.7638888888888888 0.0625 0.1111111111111111
0 0.3197578125 0.7509861111111111 0.0636171875 0.11309722222222224
0 0.3911796875 0.7450416666666666 0.061382812499999995 0.12102777777777778
0 0.46428906249999996 0.734125 0.0691953125 0.1111111111111111
0 0.5440859375 0.7261944444444445 0.0658515625 0.11904166666666666
0 0.6160703125 0.7182499999999999 0.0580390625 0.1071388888888889
0 0.6880546875 0.7123055555555555 0.0658515625 0.10318055555555557
0 0.7622734375 0.7083333333333334 0.0580390625 0.10318055555555557
2 0.5636171875 0.9464305555555554 0.0870546875 0.1071388888888889
2 0.6528984375 0.9404722222222222 0.0848203125 0.11904166666666666
2 0.7354921875 0.9365138888888889 0.0825859375 0.12698611111111113
2 0.8191953125 0.9325416666666666 0.0825859375 0.13491666666666666
2 0.9051328125 0.9265833333333333 0.0848203125 0.14681944444444445
2 0.9743281250000001 0.9245972222222223 0.0513359375 0.15079166666666666