2 0.1417421875 0.49008333333333337 0.0714296875 0.1706388888888889
0 0.1484375 0.7569444444444444 0.091515625 0.2916666666666667
0 0.22210156250000002 0.7152777777777778 0.0669609375 0.2797638888888889
0 0.3091484375 0.6875 0.0625 0.2956388888888889
0 0.364953125 0.6269861111111111 0.080359375 0.297625
0 0.5223203125 0.5327361111111111 0.0825859375 0.25991666666666663
0 0.6902890625 0.47420833333333334 0.072546875 0.24602777777777776
2 0.3755546875 0.4236111111111111 0.0658515625 0.1686527777777778
2 0.3041328125 0.4384861111111111 0.0747734375 0.1547638888888889
2 0.2700859375 0.5317500000000001 0.1160703125 0.08333333333333333
2 0.0636171875 0.5208333333333334 0.080359375 0.18055555555555555
2 0.011164062499999999 0.5456388888888889 0.017859375 0.19444444444444445
2 0.2806953125 0.8501944444444445 0.0814765625 0.2043611111111111
2 0.3666328125 0.8115138888888889 0.0859375 0.19841666666666669
2 0.45257031249999996 0.7787638888888889 0.0859375 0.19643055555555555
2 0.5362734375 0.751986111111111 0.0814765625 0.19444444444444445
2 0.618859375 0.7142916666666667 0.083703125 0.1904722222222222
2 0.7003359375 0.6875 0.0792421875 0.19245833333333331
2 0.7806953125 0.6577361111111111 0.0792421875 0.1845277777777778
2 0.8571406250000001 0.6329305555555556 0.0714296875 0.19444444444444445
2 0.9324765625 0.6051527777777778 0.0703125 0.1904722222222222