0 0.0421015625 0.3402777777777778 0.068578125 0.11573611111111111
0 0.134984375 0.6905833333333333 0.0963515625 0.22684722222222223
0 0.220484375 0.6882777777777778 0.0850703125 0.24383333333333335
0 0.302953125 0.6643472222222222 0.0833359375 0.25154166666666666
0 0.3880234375 0.6373472222222222 0.064234375 0.29320833333333335
0 0.5807265625 0.5655833333333333 0.076390625 0.27005555555555555
0 0.7526015625 0.5355 0.078125 0.2623472222222222
2 0.10677343749999998 0.3125 0.05903125 0.15894444444444444
2 0.056859375000000004 0.5447500000000001 0.0859375 0.17593055555555556
2 0.142796875 0.5300972222222222 0.0859375 0.1743888888888889
2 0.2256953125 0.5115694444444444 0.079859375 0.1743888888888889
2 0.306421875 0.49227777777777776 0.08159374999999999 0.16666666666666666
2 0.388453125 0.47838888888888886 0.084203125 0.16666666666666666
2 0.47221875 0.4652777777777778 0.079859375 0.16820833333333332
2 0.2191875 0.7978333333333334 0.099828125 0.17901388888888886
2 0.314671875 0.7800972222222222 0.0911484375 0.19290277777777776
2 0.404078125 0.7600277777777779 0.08940624999999999 0.1867222222222222
2 0.49478906250000004 0.7368888888888888 0.09375 0.1867222222222222
2 0.5846328125 0.7175972222222222 0.084203125 0.1882777777777778
2 0.6705703125 0.6944444444444444 0.0859375 0.1882777777777778
2 0.7565078125 0.678236111111111 0.087671875 0.18981944444444443
2 0.8428828125000001 0.6597222222222222 0.0850703125 0.18055555555555555
2 0.9283828125 0.6365694444444444 0.084203125 0.1867222222222222
2 0.7252578125 0.9675972222222222 0.1015625 0.06481944444444444
2 0.82465625 0.9544722222222223 0.09375 0.09105555555555556
2 0.9231796875 0.9444444444444444 0.099828125 0.1111111111111111
2 0.9856796875 0.9398194444444444 0.028648437500000002 0.120375