0 0.204796875 0.5853194444444445 0.0546875 0.3055555555555556
0 0.2823671875 0.5436527777777778 0.0625 0.2777777777777778
0 0.3493671875 0.4965277777777778 0.0738515625 0.27518055555555554
0 0.8051796875000001 0.444875 0.057796875000000004 0.27755555555555556
0 0.626953125 0.4774305555555556 0.062226562500000006 0.28341666666666665
0 0.40356249999999994 0.47179166666666666 0.051359375 0.2756111111111111
0 0.4770546875 0.4565972222222222 0.065125 0.27626388888888886
0 0.7555078125 0.4631111111111111 0.058562499999999997 0.2649722222222222
2 0.17578125 0.19643055555555555 0.0948671875 0.1745972222222222
2 0.0931953125 0.19741666666666666 0.0814765625 0.1527777777777778
2 0.0262265625 0.21429166666666666 0.052453125 0.1745972222222222
2 0.059710937500000005 0.44643055555555555 0.088171875 0.1904722222222222
2 0.1484375 0.4245972222222222 0.0848203125 0.18254166666666669
2 0.23492968749999998 0.40873611111111113 0.0814765625 0.1745972222222222
2 0.3191953125 0.3918611111111111 0.0848203125 0.17658333333333334
2 0.404015625 0.37698611111111113 0.078125 0.1745972222222222
2 0.484375 0.35615277777777776 0.075890625 0.16070833333333331
2 0.5669609375 0.34820833333333334 0.0848203125 0.17658333333333334
2 0.3080390625 0.6875 0.109375 0.20040277777777776
2 0.41071093750000004 0.6636944444444445 0.0892890625 0.2043611111111111
2 0.5005546875 0.6418611111111111 0.088171875 0.19643055555555555
2 0.5931953125 0.6180555555555556 0.0859375 0.2043611111111111
2 0.681359375 0.6041666666666666 0.083703125 0.19643055555555555
2 0.771765625 0.5823472222222222 0.0859375 0.20040277777777776
2 0.8588203125 0.5615138888888889 0.083703125 0.2063472222222222
2 0.9469843750000001 0.5376944444444445 0.083703125 0.18254166666666669
2 0.8225468749999999 0.9077361111111112 0.109375 0.1845277777777778
2 0.9296875 0.8978194444444444 0.095984375 0.2043611111111111
2 0.9899531250000001 0.890875 0.0200859375 0.21824999999999997