0 0.2042421875 0.5257916666666667 0.091515625 0.34920833333333334
0 0.263390625 0.5724166666666667 0.21875 0.1686527777777778
0 0.42857031250000005 0.44940277777777776 0.1875 0.172625
0 0.6640625 0.4156805555555556 0.09375 0.2876944444444444
0 0.482703125 0.3759861111111111 0.1417421875 0.14880555555555555
0 0.568640625 0.32241666666666663 0.083703125 0.2162638888888889
0 0.6434140625 0.25793055555555555 0.1171875 0.15079166666666666
0 0.60546875 0.19841666666666669 0.1082578125 0.17856944444444445
2 0.2957578125 0.7261944444444445 0.0669609375 0.25397222222222227
2 0.365515625 0.6646805555555555 0.072546875 0.24206944444444442
2 0.44028906250000005 0.6051527777777778 0.072546875 0.25793055555555555
2 0.5083671875 0.5585277777777777 0.061382812499999995 0.22818055555555555
2 0.57421875 0.5049583333333333 0.068078125 0.22420833333333334
2 0.642296875 0.4484166666666667 0.0636171875 0.22619444444444448
2 0.7578125 0.3541666666666667 0.0580390625 0.23213888888888887
2 0.700890625 0.40873611111111113 0.053570312499999995 0.2301527777777778