0 0.15234375 0.6924583333333333 0.0658515625 0.11508333333333333
0 0.2254453125 0.6894861111111111 0.064734375 0.11706944444444445
0 0.3097109375 0.671625 0.0591484375 0.11706944444444445
0 0.3917421875 0.6666666666666666 0.0736640625 0.12301388888888888
0 0.46763281250000005 0.6557499999999999 0.0580390625 0.11706944444444445
0 0.552453125 0.6488055555555555 0.0669609375 0.11508333333333333
0 0.627234375 0.6418611111111111 0.0625 0.10515277777777778
0 0.6997734375 0.6289722222222223 0.0625 0.1071388888888889
0 0.7806953125 0.6220277777777778 0.061382812499999995 0.10912499999999999
2 0.57421875 0.9037638888888889 0.0903984375 0.16468055555555555
2 0.6640625 0.8938472222222222 0.0848203125 0.16468055555555555
2 0.751671875 0.8849166666666667 0.088171875 0.16666666666666666
2 0.8420781249999999 0.8759861111111111 0.088171875 0.16070833333333331
2 0.9308046875 0.8670694444444444 0.0892890625 0.16269444444444445
2 0.9877265625 0.8611111111111112 0.0245546875 0.16269444444444445