0 0.1870625 0.5115694444444444 0.087671875 0.2175972222222222
0 0.242625 0.7160555555555554 0.099828125 0.24691666666666667
0 0.41275781250000004 0.6103333333333333 0.0477421875 0.23302777777777778
0 0.42882031249999997 0.6257777777777778 0.0711796875 0.22994444444444445
0 0.3489609375 0.7523194444444444 0.138890625 0.1527777777777778
0 0.6514765625 0.7515416666666667 0.08940624999999999 0.2530833333333333
0 0.7044296875 0.5709861111111111 0.0598984375 0.19752777777777777
0 0.6263046875 0.4652777777777778 0.1085078125 0.11883333333333333
0 0.6809921875 0.41975 0.10503124999999999 0.12654166666666666
2 0.1610234375 0.42283333333333334 0.052953125000000004 0.14815277777777777
2 0.11674999999999999 0.4544722222222223 0.0477421875 0.1527777777777778
2 0.0577265625 0.5362638888888889 0.0772578125 0.125
2 0.0729140625 0.4891944444444445 0.04340625 0.15740277777777778
2 0.411890625 0.8510833333333333 0.04253125 0.1867222222222222
2 0.453125 0.8125 0.0381953125 0.18363888888888888
2 0.5381953125 0.7214444444444446 0.0364609375 0.1743888888888889
2 0.5763906249999999 0.6805555555555556 0.0399296875 0.18209722222222224
2 0.6150156250000001 0.6419722222222223 0.03559375 0.17283333333333334
2 0.65234375 0.5987638888888889 0.037328125000000004 0.16666666666666666
2 0.6875 0.5648194444444444 0.032984374999999996 0.16358333333333333
2 0.7209218749999999 0.5370416666666666 0.0321171875 0.16358333333333333