0 0.15625 0.6259861111111111 0.0714296875 0.27181944444444445
0 0.2081484375 0.5892916666666667 0.052453125 0.24206944444444442
0 0.30859375 0.4305555555555556 0.0636171875 0.21824999999999997
0 0.361046875 0.5634861111111111 0.072546875 0.1706388888888889
0 0.5131875 0.5034722222222222 0.0626796875 0.2064861111111111
0 0.655765625 0.35829166666666673 0.0712265625 0.13172222222222224
0 0.46020312499999994 0.5264722222222222 0.056546874999999996 0.14441666666666667
0 0.7939453125 0.418625 0.1240234375 0.125
0 0.679203125 0.453125 0.1066875 0.1391111111111111
2 0.3984375 0.35318055555555555 0.0625 0.15079166666666666
2 0.333703125 0.3720277777777778 0.0580390625 0.1527777777777778
2 0.2650703125 0.3928611111111111 0.0747734375 0.1388888888888889
2 0.2433046875 0.46626388888888887 0.10491406249999999 0.09920833333333334
2 0.1333671875 0.43254166666666666 0.0703125 0.1547638888888889
2 0.0591484375 0.45734722222222224 0.0736640625 0.15675
2 0.3080390625 0.7192500000000001 0.080359375 0.17658333333333334
2 0.3872734375 0.6835277777777777 0.075890625 0.16468055555555555
2 0.4609375 0.6617083333333333 0.0669609375 0.16070833333333331
2 0.53125 0.640875 0.0736640625 0.1745972222222222
2 0.6021171875 0.609125 0.0658515625 0.16666666666666666
2 0.6690859375 0.5853194444444445 0.068078125 0.1706388888888889
2 0.7377265625 0.5625 0.064734375 0.1686527777777778
2 0.8046875 0.5386944444444445 0.0669609375 0.16070833333333331
2 0.8733281249999999 0.5129027777777778 0.068078125 0.16070833333333331
2 0.8755546875 0.9245972222222223 0.0859375 0.15079166666666666
2 0.9609375 0.9117083333333332 0.078125 0.17658333333333334