0 0.1763359375 0.3968194444444444 0.0669609375 0.202375
0 0.1886171875 0.5357083333333333 0.0714296875 0.13095833333333334
0 0.1534609375 0.6379027777777778 0.0792421875 0.2638888888888889
0 0.3353828125 0.6140833333333333 0.068078125 0.24801388888888887
0 0.423546875 0.5873055555555555 0.052453125 0.23809722222222224
0 0.47321093750000004 0.5069444444444444 0.0669609375 0.23213888888888887
0 0.636234375 0.5004305555555556 0.054203125 0.23480555555555555
0 0.6005859375 0.3574166666666666 0.0731796875 0.12869444444444444
0 0.749515625 0.48480555555555555 0.10394531250000001 0.23351388888888888
2 0.142859375 0.2916666666666667 0.0669609375 0.1428611111111111
2 0.0770078125 0.31448611111111113 0.060265625 0.140875
2 0.025671875 0.33431944444444445 0.0401796875 0.15675
2 0.0323671875 0.45337500000000003 0.0625 0.077375
2 0.5943046875 0.44543055555555555 0.061382812499999995 0.14880555555555555
2 0.5284609375 0.4672638888888889 0.0658515625 0.16468055555555555
2 0.47210156249999996 0.4890833333333333 0.055804687500000005 0.16468055555555555
2 0.40960156249999996 0.5138888888888888 0.0625 0.16269444444444445
2 0.3409609375 0.5416666666666666 0.068078125 0.16666666666666666
2 0.275109375 0.5664722222222223 0.061382812499999995 0.16070833333333331
2 0.20647656250000002 0.5892916666666667 0.0714296875 0.1706388888888889
2 0.1356015625 0.6180555555555556 0.0703125 0.16070833333333331
2 0.0831484375 0.6994027777777778 0.1104921875 0.04959722222222222
2 0.599328125 0.8561527777777778 0.0691953125 0.19643055555555555
2 0.669640625 0.8184583333333333 0.0691953125 0.18055555555555555
2 0.740515625 0.7817500000000001 0.068078125 0.18651388888888887
2 0.8091484375 0.7589305555555554 0.0669609375 0.1845277777777778
2 0.8783515625 0.7311527777777778 0.0691953125 0.18848611111111113
2 0.9447578125 0.7004027777777778 0.061382812499999995 0.18254166666666669
2 0.9888359375 0.6825416666666667 0.0223203125 0.1745972222222222