0 0.1489921875 0.5119027777777778 0.0770078125 0.2738055555555555
0 0.2488828125 0.4870972222222222 0.078125 0.2837361111111111
0 0.3487734375 0.4642916666666667 0.0636171875 0.25793055555555555
0 0.46819531249999996 0.4652777777777778 0.083703125 0.2361111111111111
0 0.6752265625 0.3918611111111111 0.0379453125 0.24801388888888887
0 0.5512734375 0.44140277777777776 0.0836171875 0.24566666666666667
0 0.7075234375 0.35220833333333335 0.05340625 0.2580277777777778
0 0.638390625 0.4136944444444445 0.0669609375 0.25595833333333334
2 0.092078125 0.16666666666666666 0.0770078125 0.15873611111111113
2 0.0262265625 0.18055555555555555 0.0479921875 0.15873611111111113
2 0.0184140625 0.4345277777777778 0.036828125 0.19444444444444445
2 0.0825859375 0.4126944444444444 0.0892890625 0.1745972222222222
2 0.252234375 0.3779722222222222 0.0892890625 0.16468055555555555
2 0.3392890625 0.3620972222222222 0.0825859375 0.1686527777777778
2 0.5083671875 0.31845833333333334 0.0792421875 0.16468055555555555
2 0.3705390625 0.6696388888888889 0.095984375 0.20040277777777776
2 0.467078125 0.640875 0.0926328125 0.19444444444444445
2 0.5591484375 0.6180555555555556 0.091515625 0.19643055555555555
2 0.650109375 0.5942500000000001 0.088171875 0.19245833333333331
2 0.7393984375 0.5694444444444444 0.0859375 0.1904722222222222
2 0.8253359375 0.547625 0.083703125 0.19444444444444445
2 0.9123906249999999 0.5248055555555555 0.088171875 0.18848611111111113
2 0.9793515625 0.5119027777777778 0.041296875 0.18254166666666669
2 0.9503359375 0.9097222222222222 0.099328125 0.18055555555555555