0 0.21539843749999998 0.5535694444444444 0.0714296875 0.25
0 0.2689765625 0.5367083333333333 0.053570312499999995 0.2956388888888889
0 0.3231015625 0.4761944444444445 0.0546875 0.29365277777777776
0 0.72265625 0.41948611111111106 0.07666406249999999 0.22765277777777776
0 0.425296875 0.4244861111111111 0.069515625 0.2632361111111111
0 0.779296875 0.4114583333333333 0.0726328125 0.25845833333333335
0 0.60546875 0.45052777777777775 0.0549921875 0.27344444444444443
0 0.3660703125 0.4444444444444444 0.044640625 0.26587500000000003
2 0.046875 0.1379027777777778 0.080359375 0.172625
2 0.0703125 0.3958333333333333 0.0825859375 0.1845277777777778
2 0.15625 0.37301388888888887 0.080359375 0.1706388888888889
2 0.23772656250000002 0.35515277777777776 0.080359375 0.1706388888888889
2 0.3208671875 0.33431944444444445 0.0747734375 0.1686527777777778
2 0.3973203125 0.3194444444444444 0.0736640625 0.1904722222222222
2 0.47600781249999996 0.2956388888888889 0.083703125 0.1706388888888889
2 0.2901796875 0.6745972222222222 0.095984375 0.1904722222222222
2 0.3861640625 0.6418611111111111 0.0892890625 0.19245833333333331
2 0.474890625 0.6230138888888889 0.083703125 0.19444444444444445
2 0.5613828125 0.6021805555555555 0.0870546875 0.18848611111111113
2 0.646765625 0.577375 0.0814765625 0.1904722222222222
2 0.728796875 0.5515833333333333 0.0825859375 0.1904722222222222
2 0.8158515625 0.5248055555555555 0.0848203125 0.19643055555555555
2 0.8995546875 0.5019861111111111 0.080359375 0.18651388888888887
2 0.9709843749999999 0.48412499999999997 0.0580390625 0.1904722222222222
2 0.8666328125 0.9107083333333333 0.10379687500000001 0.17856944444444445
2 0.9603828125 0.8988055555555555 0.0792421875 0.202375