0 0.0848203125 0.5972222222222222 0.091515625 0.3611111111111111
0 0.193640625 0.609125 0.1729921875 0.21031944444444445
0 0.6724296875 0.5585277777777777 0.1238828125 0.34325
0 0.47377343749999995 0.5446388888888889 0.130578125 0.25198611111111113
0 0.5167421875 0.41865277777777776 0.127234375 0.19841666666666669
0 0.428015625 0.3620972222222222 0.11272656249999999 0.25991666666666663
0 0.48325781250000005 0.27579166666666666 0.095984375 0.1428611111111111
2 0.20758593749999998 0.8472222222222222 0.064734375 0.2777777777777778
2 0.2734375 0.7777777777777778 0.0669609375 0.26190277777777776
2 0.33984375 0.7192500000000001 0.0636171875 0.25991666666666663
2 0.40234375 0.6507916666666667 0.056921875 0.26190277777777776
2 0.46038281249999996 0.5922638888888889 0.0591484375 0.25198611111111113
2 0.5167421875 0.5228194444444445 0.049109375 0.25198611111111113
2 0.5669609375 0.4791666666666667 0.049109375 0.24008333333333334
2 0.6177421875 0.42758333333333337 0.0502265625 0.24008333333333334
2 0.66796875 0.3640833333333333 0.0457578125 0.24404166666666668