0 0.21930468749999998 0.5744027777777778 0.0591484375 0.2916666666666667
0 0.275671875 0.5248055555555555 0.0669609375 0.2797638888888889
0 0.3359375 0.4870972222222222 0.055804687500000005 0.30356944444444445
0 0.61084375 0.4548611111111111 0.063234375 0.29015277777777776
0 0.7348671875 0.4427083333333333 0.0790390625 0.2506527777777778
0 0.4477578125 0.42079166666666673 0.0810546875 0.23480555555555555
0 0.784671875 0.42079166666666673 0.058562499999999997 0.2721388888888889
0 0.3889140625 0.42925 0.07159375 0.2506527777777778
2 0.2885078125 0.22619444444444448 0.0859375 0.17856944444444445
2 0.21038281250000002 0.24106944444444445 0.0792421875 0.17658333333333334
2 0.1277890625 0.2569444444444444 0.083703125 0.17658333333333334
2 0.045203125 0.27679166666666666 0.0814765625 0.16468055555555555
2 0.044640625 0.5505972222222222 0.080359375 0.19245833333333331
2 0.1328125 0.5297638888888889 0.0870546875 0.1904722222222222
2 0.22210156250000002 0.5109166666666667 0.0825859375 0.1845277777777778
2 0.306921875 0.4890833333333333 0.080359375 0.19245833333333331
2 0.3934140625 0.4613055555555555 0.083703125 0.19643055555555555
2 0.47991406249999996 0.45237499999999997 0.0825859375 0.18651388888888887
2 0.5613828125 0.43254166666666666 0.080359375 0.18254166666666669
2 0.6411796875 0.4126944444444444 0.0792421875 0.17856944444444445
2 0.7237734375 0.39087500000000003 0.083703125 0.17856944444444445
2 0.53125 0.7837361111111111 0.0982109375 0.2063472222222222
2 0.6300234375 0.75 0.0926328125 0.21429166666666666
2 0.7221015625 0.7331388888888889 0.0870546875 0.21230555555555558
2 0.8158515625 0.7063472222222222 0.091515625 0.2063472222222222
2 0.9056953125 0.6845277777777778 0.0814765625 0.21824999999999997
2 0.9760078125 0.6646805555555555 0.0479921875 0.2222222222222222