0 0.1495546875 0.6686527777777778 0.064734375 0.28968055555555555
0 0.2003359375 0.6418611111111111 0.1395078125 0.140875
0 0.3052421875 0.6428611111111111 0.056921875 0.28175
0 0.3911796875 0.5565416666666666 0.0502265625 0.25595833333333334
0 0.3660703125 0.6130972222222222 0.0401796875 0.26587500000000003
0 0.687015625 0.492625 0.0738515625 0.18804166666666663
0 0.5732421875 0.5329861111111112 0.1070546875 0.17133333333333334
0 0.380578125 0.45337500000000003 0.064734375 0.2162638888888889
0 0.7700859375 0.4672638888888889 0.080359375 0.21230555555555558
2 0.3275703125 0.39781944444444445 0.068078125 0.172625
2 0.255578125 0.4206388888888889 0.0736640625 0.15873611111111113
2 0.18359375 0.44345833333333334 0.072546875 0.15675
2 0.1556953125 0.5525833333333333 0.1283515625 0.077375
2 0.037390625 0.4890833333333333 0.0703125 0.17658333333333334
2 0.232703125 0.7986111111111112 0.088171875 0.19643055555555555
2 0.318078125 0.765875 0.080359375 0.18651388888888887
2 0.3973203125 0.7380972222222222 0.078125 0.1904722222222222
2 0.4765625 0.7093194444444444 0.078125 0.18848611111111113
2 0.553015625 0.6775833333333333 0.072546875 0.18848611111111113
2 0.627234375 0.6547638888888889 0.0736640625 0.18254166666666669
2 0.7003359375 0.6269861111111111 0.072546875 0.18651388888888887
2 0.7734375 0.5952361111111111 0.0714296875 0.18254166666666669
2 0.8471015625 0.5704305555555556 0.0736640625 0.17658333333333334
2 0.8571406250000001 0.9742083333333332 0.0870546875 0.051583333333333335
2 0.9441953125 0.9593194444444445 0.0848203125 0.08134722222222222