0 0.1610234375 0.6466111111111111 0.0703125 0.14815277777777777
0 0.242625 0.634263888888889 0.0616328125 0.13580555555555557
0 0.32075 0.6373472222222222 0.0651015625 0.120375
0 0.400609375 0.6188333333333333 0.05815625 0.129625
0 0.48090625 0.615736111111111 0.0711796875 0.13580555555555557
0 0.5538203125 0.6041666666666666 0.05903125 0.1342638888888889
0 0.6336796875 0.6049444444444444 0.0729140625 0.12345833333333334
0 0.7078984375 0.5941388888888889 0.0651015625 0.12654166666666666
0 0.7782109375 0.5748472222222222 0.0616328125 0.13116666666666665
2 0.5811640625 0.8672777777777778 0.0911484375 0.1605
2 0.6697031250000001 0.8564861111111111 0.084203125 0.17283333333333334
2 0.7556406250000001 0.8472222222222222 0.084203125 0.16666666666666666
2 0.84375 0.8371944444444444 0.0850703125 0.17129166666666668
2 0.9314218750000001 0.8325555555555556 0.0868046875 0.16204166666666667
2 0.9869765625 0.8225277777777779 0.026039062499999998 0.16358333333333333
2 0.9149296874999999 0.9814861111111111 0.0989609375 0.03704166666666667
2 0.9830703125 0.9768472222222223 0.0338515625 0.04629166666666666