0 0.1875 0.6210277777777777 0.064734375 0.21031944444444445
0 0.2806953125 0.6210277777777777 0.061382812499999995 0.2063472222222222
0 0.357140625 0.6001944444444445 0.060265625 0.19245833333333331
0 0.51953125 0.5872361111111111 0.055203125 0.20258333333333337
0 0.604984375 0.5768194444444444 0.062320312499999996 0.20790277777777777
0 0.8374062500000001 0.5503472222222222 0.0477890625 0.19943055555555556
0 0.7504921875 0.5512222222222222 0.058562499999999997 0.1943333333333333
0 0.687015625 0.5703194444444445 0.061312500000000006 0.19575
0 0.42578125 0.5922638888888889 0.0591484375 0.19245833333333331
2 0.43805468750000004 0.7847222222222222 0.0859375 0.16070833333333331
2 0.525671875 0.7757916666666668 0.0848203125 0.16269444444444445
2 0.6121640625 0.7638888888888888 0.083703125 0.15873611111111113
2 0.6981015625 0.7569444444444444 0.0814765625 0.16070833333333331
2 0.7823671875 0.7460277777777777 0.0848203125 0.15873611111111113
2 0.8688593750000001 0.7370972222222223 0.083703125 0.16070833333333331
2 0.9547968750000001 0.7271805555555556 0.088171875 0.16468055555555555
2 0.9581484375 0.9295694444444444 0.083703125 0.140875
2 0.8671875 0.9315416666666667 0.0892890625 0.13690277777777776
2 0.767296875 0.9375 0.0948671875 0.125