0 0.178015625 0.6458333333333334 0.056921875 0.25198611111111113
0 0.2589296875 0.6448472222222222 0.064734375 0.25397222222222227
0 0.3359375 0.6130972222222222 0.0669609375 0.26984722222222224
0 0.44642968749999995 0.6111111111111112 0.0580390625 0.24206944444444442
2 0.22600781250000002 0.7400833333333333 0.1082578125 0.19841666666666669
2 0.328125 0.7212361111111111 0.0848203125 0.172625
2 0.41852343750000004 0.7093194444444444 0.0870546875 0.17658333333333334
2 0.5078125 0.6974166666666667 0.0870546875 0.1845277777777778
2 0.6796875 0.9017916666666667 0.095984375 0.18848611111111113
0 0.5458984375 0.6054722222222222 0.0784921875 0.24240277777777777
0 0.61084375 0.5959166666666667 0.0720859375 0.24240277777777777
0 0.6840859375 0.5885416666666666 0.0642109375 0.24456944444444445
2 0.8565859375 0.6659166666666666 0.086515625 0.1711527777777778
0 0.769046875 0.5807361111111111 0.0731796875 0.24154166666666665
2 0.5943046875 0.6875 0.088171875 0.17658333333333334
2 0.681921875 0.6736111111111112 0.0848203125 0.18055555555555555
2 0.7684140625 0.6646805555555555 0.0859375 0.18254166666666669
2 0.5708671875 0.9156805555555555 0.11942187500000001 0.1686527777777778
2 0.779578125 0.890875 0.0971015625 0.19841666666666669
2 0.8761171875 0.876986111111111 0.0892890625 0.18651388888888887
2 0.9603828125 0.8670694444444444 0.0792421875 0.19841666666666669