0 0.1104921875 0.44643055555555555 0.11383593750000001 0.26587500000000003
0 0.2293515625 0.7301527777777779 0.0792421875 0.28175
0 0.3521171875 0.5585277777777777 0.088171875 0.2361111111111111
0 0.5234375 0.8255277777777777 0.0946640625 0.28580555555555553
0 0.669921875 0.49783333333333335 0.0877109375 0.24197222222222223
0 0.474125 0.7170138888888888 0.1014375 0.26713888888888887
0 0.61328125 0.5720555555555555 0.10894531249999999 0.2662777777777778
0 0.655765625 0.4027777777777778 0.038546875 0.17045833333333335
0 0.470421875 0.6666666666666666 0.0658515625 0.26587500000000003
2 0.4765625 0.5307499999999999 0.1294609375 0.07341666666666667
2 0.075890625 0.8273750000000001 0.046875 0.22619444444444448
2 0.161828125 0.7995972222222223 0.1004453125 0.09920833333333334
2 0.2393984375 0.7986111111111112 0.1082578125 0.10912499999999999
2 0.2806953125 0.7450416666666666 0.1104921875 0.10515277777777778
2 0.2728828125 0.6150833333333333 0.0390625 0.18651388888888887
2 0.424109375 0.4970277777777778 0.044640625 0.1686527777777778
2 0.9017890625 0.9375 0.0357109375 0.125
2 0.9391718750000001 0.9067500000000001 0.036828125 0.18254166666666669
2 0.9748906249999999 0.8660694444444446 0.0323671875 0.20833333333333334