0 0.14713281250000002 0.4837916666666666 0.0703125 0.25772222222222224
0 0.248265625 0.4652777777777778 0.060765625000000004 0.254625
0 0.33203125 0.4483055555555555 0.0616328125 0.2484583333333333
0 0.456546875 0.4548611111111111 0.076296875 0.2450138888888889
0 0.66553125 0.39344444444444443 0.0634765625 0.24045833333333333
0 0.7006875 0.36241666666666666 0.051851562500000004 0.23198611111111112
0 0.604984375 0.40647222222222223 0.0745234375 0.23676388888888888
0 0.5278359375 0.4440138888888889 0.0755625 0.25498611111111114
2 0.024304687499999998 0.21681944444444445 0.046875 0.15894444444444444
2 0.11197656250000002 0.28394444444444444 0.11458593749999998 0.04629166666666666
2 0.16536718749999998 0.20833333333333334 0.0772578125 0.1327222222222222
2 0.03125 0.41975 0.05903125 0.17283333333333334
2 0.10546875 0.40431944444444445 0.087671875 0.17283333333333334
2 0.19400781250000002 0.3919722222222223 0.0859375 0.16975
2 0.27734375 0.3773194444444445 0.0807265625 0.165125
2 0.40625 0.44290277777777776 0.109375 0.04938888888888889
2 0.5017343750000001 0.4074027777777778 0.03471875 0.03086111111111111
2 0.3203125 0.6288611111111111 0.09721874999999999 0.18981944444444443
2 0.416234375 0.6049444444444444 0.0928828125 0.18209722222222224
2 0.5065078125 0.5887361111111111 0.087671875 0.18363888888888888
2 0.5941875 0.571763888888889 0.0859375 0.18981944444444443
2 0.6822890625 0.553236111111111 0.0885390625 0.18363888888888888
2 0.76953125 0.5331805555555555 0.084203125 0.17747222222222223
2 0.8563359374999999 0.5185138888888888 0.0859375 0.17901388888888886
2 0.9431406250000001 0.49922222222222223 0.08246875000000001 0.18055555555555555
2 0.7994765625 0.8557083333333334 0.10416406250000002 0.2145
2 0.9040781250000001 0.8333333333333334 0.103296875 0.20370833333333332
2 0.9782968750000001 0.8171250000000001 0.04340625 0.2145