0 0.5502265625 0.7539722222222223 0.127234375 0.28570833333333334
0 0.228234375 0.4077361111111111 0.150671875 0.17658333333333334
0 0.2739921875 0.5486111111111112 0.1372734375 0.17658333333333334
0 0.337609375 0.46925 0.088171875 0.16070833333333331
0 0.3794609375 0.6795694444444444 0.12053906249999999 0.2837361111111111
0 0.46763281250000005 0.44741666666666663 0.10714062499999999 0.2638888888888889
0 0.5396171875 0.39781944444444445 0.0814765625 0.25595833333333334
0 0.6121640625 0.3680555555555556 0.0703125 0.2797638888888889
2 0.40513281250000005 0.33929166666666666 0.0357109375 0.19444444444444445
2 0.16015625 0.7936527777777778 0.0346015625 0.25
2 0.1953125 0.7192500000000001 0.0401796875 0.24008333333333334
2 0.23102343749999998 0.6498055555555555 0.0357109375 0.24008333333333334
2 0.3599296875 0.4126944444444444 0.0346015625 0.21429166666666666