0 0.5926328125 0.7797638888888888 0.0736640625 0.32540277777777776
0 0.3956484375 0.6835277777777777 0.0591484375 0.2837361111111111
0 0.2606015625 0.6071388888888889 0.099328125 0.29365277777777776
0 0.21149218749999998 0.4196388888888889 0.083703125 0.13690277777777776
0 0.32421875 0.5317500000000001 0.1171875 0.297625
0 0.4765625 0.46825 0.0625 0.28968055555555555
0 0.5278984375 0.3888888888888889 0.055804687500000005 0.2301527777777778
0 0.618859375 0.3620972222222222 0.10379687500000001 0.2638888888888889
2 0.2801328125 0.3333333333333333 0.03125 0.19841666666666669
2 0.24944531250000002 0.39781944444444445 0.0323671875 0.20833333333333334
2 0.0379453125 0.7807499999999999 0.0401796875 0.2678611111111111
2 0.0770078125 0.7142916666666667 0.0379453125 0.24602777777777776
2 0.10992968750000001 0.6488055555555555 0.0278984375 0.25397222222222227
2 0.142859375 0.5972222222222222 0.0357109375 0.2222222222222222
2 0.1752265625 0.5386944444444445 0.03125 0.20833333333333334