0 0.208703125 0.6478194444444445 0.060265625 0.30356944444444445
0 0.275109375 0.6388888888888888 0.0636171875 0.26984722222222224
0 0.3738828125 0.6031805555555556 0.0625 0.28968055555555555
0 0.5297890625 0.5629305555555556 0.085390625 0.24695833333333334
0 0.7446328125 0.5681388888888889 0.0673203125 0.24609722222222222
0 0.6313515625 0.5724861111111111 0.09753125 0.26584722222222223
0 0.43774218749999994 0.5915833333333333 0.07159375 0.2756111111111111
0 0.8256875000000001 0.5568611111111111 0.0667109375 0.2712638888888889
2 0.11551562500000001 0.6636944444444445 0.099328125 0.1845277777777778
2 0.212609375 0.6517916666666667 0.0903984375 0.1845277777777778
2 0.3035703125 0.640875 0.09375 0.18254166666666669
2 0.396203125 0.6259861111111111 0.091515625 0.1845277777777778
2 0.489953125 0.6170694444444444 0.0892890625 0.17856944444444445
2 0.5775703125 0.6001944444444445 0.088171875 0.18055555555555555
2 0.66796875 0.5892916666666667 0.088171875 0.18651388888888887
2 0.759484375 0.5803611111111111 0.0903984375 0.18055555555555555
2 0.8487734375 0.5654722222222222 0.088171875 0.1745972222222222
2 0.474328125 0.8501944444444445 0.0982109375 0.20040277777777776
2 0.5775703125 0.8363055555555555 0.0948671875 0.2043611111111111
2 0.6763359375 0.8224166666666667 0.09375 0.20040277777777776
2 0.7734375 0.814486111111111 0.1004453125 0.19643055555555555
2 0.8733281249999999 0.7946388888888889 0.0971015625 0.18848611111111113
2 0.9609375 0.7847222222222222 0.078125 0.18848611111111113
2 0.9815859375 0.9732083333333333 0.036828125 0.05356944444444445
2 0.9073671875 0.9811527777777778 0.1160703125 0.03769444444444445