0 0.1668515625 0.6557499999999999 0.0859375 0.1527777777777778
0 0.2589296875 0.6379027777777778 0.075890625 0.1527777777777778
0 0.34765625 0.6240138888888889 0.0792421875 0.15675
0 0.42689843749999995 0.6160694444444444 0.0770078125 0.1686527777777778
0 0.5146484375 0.61675 0.069515625 0.11555555555555556
0 0.67334375 0.5959166666666667 0.06371875 0.11555555555555556
0 0.753421875 0.5885416666666666 0.063046875 0.11447222222222223
0 0.599125 0.6054722222222222 0.059664062500000004 0.11241666666666666
2 0.6138359375 0.8799583333333334 0.11160937500000001 0.20040277777777776
2 0.7198671875 0.8710277777777777 0.09375 0.17856944444444445
2 0.8158515625 0.8601249999999999 0.091515625 0.1845277777777778
2 0.9107109375 0.8492083333333332 0.095984375 0.1904722222222222
2 0.98046875 0.8392916666666667 0.0390625 0.1904722222222222