0 0.12109375 0.46626388888888887 0.088171875 0.18254166666666669
0 0.23046875 0.46329166666666666 0.0770078125 0.1527777777777778
0 0.3203125 0.43948611111111113 0.064734375 0.18848611111111113
0 0.42242968750000004 0.44643055555555555 0.0770078125 0.18254166666666669
0 0.5184140625 0.4305555555555556 0.0703125 0.17856944444444445
0 0.6220703125 0.4270833333333333 0.07825 0.1668888888888889
0 0.7192421875 0.42230555555555555 0.081234375 0.16569444444444445
0 0.81640625 0.42209722222222223 0.0713515625 0.14725
2 0.5479921875 0.7013888888888888 0.1160703125 0.19643055555555555
2 0.6629453125 0.6904722222222222 0.11160937500000001 0.202375
2 0.775671875 0.6815416666666666 0.10714062499999999 0.20040277777777776
2 0.8861640625 0.672625 0.109375 0.2063472222222222
2 0.9715390625 0.6646805555555555 0.056921875 0.2063472222222222
2 0.8989921875 0.8948472222222221 0.1261171875 0.21031944444444445
2 0.9827031249999999 0.890875 0.0346015625 0.21824999999999997