0 0.220421875 0.6111111111111112 0.2020078125 0.16269444444444445
0 0.1830390625 0.5337361111111112 0.12276562499999999 0.202375
0 0.5083671875 0.5892916666666667 0.1082578125 0.3333333333333333
0 0.6099296875 0.5138888888888888 0.0859375 0.3333333333333333
0 0.7293515625 0.6120972222222222 0.10602343750000001 0.38293055555555555
0 0.56640625 0.36012500000000003 0.1596015625 0.18848611111111113
0 0.638390625 0.3154722222222222 0.078125 0.13095833333333334
2 0.10714062499999999 0.8164722222222223 0.0825859375 0.25991666666666663
2 0.1919609375 0.7450416666666666 0.0848203125 0.25991666666666663
2 0.2739921875 0.6904722222222222 0.0770078125 0.25
2 0.3504453125 0.640875 0.0736640625 0.234125
2 0.47544531250000005 0.6954305555555556 0.1495546875 0.10912499999999999
2 0.7025703125 0.40079166666666666 0.056921875 0.234125
2 0.638953125 0.4444444444444444 0.068078125 0.23809722222222224
2 0.56640625 0.4970277777777778 0.0703125 0.22420833333333334
2 0.5 0.5446388888888889 0.064734375 0.22818055555555555