0 0.1886171875 0.6200416666666667 0.12276562499999999 0.17658333333333334
0 0.166296875 0.6299583333333333 0.0625 0.27181944444444445
0 0.3052421875 0.610125 0.056921875 0.25595833333333334
0 0.46484375 0.4930555555555556 0.0502265625 0.24801388888888887
0 0.38428125 0.579 0.0699453125 0.26193055555555556
0 0.5791015625 0.5134583333333333 0.090390625 0.16330555555555556
0 0.69921875 0.4934861111111111 0.0745234375 0.19466666666666665
0 0.7876015625 0.48568055555555556 0.076296875 0.21300000000000002
0 0.41675000000000006 0.5251805555555555 0.063109375 0.199875
2 0.388953125 0.40079166666666666 0.072546875 0.15873611111111113
2 0.3152890625 0.4245972222222222 0.072546875 0.16666666666666666
2 0.239953125 0.4365138888888889 0.075890625 0.1706388888888889
2 0.1629453125 0.46031944444444445 0.078125 0.1706388888888889
2 0.084265625 0.4821388888888889 0.0792421875 0.1706388888888889
2 0.0239921875 0.4970277777777778 0.0435234375 0.1845277777777778
2 0.2120546875 0.7609166666666667 0.09375 0.18848611111111113
2 0.3002265625 0.7331388888888889 0.0825859375 0.1845277777777778
2 0.3839296875 0.7053611111111111 0.0848203125 0.1845277777777778
2 0.46763281250000005 0.6845277777777778 0.080359375 0.18254166666666669
2 0.549109375 0.6577361111111111 0.075890625 0.18055555555555555
2 0.6277890625 0.6349166666666667 0.0770078125 0.18651388888888887
2 0.703125 0.6130972222222222 0.078125 0.18254166666666669
2 0.7818046875 0.5922638888888889 0.0770078125 0.172625
2 0.8616093749999999 0.5714305555555556 0.080359375 0.16269444444444445
2 0.84765625 0.9335277777777777 0.0859375 0.13293055555555555
2 0.9369453125 0.9226249999999999 0.088171875 0.1547638888888889