0 0.171875 0.7129583333333334 0.0677109375 0.2808611111111111
0 0.2430546875 0.6959861111111111 0.0711796875 0.2808611111111111
0 0.34288281249999997 0.6774722222222221 0.07465625000000001 0.2777777777777778
0 0.390625 0.6373472222222222 0.09721874999999999 0.27469444444444446
0 0.5985234375 0.5385833333333333 0.06684375000000001 0.21295833333333336
0 0.78515625 0.4907361111111111 0.115453125 0.16358333333333333
2 0.306421875 0.39737500000000003 0.076390625 0.165125
2 0.2291640625 0.4166666666666667 0.078125 0.16975
2 0.14974218749999998 0.4259305555555556 0.084203125 0.16975
2 0.06596874999999999 0.4467638888888889 0.08159374999999999 0.17129166666666668
2 0.013453125 0.45911111111111114 0.0234375 0.16820833333333332
2 0.05815625 0.728388888888889 0.095484375 0.18518055555555557
2 0.15234375 0.7044722222222223 0.0946171875 0.18981944444444443
2 0.2430546875 0.6859583333333333 0.0850703125 0.1867222222222222
2 0.33159375 0.6605 0.09028125000000001 0.18209722222222224
2 0.41927343749999996 0.6404305555555556 0.0833359375 0.17901388888888886
2 0.5013046875 0.6195972222222222 0.0859375 0.18363888888888888
2 0.5920156249999999 0.6033888888888889 0.0850703125 0.1882777777777778
2 0.6701406249999999 0.5841111111111111 0.08159374999999999 0.1743888888888889
2 0.7517343750000001 0.5663611111111111 0.08159374999999999 0.17283333333333334
2 0.5546875 0.9259305555555555 0.09721874999999999 0.14815277777777777
2 0.6514765625 0.9143472222222223 0.0946171875 0.17129166666666668
2 0.7447890625 0.8981527777777777 0.092015625 0.19444444444444445
2 0.8372421875 0.8811666666666668 0.0928828125 0.2006111111111111
2 0.9314218750000001 0.8580277777777777 0.09375 0.2006111111111111
2 0.98828125 0.8487638888888889 0.0234375 0.19752777777777777