0 0.1690859375 0.6458333333333334 0.072546875 0.2638888888888889
0 0.2544609375 0.639875 0.053570312499999995 0.25198611111111113
0 0.46484375 0.6171944444444445 0.0805078125 0.24456944444444445
0 0.3493671875 0.6115416666666667 0.0625625 0.26411111111111113
0 0.55859375 0.6002638888888889 0.06396874999999999 0.24869444444444444
0 0.6196328125 0.5985277777777778 0.0551171875 0.23806944444444444
0 0.780765625 0.5646666666666667 0.0581328125 0.23958333333333334
0 0.7006875 0.57075 0.050234375 0.2580277777777778
2 0.3169609375 0.7817500000000001 0.11160937500000001 0.1904722222222222
2 0.42132031249999996 0.7648750000000001 0.0903984375 0.18055555555555555
2 0.515625 0.7450416666666666 0.0892890625 0.18055555555555555
2 0.603234375 0.7410694444444446 0.0948671875 0.18848611111111113
2 0.69921875 0.7192500000000001 0.0903984375 0.19643055555555555
2 0.7890625 0.7113055555555555 0.0870546875 0.172625
2 0.87890625 0.6974166666666667 0.088171875 0.18055555555555555
2 0.9642890625 0.6855138888888889 0.0714296875 0.1845277777777778
2 0.9296875 0.9255972222222222 0.1026796875 0.14880555555555555
2 0.9910703125 0.9196388888888889 0.017859375 0.16070833333333331
2 0.8236640625 0.9335277777777777 0.0982109375 0.13293055555555555
2 0.7215390625 0.9404722222222222 0.10379687500000001 0.11904166666666666
2 0.1590390625 0.5744027777777778 0.0948671875 0.172625
2 0.2505546875 0.5595277777777778 0.083703125 0.1745972222222222
2 0.3364921875 0.547625 0.083703125 0.17856944444444445
2 0.41852343750000004 0.5416666666666666 0.075890625 0.17856944444444445
2 0.5050234375 0.5327361111111111 0.088171875 0.17658333333333334
2 0.5948671875 0.515875 0.0892890625 0.16666666666666666