0 0.17621875 0.5918194444444445 0.11284374999999999 0.12808333333333333
0 0.2083359375 0.7129583333333334 0.05903125 0.2623472222222222
0 0.3033828125 0.5131111111111111 0.072046875 0.20216666666666666
0 0.37109375 0.584875 0.10677343749999998 0.15431944444444445
0 0.412328125 0.5416666666666666 0.0572890625 0.10184722222222221
0 0.44140625 0.6952222222222222 0.0598984375 0.2361111111111111
0 0.6263046875 0.5833333333333334 0.0703125 0.2283888888888889
0 0.6341171875 0.5385833333333333 0.0442734375 0.2345694444444444
0 0.6961796875 0.5007777777777778 0.0711796875 0.21141666666666667
2 0.14583593749999998 0.4128055555555556 0.060765625000000004 0.1342638888888889
2 0.0833359375 0.4344166666666666 0.064234375 0.14043055555555556
2 0.02690625 0.4537083333333334 0.048609374999999996 0.14197222222222222
2 0.252171875 0.4652777777777778 0.0928828125 0.050930555555555555
2 0.12890625 0.7337916666666667 0.0703125 0.165125
2 0.2005234375 0.6998472222222222 0.0694453125 0.14969444444444444
2 0.267359375 0.6790138888888889 0.06596874999999999 0.15431944444444445
2 0.336375 0.6605 0.0651015625 0.15740277777777778
2 0.3919296875 0.6311666666666667 0.05815625 0.14815277777777777
2 0.455296875 0.6064861111111112 0.0651015625 0.14505555555555555
2 0.51909375 0.5794722222222223 0.05903125 0.1466111111111111
2 0.57378125 0.5594166666666667 0.0538203125 0.14969444444444444
2 0.63325 0.5378055555555556 0.0633671875 0.14351388888888889
2 0.6475703125 0.9243888888888888 0.0677109375 0.1512361111111111
2 0.7157109375 0.9058611111111111 0.0651015625 0.16975
2 0.78125 0.8796250000000001 0.064234375 0.18209722222222224
2 0.84765625 0.8472222222222222 0.06684375000000001 0.17283333333333334
2 0.9145 0.8194444444444444 0.0651015625 0.17283333333333334
2 0.97265625 0.7939861111111111 0.05121875 0.1743888888888889