0 0.2449765625 0.6478194444444445 0.11942187500000001 0.16070833333333331
0 0.24163281250000002 0.5654722222222222 0.083703125 0.15873611111111113
0 0.45200781250000005 0.5119027777777778 0.078125 0.1388888888888889
0 0.489953125 0.5962361111111112 0.0825859375 0.2043611111111111
0 0.560828125 0.48115277777777776 0.10379687500000001 0.13293055555555555
0 0.568078125 0.44643055555555555 0.0691953125 0.12301388888888888
0 0.49553906249999996 0.3968194444444444 0.055804687500000005 0.15079166666666666
0 0.6328125 0.36706944444444445 0.0848203125 0.15079166666666666
2 0.1841484375 0.3194444444444444 0.060265625 0.16269444444444445
2 0.1261171875 0.3472222222222222 0.0580390625 0.16269444444444445
2 0.0669609375 0.3720277777777778 0.064734375 0.15675
2 0.0971015625 0.4970277777777778 0.1004453125 0.07341666666666667
2 0.0379453125 0.5704305555555556 0.0691953125 0.11706944444444445
2 0.306359375 0.7490138888888889 0.0658515625 0.21230555555555558
2 0.368859375 0.7043611111111111 0.052453125 0.19841666666666669
2 0.423546875 0.671625 0.0546875 0.20040277777777776
2 0.482140625 0.6269861111111111 0.060265625 0.202375
2 0.537390625 0.5942500000000001 0.0479921875 0.2043611111111111
2 0.58984375 0.5615138888888889 0.056921875 0.2063472222222222
2 0.6411796875 0.5257916666666667 0.0457578125 0.18651388888888887
2 0.6869453125 0.49504166666666666 0.0435234375 0.20040277777777776
2 0.7354921875 0.46031944444444445 0.049109375 0.18254166666666669