0 0.1674140625 0.6418611111111111 0.0625 0.25595833333333334
0 0.24553906250000002 0.6359166666666667 0.060265625 0.25991666666666663
0 0.3225078125 0.6158888888888889 0.0615234375 0.23633333333333334
0 0.4296875 0.6224027777777777 0.054109375 0.22504166666666667
0 0.522953125 0.6063333333333334 0.0546875 0.2328611111111111
0 0.74365625 0.578125 0.058437499999999996 0.21300000000000002
0 0.661625 0.594625 0.048859375 0.24695833333333334
0 0.5965390625 0.5922638888888889 0.0591484375 0.24008333333333334
2 0.3091484375 0.7668611111111111 0.1026796875 0.18848611111111113
2 0.40736718749999995 0.765875 0.0870546875 0.17856944444444445
2 0.49721093749999995 0.7509861111111111 0.0903984375 0.18055555555555555
2 0.587609375 0.7430555555555556 0.083703125 0.18055555555555555
2 0.673546875 0.7291666666666666 0.083703125 0.172625
2 0.7622734375 0.7192500000000001 0.0892890625 0.18055555555555555
2 0.8515625 0.7123055555555555 0.0848203125 0.18651388888888887
2 0.9391718750000001 0.6964305555555556 0.083703125 0.18651388888888887
2 0.658484375 0.9325416666666666 0.10714062499999999 0.13491666666666666
2 0.7611640625 0.9255972222222222 0.09375 0.14880555555555555
2 0.859375 0.9176527777777779 0.0982109375 0.16468055555555555
2 0.9542421875 0.9107083333333333 0.091515625 0.17856944444444445