0 0.068640625 0.41865277777777776 0.0703125 0.26587500000000003
0 0.23492968749999998 0.6954305555555556 0.061382812499999995 0.2638888888888889
0 0.578125 0.6037361111111111 0.0908828125 0.26411111111111113
0 0.42163281250000006 0.6219583333333334 0.0869140625 0.26540277777777777
0 0.4985390625 0.4340277777777778 0.0523359375 0.227
0 0.55078125 0.4114583333333333 0.047609374999999995 0.2189722222222222
0 0.271765625 0.6329305555555556 0.068078125 0.25397222222222227
2 0.076453125 0.5942500000000001 0.0770078125 0.17658333333333334
2 0.142859375 0.5515833333333333 0.055804687500000005 0.1904722222222222
2 0.196984375 0.5109166666666667 0.052453125 0.1845277777777778
2 0.25 0.4781805555555556 0.0513359375 0.18651388888888887
2 0.357703125 0.48512500000000003 0.1171875 0.13690277777777776
2 0.342078125 0.41468055555555555 0.056921875 0.1547638888888889
2 0.046875 0.7748055555555555 0.0848203125 0.10119444444444445
2 0.662390625 0.8710277777777777 0.056921875 0.2222222222222222
2 0.7176328125 0.8164722222222223 0.0513359375 0.2043611111111111
2 0.7661796875 0.7837361111111111 0.0479921875 0.234125
2 0.8136171875 0.7212361111111111 0.044640625 0.20833333333333334
2 0.8604921875 0.6845277777777778 0.049109375 0.22619444444444448
2 0.91015625 0.6379027777777778 0.0457578125 0.2202361111111111
2 0.9536796875 0.5922638888888889 0.041296875 0.2043611111111111
2 0.9871640625 0.5625 0.025671875 0.20833333333333334