0 0.150671875 0.6696388888888889 0.0691953125 0.24008333333333334
0 0.2511171875 0.672625 0.109375 0.11508333333333333
0 0.3895078125 0.625 0.078125 0.1111111111111111
0 0.47991406249999996 0.6319444444444444 0.055804687500000005 0.22818055555555555
0 0.41350781249999996 0.5099166666666667 0.11272656249999999 0.11904166666666666
0 0.44214062500000006 0.3776111111111111 0.0495 0.15180555555555555
0 0.587890625 0.49956944444444445 0.0646328125 0.20756944444444442
0 0.7036796875 0.49404166666666666 0.072546875 0.2222222222222222
2 0.0546875 0.3759861111111111 0.053570312499999995 0.14880555555555555
2 0.015625 0.4097222222222222 0.03125 0.1527777777777778
2 0.2963203125 0.7857083333333333 0.041296875 0.1904722222222222
2 0.338171875 0.7400833333333333 0.0401796875 0.1745972222222222
2 0.3777890625 0.6974166666666667 0.0346015625 0.16468055555555555
2 0.41517968749999995 0.6607083333333333 0.0379453125 0.16269444444444445
2 0.451453125 0.6170694444444444 0.0323671875 0.1547638888888889
2 0.48772656249999996 0.5843194444444444 0.0379453125 0.16468055555555555
2 0.5239921875 0.5367083333333333 0.0323671875 0.16070833333333331
2 0.5574765625 0.4990138888888889 0.0278984375 0.172625
2 0.58984375 0.46925 0.0346015625 0.14880555555555555