0 0.142296875 0.6507916666666667 0.0591484375 0.2738055555555555
0 0.22321093749999998 0.6140833333333333 0.055804687500000005 0.2678611111111111
0 0.388390625 0.6130972222222222 0.0714296875 0.26190277777777776
0 0.42522656249999996 0.5674583333333333 0.0379453125 0.24206944444444442
0 0.587890625 0.5499166666666666 0.059109375 0.25716666666666665
0 0.74609375 0.5147638888888889 0.050234375 0.2580277777777778
0 0.49365625 0.5559861111111111 0.048765625 0.26063888888888886
0 0.6357421875 0.5112916666666667 0.060757812499999994 0.24197222222222223
2 0.3035703125 0.34325 0.075890625 0.16269444444444445
2 0.22600781250000002 0.36012500000000003 0.0792421875 0.16070833333333331
2 0.1512265625 0.3779722222222222 0.0747734375 0.16468055555555555
2 0.0708671875 0.3879027777777778 0.0814765625 0.1686527777777778
2 0.017859375 0.40575 0.029015625 0.18055555555555555
2 0.03125 0.6269861111111111 0.0580390625 0.17856944444444445
2 0.3599296875 0.5664722222222223 0.083703125 0.19245833333333331
2 0.185265625 0.5863055555555555 0.0848203125 0.17658333333333334
2 0.2739921875 0.5714305555555556 0.0903984375 0.18254166666666669
2 0.1372734375 0.671625 0.127234375 0.041666666666666664
2 0.44140625 0.547625 0.0747734375 0.18254166666666669
2 0.6752265625 0.5019861111111111 0.0848203125 0.1706388888888889
2 0.609375 0.5287638888888888 0.10491406249999999 0.14484722222222224
2 0.43080468749999995 0.8244027777777778 0.091515625 0.19245833333333331
2 0.5245546875 0.8065416666666667 0.0892890625 0.20040277777777776
2 0.61328125 0.7857083333333333 0.083703125 0.1904722222222222
2 0.69921875 0.7688472222222222 0.088171875 0.19245833333333331
2 0.7885078125 0.75 0.0859375 0.19444444444444445
2 0.8744453125 0.7291666666666666 0.083703125 0.19245833333333331
2 0.9587031250000001 0.7083333333333334 0.080359375 0.1904722222222222
2 0.9313593750000001 0.9751944444444445 0.099328125 0.04959722222222222