0 0.228796875 0.5843194444444444 0.0870546875 0.31151388888888887
0 0.271203125 0.5376944444444445 0.0625 0.28175
0 0.332765625 0.47959722222222223 0.0751953125 0.2944861111111111
0 0.37109375 0.43445833333333334 0.051359375 0.2649722222222222
0 0.43774218749999994 0.42209722222222223 0.0647578125 0.2756111111111111
0 0.7251015625 0.43858333333333327 0.0833125 0.24740277777777778
0 0.6064453125 0.44379166666666664 0.0625625 0.254125
0 0.7763671875 0.418625 0.0701875 0.2615
2 0.068078125 0.19345833333333332 0.075890625 0.172625
2 0.1484375 0.1706388888888889 0.080359375 0.15873611111111113
2 0.0189765625 0.47123611111111113 0.0357109375 0.19245833333333331
2 0.0825859375 0.4543611111111111 0.0848203125 0.18254166666666669
2 0.169640625 0.4305555555555556 0.080359375 0.17856944444444445
2 0.255578125 0.4136944444444445 0.080359375 0.18055555555555555
2 0.3403984375 0.3888888888888889 0.0825859375 0.1904722222222222
2 0.42299218749999995 0.3740138888888889 0.078125 0.20040277777777776
2 0.5005546875 0.35515277777777776 0.072546875 0.18254166666666669
2 0.5792421875 0.3363055555555555 0.0825859375 0.1845277777777778
2 0.3917421875 0.7152777777777778 0.095984375 0.2043611111111111
2 0.484375 0.6875 0.0870546875 0.2043611111111111
2 0.57421875 0.6666666666666666 0.0859375 0.21031944444444445
2 0.6629453125 0.6428611111111111 0.0892890625 0.19444444444444445
2 0.7533515625 0.6200416666666667 0.0848203125 0.19643055555555555
2 0.8392890625 0.5952361111111111 0.0825859375 0.202375
2 0.9235468750000001 0.5734166666666667 0.0814765625 0.19841666666666669
2 0.9827031249999999 0.5515833333333333 0.0346015625 0.21031944444444445
2 0.9575859375 0.935513888888889 0.0848203125 0.1289722222222222