0 0.1796875 0.7222222222222222 0.060265625 0.21429166666666666
0 0.244421875 0.7093194444444444 0.0513359375 0.2043611111111111
0 0.34765625 0.7113055555555555 0.0546875 0.20833333333333334
0 0.40736718749999995 0.6875 0.044640625 0.2202361111111111
0 0.48492968750000004 0.6775833333333333 0.056921875 0.19643055555555555
0 0.7880859375 0.6384583333333333 0.051359375 0.19065277777777778
0 0.6430703125 0.663625 0.0634765625 0.19336111111111112
0 0.546390625 0.6658055555555555 0.0451015625 0.19065277777777778
0 0.72265625 0.6527777777777778 0.0531015625 0.18804166666666663
2 0.43080468749999995 0.8829305555555556 0.0870546875 0.15873611111111113
2 0.515625 0.875 0.080359375 0.16269444444444445
2 0.5982109375 0.8630972222222222 0.080359375 0.15873611111111113
2 0.678015625 0.8511944444444445 0.0792421875 0.1547638888888889
2 0.759484375 0.8432499999999999 0.0859375 0.16269444444444445
2 0.8426328125 0.8333333333333334 0.0825859375 0.15873611111111113
2 0.9241093749999999 0.8224166666666667 0.080359375 0.16070833333333331
2 0.9821406250000001 0.8174583333333334 0.0357109375 0.1547638888888889
2 0.7494453125 0.9821388888888889 0.0859375 0.035708333333333335
2 0.8392890625 0.9791666666666666 0.091515625 0.041666666666666664
2 0.9313593750000001 0.9732083333333333 0.0903984375 0.05356944444444445