0 0.1411796875 0.5129027777777778 0.0859375 0.13690277777777776
0 0.240515625 0.49801388888888887 0.0903984375 0.10318055555555557
0 0.3565859375 0.5535694444444444 0.088171875 0.202375
0 0.3950859375 0.4791666666666667 0.09375 0.10119444444444445
0 0.5089296875 0.49504166666666666 0.0848203125 0.17658333333333334
0 0.59375 0.5109166666666667 0.0580390625 0.2043611111111111
0 0.666296875 0.4444444444444444 0.0714296875 0.13491666666666666
0 0.7193046875 0.4126944444444444 0.061382812499999995 0.1071388888888889
0 0.7996640625 0.41865277777777776 0.088171875 0.11904166666666666
2 0.0971015625 0.22718055555555555 0.0669609375 0.14484722222222224
2 0.0340390625 0.234125 0.0591484375 0.1428611111111111
2 0.0435234375 0.4166666666666667 0.075890625 0.15873611111111113
2 0.12109375 0.4077361111111111 0.0792421875 0.1527777777777778
2 0.1981015625 0.3918611111111111 0.0747734375 0.14484722222222224
2 0.295203125 0.44741666666666663 0.0948671875 0.05356944444444445
2 0.44140625 0.43154166666666666 0.0814765625 0.057541666666666665
2 0.1495546875 0.6259861111111111 0.0825859375 0.16468055555555555
2 0.2332578125 0.609125 0.080359375 0.16269444444444445
2 0.3158515625 0.5952361111111111 0.0825859375 0.1547638888888889
2 0.3995546875 0.578375 0.0825859375 0.15675
2 0.48046875 0.5625 0.0792421875 0.15675
2 0.5591484375 0.5505972222222222 0.078125 0.1527777777777778
2 0.63671875 0.5347222222222222 0.0770078125 0.15675
2 0.7159609375 0.5188472222222222 0.0792421875 0.1527777777777778
2 0.79296875 0.5099166666666667 0.0747734375 0.1547638888888889
2 0.552453125 0.8254027777777777 0.0870546875 0.1745972222222222
2 0.640625 0.8045694444444444 0.0870546875 0.17658333333333334
2 0.7293515625 0.7876944444444445 0.0859375 0.1745972222222222
2 0.8158515625 0.7698472222222221 0.0870546875 0.1706388888888889
2 0.90234375 0.751986111111111 0.0859375 0.1745972222222222
2 0.9737734375 0.7400833333333333 0.052453125 0.1745972222222222